-1.000000000000000000e+00 -1.000000000000000000e+00 -1.000000000000000000e+00 -1.000000000000000000e+00 -1.000000000000000000e+00 -1.000000000000000000e+00 -1.000000000000000000e+00 -1.000000000000000000e+00 -1.000000000000000000e+00 -1.000000000000000000e+00
9.570000000000000284e+00 -1.000000000000000000e+00 3.569999999999999840e+00 5.639999999999999680e+00 -1.000000000000000000e+00 -1.000000000000000000e+00 1.034999999999999964e+01 4.910000000000000142e+00 1.383000000000000007e+01 1.144999999999999929e+01
9.570000000000000284e+00 -1.000000000000000000e+00 3.600000000000000089e+00 5.669999999999999929e+00 -1.000000000000000000e+00 -1.000000000000000000e+00 1.027999999999999936e+01 4.900000000000000355e+00 1.382000000000000028e+01 1.141999999999999993e+01
9.589999999999999858e+00 -1.000000000000000000e+00 3.549999999999999822e+00 5.660000000000000142e+00 -1.000000000000000000e+00 -1.000000000000000000e+00 1.023000000000000043e+01 4.969999999999999751e+00 1.381000000000000050e+01 1.141999999999999993e+01
9.679999999999999716e+00 -1.000000000000000000e+00 3.609999999999999876e+00 5.639999999999999680e+00 -1.000000000000000000e+00 -1.000000000000000000e+00 1.024000000000000021e+01 4.910000000000000142e+00 1.382000000000000028e+01 1.141000000000000014e+01
9.599999999999999645e+00 -1.000000000000000000e+00 3.600000000000000089e+00 5.629999999999999893e+00 -1.000000000000000000e+00 -1.000000000000000000e+00 1.033000000000000007e+01 4.919999999999999929e+00 1.390000000000000036e+01 1.143999999999999950e+01
9.640000000000000568e+00 -1.000000000000000000e+00 3.580000000000000071e+00 5.650000000000000355e+00 -1.000000000000000000e+00 -1.000000000000000000e+00 1.031000000000000050e+01 4.969999999999999751e+00 1.391000000000000014e+01 1.143999999999999950e+01
9.640000000000000568e+00 -1.000000000000000000e+00 3.560000000000000053e+00 5.650000000000000355e+00 -1.000000000000000000e+00 -1.000000000000000000e+00 1.025999999999999979e+01 4.919999999999999929e+00 1.382000000000000028e+01 1.142999999999999972e+01
9.589999999999999858e+00 -1.000000000000000000e+00 3.640000000000000124e+00 5.629999999999999893e+00 -1.000000000000000000e+00 -1.000000000000000000e+00 1.025999999999999979e+01 4.959999999999999964e+00 1.376999999999999957e+01 1.143999999999999950e+01
9.619999999999999218e+00 -1.000000000000000000e+00 3.580000000000000071e+00 5.650000000000000355e+00 -1.000000000000000000e+00 -1.000000000000000000e+00 1.026999999999999957e+01 4.950000000000000178e+00 1.386999999999999922e+01 1.141999999999999993e+01
9.599999999999999645e+00 -1.000000000000000000e+00 3.640000000000000124e+00 5.620000000000000107e+00 -1.000000000000000000e+00 -1.000000000000000000e+00 1.028999999999999915e+01 4.990000000000000213e+00 1.382000000000000028e+01 1.142999999999999972e+01
9.619999999999999218e+00 -1.000000000000000000e+00 3.560000000000000053e+00 5.660000000000000142e+00 -1.000000000000000000e+00 -1.000000000000000000e+00 1.026999999999999957e+01 4.910000000000000142e+00 1.388000000000000078e+01 1.142999999999999972e+01
9.599999999999999645e+00 -1.000000000000000000e+00 3.640000000000000124e+00 5.650000000000000355e+00 -1.000000000000000000e+00 -1.000000000000000000e+00 0.000000000000000000e+00 4.910000000000000142e+00 -1.000000000000000000e+00 6.290000000000000036e+00
9.619999999999999218e+00 -1.000000000000000000e+00 3.589999999999999858e+00 5.610000000000000320e+00 -1.000000000000000000e+00 -1.000000000000000000e+00 1.026999999999999957e+01 4.969999999999999751e+00 -1.000000000000000000e+00 0.000000000000000000e+00
9.589999999999999858e+00 -1.000000000000000000e+00 3.609999999999999876e+00 5.639999999999999680e+00 -1.000000000000000000e+00 -1.000000000000000000e+00 1.026999999999999957e+01 4.919999999999999929e+00 1.384999999999999964e+01 1.141999999999999993e+01
9.580000000000000071e+00 -1.000000000000000000e+00 3.560000000000000053e+00 5.629999999999999893e+00 -1.000000000000000000e+00 -1.000000000000000000e+00 1.025999999999999979e+01 4.910000000000000142e+00 1.386999999999999922e+01 1.139000000000000057e+01
9.609999999999999432e+00 -1.000000000000000000e+00 3.600000000000000089e+00 5.650000000000000355e+00 -1.000000000000000000e+00 -1.000000000000000000e+00 1.021000000000000085e+01 4.990000000000000213e+00 1.385999999999999943e+01 1.141999999999999993e+01
9.599999999999999645e+00 -1.000000000000000000e+00 3.600000000000000089e+00 5.610000000000000320e+00 -1.000000000000000000e+00 -1.000000000000000000e+00 1.025000000000000000e+01 4.959999999999999964e+00 1.390000000000000036e+01 1.146000000000000085e+01
9.669999999999999929e+00 -1.000000000000000000e+00 3.580000000000000071e+00 5.660000000000000142e+00 -1.000000000000000000e+00 -1.000000000000000000e+00 1.026999999999999957e+01 4.910000000000000142e+00 1.385999999999999943e+01 1.144999999999999929e+01
9.609999999999999432e+00 -1.000000000000000000e+00 3.560000000000000053e+00 5.660000000000000142e+00 -1.000000000000000000e+00 -1.000000000000000000e+00 1.026999999999999957e+01 4.929999999999999716e+00 1.385999999999999943e+01 1.141999999999999993e+01
9.609999999999999432e+00 -1.000000000000000000e+00 3.640000000000000124e+00 5.660000000000000142e+00 -1.000000000000000000e+00 -1.000000000000000000e+00 1.026999999999999957e+01 4.929999999999999716e+00 1.390000000000000036e+01 1.144999999999999929e+01
9.570000000000000284e+00 -1.000000000000000000e+00 3.560000000000000053e+00 5.650000000000000355e+00 -1.000000000000000000e+00 -1.000000000000000000e+00 1.025000000000000000e+01 4.959999999999999964e+00 1.384999999999999964e+01 1.143999999999999950e+01
9.650000000000000355e+00 -1.000000000000000000e+00 3.520000000000000018e+00 5.650000000000000355e+00 -1.000000000000000000e+00 -1.000000000000000000e+00 1.030000000000000071e+01 5.000000000000000000e+00 1.383999999999999986e+01 1.144999999999999929e+01
9.599999999999999645e+00 -1.000000000000000000e+00 3.560000000000000053e+00 5.620000000000000107e+00 -1.000000000000000000e+00 -1.000000000000000000e+00 1.030000000000000071e+01 4.929999999999999716e+00 1.388000000000000078e+01 1.140000000000000036e+01
9.630000000000000782e+00 -1.000000000000000000e+00 3.620000000000000107e+00 5.660000000000000142e+00 -1.000000000000000000e+00 -1.000000000000000000e+00 -1.000000000000000000e+00 4.940000000000000391e+00 1.384999999999999964e+01 1.142999999999999972e+01
9.669999999999999929e+00 -1.000000000000000000e+00 3.520000000000000018e+00 5.639999999999999680e+00 -1.000000000000000000e+00 -1.000000000000000000e+00 1.024000000000000021e+01 4.969999999999999751e+00 1.383000000000000007e+01 1.141000000000000014e+01
9.630000000000000782e+00 -1.000000000000000000e+00 3.490000000000000213e+00 5.639999999999999680e+00 -1.000000000000000000e+00 -1.000000000000000000e+00 1.018999999999999950e+01 4.969999999999999751e+00 1.383000000000000007e+01 1.142999999999999972e+01
9.650000000000000355e+00 -1.000000000000000000e+00 3.620000000000000107e+00 5.629999999999999893e+00 -1.000000000000000000e+00 -1.000000000000000000e+00 1.027999999999999936e+01 4.959999999999999964e+00 1.382000000000000028e+01 1.138000000000000078e+01
9.669999999999999929e+00 -1.000000000000000000e+00 3.509999999999999787e+00 5.639999999999999680e+00 -1.000000000000000000e+00 -1.000000000000000000e+00 1.022000000000000064e+01 4.940000000000000391e+00 1.383999999999999986e+01 1.139000000000000057e+01
9.619999999999999218e+00 -1.000000000000000000e+00 3.629999999999999893e+00 5.639999999999999680e+00 -1.000000000000000000e+00 -1.000000000000000000e+00 1.025999999999999979e+01 4.900000000000000355e+00 1.383000000000000007e+01 1.141000000000000014e+01
9.599999999999999645e+00 -1.000000000000000000e+00 3.640000000000000124e+00 5.629999999999999893e+00 -1.000000000000000000e+00 -1.000000000000000000e+00 1.027999999999999936e+01 4.959999999999999964e+00 1.372000000000000064e+01 1.143999999999999950e+01
9.599999999999999645e+00 -1.000000000000000000e+00 3.549999999999999822e+00 5.629999999999999893e+00 -1.000000000000000000e+00 -1.000000000000000000e+00 1.025000000000000000e+01 4.969999999999999751e+00 1.383999999999999986e+01 1.143999999999999950e+01
9.660000000000000142e+00 -1.000000000000000000e+00 3.620000000000000107e+00 5.639999999999999680e+00 -1.000000000000000000e+00 -1.000000000000000000e+00 1.023000000000000043e+01 4.990000000000000213e+00 1.382000000000000028e+01 1.141999999999999993e+01
9.650000000000000355e+00 -1.000000000000000000e+00 3.540000000000000036e+00 5.669999999999999929e+00 -1.000000000000000000e+00 -1.000000000000000000e+00 1.024000000000000021e+01 4.990000000000000213e+00 1.378999999999999915e+01 1.142999999999999972e+01
9.660000000000000142e+00 -1.000000000000000000e+00 3.560000000000000053e+00 5.629999999999999893e+00 -1.000000000000000000e+00 -1.000000000000000000e+00 1.024000000000000021e+01 5.049999999999999822e+00 1.384999999999999964e+01 1.142999999999999972e+01
9.630000000000000782e+00 -1.000000000000000000e+00 3.569999999999999840e+00 5.669999999999999929e+00 -1.000000000000000000e+00 -1.000000000000000000e+00 1.032000000000000028e+01 4.969999999999999751e+00 1.381000000000000050e+01 1.143999999999999950e+01
9.550000000000000711e+00 -1.000000000000000000e+00 3.609999999999999876e+00 5.639999999999999680e+00 -1.000000000000000000e+00 -1.000000000000000000e+00 1.026999999999999957e+01 4.959999999999999964e+00 1.385999999999999943e+01 1.146000000000000085e+01
9.599999999999999645e+00 -1.000000000000000000e+00 3.589999999999999858e+00 5.669999999999999929e+00 -1.000000000000000000e+00 -1.000000000000000000e+00 1.027999999999999936e+01 4.990000000000000213e+00 1.388000000000000078e+01 1.146000000000000085e+01
9.599999999999999645e+00 -1.000000000000000000e+00 3.529999999999999805e+00 5.679999999999999716e+00 -1.000000000000000000e+00 -1.000000000000000000e+00 1.026999999999999957e+01 4.959999999999999964e+00 1.382000000000000028e+01 1.144999999999999929e+01
9.630000000000000782e+00 -1.000000000000000000e+00 3.600000000000000089e+00 5.650000000000000355e+00 -1.000000000000000000e+00 -1.000000000000000000e+00 1.026999999999999957e+01 4.940000000000000391e+00 1.384999999999999964e+01 1.143999999999999950e+01
9.609999999999999432e+00 -1.000000000000000000e+00 3.600000000000000089e+00 5.639999999999999680e+00 -1.000000000000000000e+00 -1.000000000000000000e+00 1.022000000000000064e+01 4.959999999999999964e+00 1.378999999999999915e+01 1.146000000000000085e+01
9.650000000000000355e+00 -1.000000000000000000e+00 3.520000000000000018e+00 5.639999999999999680e+00 -1.000000000000000000e+00 -1.000000000000000000e+00 1.027999999999999936e+01 -1.000000000000000000e+00 1.386999999999999922e+01 1.144999999999999929e+01
9.609999999999999432e+00 -1.000000000000000000e+00 3.540000000000000036e+00 5.639999999999999680e+00 -1.000000000000000000e+00 -1.000000000000000000e+00 1.027999999999999936e+01 4.950000000000000178e+00 1.378999999999999915e+01 1.141999999999999993e+01
9.619999999999999218e+00 -1.000000000000000000e+00 3.569999999999999840e+00 5.650000000000000355e+00 -1.000000000000000000e+00 -1.000000000000000000e+00 1.026999999999999957e+01 4.959999999999999964e+00 1.385999999999999943e+01 1.142999999999999972e+01
9.650000000000000355e+00 -1.000000000000000000e+00 3.569999999999999840e+00 5.679999999999999716e+00 -1.000000000000000000e+00 -1.000000000000000000e+00 1.025000000000000000e+01 4.919999999999999929e+00 1.382000000000000028e+01 1.143999999999999950e+01
9.660000000000000142e+00 -1.000000000000000000e+00 3.529999999999999805e+00 5.669999999999999929e+00 -1.000000000000000000e+00 -1.000000000000000000e+00 1.025000000000000000e+01 4.889999999999999680e+00 1.383000000000000007e+01 1.143999999999999950e+01
9.599999999999999645e+00 -1.000000000000000000e+00 3.549999999999999822e+00 5.690000000000000391e+00 -1.000000000000000000e+00 -1.000000000000000000e+00 1.023000000000000043e+01 4.889999999999999680e+00 1.383000000000000007e+01 1.143999999999999950e+01
9.609999999999999432e+00 -1.000000000000000000e+00 3.589999999999999858e+00 5.679999999999999716e+00 -1.000000000000000000e+00 -1.000000000000000000e+00 1.030000000000000071e+01 4.900000000000000355e+00 1.382000000000000028e+01 1.142999999999999972e+01
9.599999999999999645e+00 -1.000000000000000000e+00 3.540000000000000036e+00 5.620000000000000107e+00 -1.000000000000000000e+00 -1.000000000000000000e+00 1.025000000000000000e+01 4.889999999999999680e+00 1.391999999999999993e+01 1.141999999999999993e+01
9.599999999999999645e+00 -1.000000000000000000e+00 3.589999999999999858e+00 5.639999999999999680e+00 -1.000000000000000000e+00 -1.000000000000000000e+00 1.023000000000000043e+01 4.910000000000000142e+00 1.381000000000000050e+01 1.141999999999999993e+01
9.679999999999999716e+00 -1.000000000000000000e+00 3.609999999999999876e+00 5.660000000000000142e+00 -1.000000000000000000e+00 -1.000000000000000000e+00 1.025000000000000000e+01 4.950000000000000178e+00 1.375999999999999979e+01 1.139000000000000057e+01
9.589999999999999858e+00 -1.000000000000000000e+00 3.569999999999999840e+00 5.629999999999999893e+00 -1.000000000000000000e+00 -1.000000000000000000e+00 1.033999999999999986e+01 4.959999999999999964e+00 1.384999999999999964e+01 1.142999999999999972e+01
9.640000000000000568e+00 -1.000000000000000000e+00 3.549999999999999822e+00 5.650000000000000355e+00 -1.000000000000000000e+00 -1.000000000000000000e+00 1.028999999999999915e+01 4.910000000000000142e+00 1.382000000000000028e+01 1.142999999999999972e+01
9.609999999999999432e+00 -1.000000000000000000e+00 3.540000000000000036e+00 5.660000000000000142e+00 -1.000000000000000000e+00 -1.000000000000000000e+00 1.021000000000000085e+01 4.929999999999999716e+00 1.378999999999999915e+01 1.141999999999999993e+01
9.589999999999999858e+00 -1.000000000000000000e+00 3.589999999999999858e+00 5.639999999999999680e+00 -1.000000000000000000e+00 -1.000000000000000000e+00 1.033000000000000007e+01 4.940000000000000391e+00 1.382000000000000028e+01 1.143999999999999950e+01
9.630000000000000782e+00 -1.000000000000000000e+00 3.529999999999999805e+00 5.639999999999999680e+00 -1.000000000000000000e+00 -1.000000000000000000e+00 1.030000000000000071e+01 4.900000000000000355e+00 1.378999999999999915e+01 1.142999999999999972e+01
9.630000000000000782e+00 -1.000000000000000000e+00 3.549999999999999822e+00 5.629999999999999893e+00 -1.000000000000000000e+00 -1.000000000000000000e+00 1.033000000000000007e+01 4.940000000000000391e+00 1.378999999999999915e+01 1.149000000000000021e+01
9.630000000000000782e+00 -1.000000000000000000e+00 3.620000000000000107e+00 5.629999999999999893e+00 -1.000000000000000000e+00 -1.000000000000000000e+00 1.027999999999999936e+01 4.959999999999999964e+00 1.384999999999999964e+01 1.141000000000000014e+01
9.619999999999999218e+00 -1.000000000000000000e+00 3.540000000000000036e+00 5.650000000000000355e+00 -1.000000000000000000e+00 -1.000000000000000000e+00 1.022000000000000064e+01 4.910000000000000142e+00 1.382000000000000028e+01 1.141000000000000014e+01
9.599999999999999645e+00 -1.000000000000000000e+00 3.620000000000000107e+00 5.650000000000000355e+00 -1.000000000000000000e+00 -1.000000000000000000e+00 1.021000000000000085e+01 4.959999999999999964e+00 1.383000000000000007e+01 1.146000000000000085e+01
9.640000000000000568e+00 -1.000000000000000000e+00 3.549999999999999822e+00 5.639999999999999680e+00 -1.000000000000000000e+00 -1.000000000000000000e+00 1.025000000000000000e+01 4.919999999999999929e+00 1.383000000000000007e+01 1.143999999999999950e+01
9.599999999999999645e+00 -1.000000000000000000e+00 3.589999999999999858e+00 5.620000000000000107e+00 -1.000000000000000000e+00 -1.000000000000000000e+00 1.031000000000000050e+01 4.870000000000000107e+00 1.382000000000000028e+01 1.142999999999999972e+01
9.630000000000000782e+00 -1.000000000000000000e+00 3.640000000000000124e+00 5.669999999999999929e+00 -1.000000000000000000e+00 -1.000000000000000000e+00 1.024000000000000021e+01 4.990000000000000213e+00 1.386999999999999922e+01 1.142999999999999972e+01
9.619999999999999218e+00 -1.000000000000000000e+00 3.560000000000000053e+00 5.660000000000000142e+00 -1.000000000000000000e+00 -1.000000000000000000e+00 1.024000000000000021e+01 4.950000000000000178e+00 1.386999999999999922e+01 1.143999999999999950e+01
9.660000000000000142e+00 -1.000000000000000000e+00 3.580000000000000071e+00 5.660000000000000142e+00 -1.000000000000000000e+00 -1.000000000000000000e+00 1.024000000000000021e+01 4.910000000000000142e+00 1.386999999999999922e+01 1.141999999999999993e+01
9.679999999999999716e+00 -1.000000000000000000e+00 3.540000000000000036e+00 5.660000000000000142e+00 -1.000000000000000000e+00 -1.000000000000000000e+00 1.026999999999999957e+01 4.940000000000000391e+00 1.383999999999999986e+01 1.142999999999999972e+01
9.699999999999999289e+00 -1.000000000000000000e+00 3.549999999999999822e+00 5.639999999999999680e+00 -1.000000000000000000e+00 -1.000000000000000000e+00 1.025000000000000000e+01 -1.000000000000000000e+00 1.386999999999999922e+01 1.139000000000000057e+01
9.630000000000000782e+00 -1.000000000000000000e+00 3.560000000000000053e+00 5.660000000000000142e+00 -1.000000000000000000e+00 -1.000000000000000000e+00 1.026999999999999957e+01 4.969999999999999751e+00 1.384999999999999964e+01 1.146000000000000085e+01
9.660000000000000142e+00 -1.000000000000000000e+00 3.540000000000000036e+00 5.639999999999999680e+00 -1.000000000000000000e+00 -1.000000000000000000e+00 1.028999999999999915e+01 4.969999999999999751e+00 1.383000000000000007e+01 1.139000000000000057e+01
9.669999999999999929e+00 -1.000000000000000000e+00 3.589999999999999858e+00 5.639999999999999680e+00 -1.000000000000000000e+00 -1.000000000000000000e+00 1.030000000000000071e+01 4.959999999999999964e+00 1.381000000000000050e+01 1.142999999999999972e+01
9.660000000000000142e+00 -1.000000000000000000e+00 3.569999999999999840e+00 5.610000000000000320e+00 -1.000000000000000000e+00 -1.000000000000000000e+00 1.023000000000000043e+01 4.950000000000000178e+00 1.382000000000000028e+01 1.141999999999999993e+01
9.650000000000000355e+00 -1.000000000000000000e+00 3.569999999999999840e+00 5.620000000000000107e+00 -1.000000000000000000e+00 -1.000000000000000000e+00 1.030000000000000071e+01 4.919999999999999929e+00 1.378999999999999915e+01 1.141000000000000014e+01
9.640000000000000568e+00 -1.000000000000000000e+00 3.560000000000000053e+00 5.639999999999999680e+00 -1.000000000000000000e+00 -1.000000000000000000e+00 1.024000000000000021e+01 4.919999999999999929e+00 1.389000000000000057e+01 1.143999999999999950e+01
9.669999999999999929e+00 -1.000000000000000000e+00 3.600000000000000089e+00 5.639999999999999680e+00 -1.000000000000000000e+00 -1.000000000000000000e+00 1.030000000000000071e+01 4.969999999999999751e+00 1.378999999999999915e+01 1.141999999999999993e+01
9.599999999999999645e+00 -1.000000000000000000e+00 3.589999999999999858e+00 5.639999999999999680e+00 -1.000000000000000000e+00 -1.000000000000000000e+00 1.025999999999999979e+01 4.940000000000000391e+00 1.383999999999999986e+01 1.141999999999999993e+01
9.599999999999999645e+00 -1.000000000000000000e+00 3.540000000000000036e+00 5.660000000000000142e+00 -1.000000000000000000e+00 -1.000000000000000000e+00 1.026999999999999957e+01 4.959999999999999964e+00 1.391999999999999993e+01 1.141999999999999993e+01
9.640000000000000568e+00 -1.000000000000000000e+00 3.640000000000000124e+00 5.690000000000000391e+00 -1.000000000000000000e+00 -1.000000000000000000e+00 1.023000000000000043e+01 4.969999999999999751e+00 1.378999999999999915e+01 1.141000000000000014e+01
9.599999999999999645e+00 -1.000000000000000000e+00 3.660000000000000142e+00 5.650000000000000355e+00 -1.000000000000000000e+00 -1.000000000000000000e+00 1.025999999999999979e+01 4.910000000000000142e+00 1.390000000000000036e+01 1.143999999999999950e+01
9.609999999999999432e+00 -1.000000000000000000e+00 3.560000000000000053e+00 5.629999999999999893e+00 -1.000000000000000000e+00 -1.000000000000000000e+00 1.030000000000000071e+01 4.969999999999999751e+00 1.377999999999999936e+01 1.146000000000000085e+01
9.669999999999999929e+00 -1.000000000000000000e+00 3.620000000000000107e+00 5.669999999999999929e+00 -1.000000000000000000e+00 -1.000000000000000000e+00 1.025999999999999979e+01 4.959999999999999964e+00 1.383999999999999986e+01 1.141000000000000014e+01
9.619999999999999218e+00 -1.000000000000000000e+00 3.660000000000000142e+00 5.690000000000000391e+00 -1.000000000000000000e+00 -1.000000000000000000e+00 1.022000000000000064e+01 4.969999999999999751e+00 1.385999999999999943e+01 1.141000000000000014e+01
9.619999999999999218e+00 -1.000000000000000000e+00 3.580000000000000071e+00 5.669999999999999929e+00 -1.000000000000000000e+00 -1.000000000000000000e+00 1.025000000000000000e+01 4.900000000000000355e+00 1.383999999999999986e+01 1.141000000000000014e+01
9.619999999999999218e+00 -1.000000000000000000e+00 3.600000000000000089e+00 5.700000000000000178e+00 -1.000000000000000000e+00 -1.000000000000000000e+00 1.038000000000000078e+01 4.969999999999999751e+00 1.388000000000000078e+01 1.141000000000000014e+01
9.599999999999999645e+00 -1.000000000000000000e+00 3.589999999999999858e+00 5.709999999999999964e+00 -1.000000000000000000e+00 -1.000000000000000000e+00 1.018999999999999950e+01 5.000000000000000000e+00 1.386999999999999922e+01 1.142999999999999972e+01
9.619999999999999218e+00 -1.000000000000000000e+00 3.560000000000000053e+00 5.669999999999999929e+00 -1.000000000000000000e+00 -1.000000000000000000e+00 1.027999999999999936e+01 4.959999999999999964e+00 1.383000000000000007e+01 1.144999999999999929e+01
9.669999999999999929e+00 -1.000000000000000000e+00 3.640000000000000124e+00 5.709999999999999964e+00 -1.000000000000000000e+00 -1.000000000000000000e+00 1.027999999999999936e+01 4.950000000000000178e+00 1.380000000000000071e+01 1.143999999999999950e+01
9.609999999999999432e+00 -1.000000000000000000e+00 3.620000000000000107e+00 5.709999999999999964e+00 -1.000000000000000000e+00 -1.000000000000000000e+00 1.033000000000000007e+01 4.910000000000000142e+00 1.383999999999999986e+01 1.142999999999999972e+01
9.619999999999999218e+00 -1.000000000000000000e+00 3.609999999999999876e+00 5.629999999999999893e+00 -1.000000000000000000e+00 -1.000000000000000000e+00 1.027999999999999936e+01 4.900000000000000355e+00 1.386999999999999922e+01 1.142999999999999972e+01
9.609999999999999432e+00 -1.000000000000000000e+00 3.580000000000000071e+00 5.660000000000000142e+00 -1.000000000000000000e+00 -1.000000000000000000e+00 1.025999999999999979e+01 4.969999999999999751e+00 1.380000000000000071e+01 1.142999999999999972e+01
9.589999999999999858e+00 -1.000000000000000000e+00 3.549999999999999822e+00 5.639999999999999680e+00 -1.000000000000000000e+00 -1.000000000000000000e+00 1.025999999999999979e+01 4.940000000000000391e+00 1.381000000000000050e+01 1.141000000000000014e+01
9.609999999999999432e+00 -1.000000000000000000e+00 3.620000000000000107e+00 5.660000000000000142e+00 -1.000000000000000000e+00 -1.000000000000000000e+00 1.024000000000000021e+01 4.940000000000000391e+00 1.382000000000000028e+01 1.140000000000000036e+01
9.589999999999999858e+00 -1.000000000000000000e+00 3.580000000000000071e+00 5.629999999999999893e+00 -1.000000000000000000e+00 -1.000000000000000000e+00 1.026999999999999957e+01 4.940000000000000391e+00 1.382000000000000028e+01 1.141999999999999993e+01
9.660000000000000142e+00 -1.000000000000000000e+00 3.569999999999999840e+00 5.679999999999999716e+00 -1.000000000000000000e+00 -1.000000000000000000e+00 1.026999999999999957e+01 4.940000000000000391e+00 1.381000000000000050e+01 -1.000000000000000000e+00
9.640000000000000568e+00 -1.000000000000000000e+00 3.540000000000000036e+00 5.620000000000000107e+00 -1.000000000000000000e+00 -1.000000000000000000e+00 1.026999999999999957e+01 4.959999999999999964e+00 1.383999999999999986e+01 1.144999999999999929e+01
9.609999999999999432e+00 -1.000000000000000000e+00 3.620000000000000107e+00 5.660000000000000142e+00 -1.000000000000000000e+00 -1.000000000000000000e+00 1.032000000000000028e+01 4.910000000000000142e+00 1.383999999999999986e+01 1.147000000000000064e+01
9.669999999999999929e+00 -1.000000000000000000e+00 3.609999999999999876e+00 5.639999999999999680e+00 -1.000000000000000000e+00 -1.000000000000000000e+00 1.027999999999999936e+01 4.919999999999999929e+00 1.377999999999999936e+01 1.142999999999999972e+01
9.619999999999999218e+00 -1.000000000000000000e+00 3.529999999999999805e+00 5.629999999999999893e+00 -1.000000000000000000e+00 -1.000000000000000000e+00 1.024000000000000021e+01 4.959999999999999964e+00 1.383000000000000007e+01 1.141000000000000014e+01
9.650000000000000355e+00 -1.000000000000000000e+00 3.569999999999999840e+00 5.669999999999999929e+00 -1.000000000000000000e+00 -1.000000000000000000e+00 1.027999999999999936e+01 4.980000000000000426e+00 1.381000000000000050e+01 1.144999999999999929e+01
9.640000000000000568e+00 -1.000000000000000000e+00 3.580000000000000071e+00 5.650000000000000355e+00 -1.000000000000000000e+00 -1.000000000000000000e+00 1.025000000000000000e+01 4.910000000000000142e+00 1.380000000000000071e+01 1.141999999999999993e+01
9.679999999999999716e+00 -1.000000000000000000e+00 3.549999999999999822e+00 5.639999999999999680e+00 -1.000000000000000000e+00 -1.000000000000000000e+00 1.030000000000000071e+01 4.910000000000000142e+00 1.382000000000000028e+01 1.135999999999999943e+01
