-1.000000000000000000e+00 -1.000000000000000000e+00 -1.000000000000000000e+00 -1.000000000000000000e+00 -1.000000000000000000e+00 -1.000000000000000000e+00 -1.000000000000000000e+00 -1.000000000000000000e+00 -1.000000000000000000e+00 -1.000000000000000000e+00
-1.000000000000000000e+00 1.375999999999999979e+01 -1.000000000000000000e+00 1.490000000000000036e+01 -1.000000000000000000e+00 8.849999999999999645e+00 5.370000000000000107e+00 1.028999999999999915e+01 -1.000000000000000000e+00 4.320000000000000284e+00
-1.000000000000000000e+00 1.374000000000000021e+01 1.685000000000000142e+01 1.483000000000000007e+01 -1.000000000000000000e+00 8.820000000000000284e+00 5.370000000000000107e+00 1.023000000000000043e+01 -1.000000000000000000e+00 4.299999999999999822e+00
-1.000000000000000000e+00 1.375999999999999979e+01 1.687999999999999901e+01 1.483999999999999986e+01 -1.000000000000000000e+00 8.839999999999999858e+00 5.410000000000000142e+00 1.027999999999999936e+01 -1.000000000000000000e+00 4.330000000000000071e+00
1.457000000000000028e+01 1.374000000000000021e+01 1.687999999999999901e+01 1.488000000000000078e+01 -1.000000000000000000e+00 8.869999999999999218e+00 5.400000000000000355e+00 1.026999999999999957e+01 -1.000000000000000000e+00 4.360000000000000320e+00
-1.000000000000000000e+00 1.381000000000000050e+01 1.678999999999999915e+01 1.494999999999999929e+01 -1.000000000000000000e+00 8.810000000000000497e+00 5.429999999999999716e+00 1.027999999999999936e+01 -1.000000000000000000e+00 4.299999999999999822e+00
1.467999999999999972e+01 1.374000000000000021e+01 -1.000000000000000000e+00 1.483000000000000007e+01 -1.000000000000000000e+00 8.839999999999999858e+00 5.400000000000000355e+00 1.027999999999999936e+01 -1.000000000000000000e+00 4.370000000000000107e+00
-1.000000000000000000e+00 1.374000000000000021e+01 1.680999999999999872e+01 1.488000000000000078e+01 -1.000000000000000000e+00 8.779999999999999361e+00 5.429999999999999716e+00 1.040000000000000036e+01 -1.000000000000000000e+00 4.309999999999999609e+00
-1.000000000000000000e+00 1.375000000000000000e+01 1.683999999999999986e+01 1.496000000000000085e+01 -1.000000000000000000e+00 8.869999999999999218e+00 5.419999999999999929e+00 -1.000000000000000000e+00 -1.000000000000000000e+00 4.309999999999999609e+00
-1.000000000000000000e+00 1.376999999999999957e+01 -1.000000000000000000e+00 1.486999999999999922e+01 -1.000000000000000000e+00 8.779999999999999361e+00 5.509999999999999787e+00 1.033000000000000007e+01 -1.000000000000000000e+00 4.349999999999999645e+00
-1.000000000000000000e+00 1.375999999999999979e+01 1.691000000000000014e+01 1.491000000000000014e+01 -1.000000000000000000e+00 8.859999999999999432e+00 5.379999999999999893e+00 1.027999999999999936e+01 -1.000000000000000000e+00 4.349999999999999645e+00
-1.000000000000000000e+00 1.374000000000000021e+01 1.683999999999999986e+01 1.496000000000000085e+01 -1.000000000000000000e+00 8.769999999999999574e+00 5.339999999999999858e+00 -1.000000000000000000e+00 -1.000000000000000000e+00 4.320000000000000284e+00
-1.000000000000000000e+00 1.376999999999999957e+01 -1.000000000000000000e+00 1.493999999999999950e+01 -1.000000000000000000e+00 8.789999999999999147e+00 5.330000000000000071e+00 1.028999999999999915e+01 -1.000000000000000000e+00 4.339999999999999858e+00
-1.000000000000000000e+00 1.376999999999999957e+01 -1.000000000000000000e+00 1.492999999999999972e+01 -1.000000000000000000e+00 8.849999999999999645e+00 5.299999999999999822e+00 1.025000000000000000e+01 -1.000000000000000000e+00 4.339999999999999858e+00
-1.000000000000000000e+00 1.375000000000000000e+01 -1.000000000000000000e+00 1.491999999999999993e+01 -1.000000000000000000e+00 8.820000000000000284e+00 5.309999999999999609e+00 1.023000000000000043e+01 -1.000000000000000000e+00 4.320000000000000284e+00
-1.000000000000000000e+00 1.380000000000000071e+01 1.689999999999999858e+01 1.489000000000000057e+01 -1.000000000000000000e+00 8.769999999999999574e+00 5.339999999999999858e+00 1.024000000000000021e+01 -1.000000000000000000e+00 4.320000000000000284e+00
-1.000000000000000000e+00 1.376999999999999957e+01 1.678999999999999915e+01 1.491000000000000014e+01 -1.000000000000000000e+00 8.849999999999999645e+00 5.360000000000000320e+00 1.026999999999999957e+01 -1.000000000000000000e+00 4.309999999999999609e+00
-1.000000000000000000e+00 1.377999999999999936e+01 1.685000000000000142e+01 1.492999999999999972e+01 -1.000000000000000000e+00 8.859999999999999432e+00 5.389999999999999680e+00 1.028999999999999915e+01 -1.000000000000000000e+00 4.379999999999999893e+00
-1.000000000000000000e+00 1.372000000000000064e+01 1.687000000000000099e+01 1.490000000000000036e+01 -1.000000000000000000e+00 8.869999999999999218e+00 5.379999999999999893e+00 1.027999999999999936e+01 -1.000000000000000000e+00 4.309999999999999609e+00
-1.000000000000000000e+00 1.375000000000000000e+01 1.680999999999999872e+01 1.483999999999999986e+01 -1.000000000000000000e+00 8.849999999999999645e+00 5.370000000000000107e+00 1.025000000000000000e+01 -1.000000000000000000e+00 4.309999999999999609e+00
-1.000000000000000000e+00 1.376999999999999957e+01 1.685999999999999943e+01 1.491999999999999993e+01 -1.000000000000000000e+00 8.810000000000000497e+00 5.400000000000000355e+00 1.030000000000000071e+01 -1.000000000000000000e+00 4.330000000000000071e+00
-1.000000000000000000e+00 -1.000000000000000000e+00 1.680000000000000071e+01 1.485999999999999943e+01 -1.000000000000000000e+00 8.849999999999999645e+00 5.419999999999999929e+00 1.022000000000000064e+01 -1.000000000000000000e+00 4.320000000000000284e+00
-1.000000000000000000e+00 1.372000000000000064e+01 1.683999999999999986e+01 1.491999999999999993e+01 -1.000000000000000000e+00 8.919999999999999929e+00 5.410000000000000142e+00 1.028999999999999915e+01 -1.000000000000000000e+00 4.349999999999999645e+00
-1.000000000000000000e+00 1.378999999999999915e+01 1.685000000000000142e+01 1.482000000000000028e+01 -1.000000000000000000e+00 8.859999999999999432e+00 5.419999999999999929e+00 1.026999999999999957e+01 -1.000000000000000000e+00 4.339999999999999858e+00
-1.000000000000000000e+00 1.375999999999999979e+01 1.683999999999999986e+01 1.486999999999999922e+01 -1.000000000000000000e+00 8.810000000000000497e+00 5.429999999999999716e+00 1.023000000000000043e+01 -1.000000000000000000e+00 4.309999999999999609e+00
-1.000000000000000000e+00 1.374000000000000021e+01 1.683999999999999986e+01 1.490000000000000036e+01 -1.000000000000000000e+00 8.779999999999999361e+00 5.429999999999999716e+00 1.026999999999999957e+01 -1.000000000000000000e+00 4.309999999999999609e+00
-1.000000000000000000e+00 1.376999999999999957e+01 1.685000000000000142e+01 1.492999999999999972e+01 -1.000000000000000000e+00 8.820000000000000284e+00 5.379999999999999893e+00 1.033999999999999986e+01 -1.000000000000000000e+00 4.309999999999999609e+00
1.419999999999999929e+01 1.375000000000000000e+01 1.687999999999999901e+01 1.484999999999999964e+01 -1.000000000000000000e+00 8.849999999999999645e+00 5.389999999999999680e+00 1.031000000000000050e+01 -1.000000000000000000e+00 4.349999999999999645e+00
1.413000000000000078e+01 1.385999999999999943e+01 1.687000000000000099e+01 1.488000000000000078e+01 -1.000000000000000000e+00 8.810000000000000497e+00 5.389999999999999680e+00 1.025999999999999979e+01 -1.000000000000000000e+00 4.309999999999999609e+00
-1.000000000000000000e+00 1.375999999999999979e+01 1.683999999999999986e+01 1.490000000000000036e+01 -1.000000000000000000e+00 8.820000000000000284e+00 5.410000000000000142e+00 1.034999999999999964e+01 -1.000000000000000000e+00 4.370000000000000107e+00
-1.000000000000000000e+00 1.375000000000000000e+01 1.683999999999999986e+01 1.489000000000000057e+01 -1.000000000000000000e+00 8.820000000000000284e+00 5.400000000000000355e+00 1.025999999999999979e+01 -1.000000000000000000e+00 4.330000000000000071e+00
-1.000000000000000000e+00 1.378999999999999915e+01 1.685000000000000142e+01 1.486999999999999922e+01 -1.000000000000000000e+00 8.849999999999999645e+00 5.379999999999999893e+00 1.022000000000000064e+01 -1.000000000000000000e+00 4.299999999999999822e+00
-1.000000000000000000e+00 1.374000000000000021e+01 1.683999999999999986e+01 1.491000000000000014e+01 -1.000000000000000000e+00 8.810000000000000497e+00 5.309999999999999609e+00 1.032000000000000028e+01 -1.000000000000000000e+00 4.339999999999999858e+00
-1.000000000000000000e+00 1.378999999999999915e+01 -1.000000000000000000e+00 1.481000000000000050e+01 -1.000000000000000000e+00 8.839999999999999858e+00 5.280000000000000249e+00 1.030000000000000071e+01 -1.000000000000000000e+00 4.320000000000000284e+00
-1.000000000000000000e+00 1.380000000000000071e+01 1.682999999999999829e+01 1.482000000000000028e+01 -1.000000000000000000e+00 8.800000000000000711e+00 5.309999999999999609e+00 1.026999999999999957e+01 -1.000000000000000000e+00 4.320000000000000284e+00
-1.000000000000000000e+00 1.378999999999999915e+01 1.682999999999999829e+01 1.488000000000000078e+01 -1.000000000000000000e+00 8.820000000000000284e+00 5.440000000000000391e+00 1.022000000000000064e+01 -1.000000000000000000e+00 4.309999999999999609e+00
1.430000000000000071e+01 1.376999999999999957e+01 -1.000000000000000000e+00 1.488000000000000078e+01 -1.000000000000000000e+00 8.869999999999999218e+00 5.360000000000000320e+00 1.025000000000000000e+01 -1.000000000000000000e+00 4.299999999999999822e+00
-1.000000000000000000e+00 1.375999999999999979e+01 1.682999999999999829e+01 1.491999999999999993e+01 -1.000000000000000000e+00 8.880000000000000782e+00 5.429999999999999716e+00 1.026999999999999957e+01 -1.000000000000000000e+00 4.309999999999999609e+00
1.474000000000000021e+01 1.378999999999999915e+01 1.680999999999999872e+01 1.490000000000000036e+01 -1.000000000000000000e+00 8.789999999999999147e+00 5.410000000000000142e+00 1.031000000000000050e+01 -1.000000000000000000e+00 4.349999999999999645e+00
-1.000000000000000000e+00 1.375000000000000000e+01 1.682999999999999829e+01 1.493999999999999950e+01 -1.000000000000000000e+00 8.839999999999999858e+00 5.370000000000000107e+00 1.027999999999999936e+01 -1.000000000000000000e+00 4.339999999999999858e+00
-1.000000000000000000e+00 1.377999999999999936e+01 1.687000000000000099e+01 1.499000000000000021e+01 -1.000000000000000000e+00 8.839999999999999858e+00 5.349999999999999645e+00 1.030000000000000071e+01 -1.000000000000000000e+00 4.309999999999999609e+00
-1.000000000000000000e+00 1.373000000000000043e+01 1.678999999999999915e+01 1.477999999999999936e+01 -1.000000000000000000e+00 8.789999999999999147e+00 5.349999999999999645e+00 1.023000000000000043e+01 -1.000000000000000000e+00 4.299999999999999822e+00
-1.000000000000000000e+00 1.382000000000000028e+01 1.687999999999999901e+01 1.488000000000000078e+01 -1.000000000000000000e+00 8.849999999999999645e+00 5.360000000000000320e+00 1.031000000000000050e+01 -1.000000000000000000e+00 4.309999999999999609e+00
-1.000000000000000000e+00 1.374000000000000021e+01 -1.000000000000000000e+00 1.484999999999999964e+01 -1.000000000000000000e+00 8.820000000000000284e+00 5.339999999999999858e+00 1.026999999999999957e+01 -1.000000000000000000e+00 4.330000000000000071e+00
-1.000000000000000000e+00 1.375999999999999979e+01 -1.000000000000000000e+00 1.488000000000000078e+01 -1.000000000000000000e+00 8.830000000000000071e+00 5.360000000000000320e+00 1.033999999999999986e+01 -1.000000000000000000e+00 4.309999999999999609e+00
-1.000000000000000000e+00 1.382000000000000028e+01 -1.000000000000000000e+00 1.486999999999999922e+01 -1.000000000000000000e+00 8.880000000000000782e+00 5.330000000000000071e+00 1.027999999999999936e+01 -1.000000000000000000e+00 4.309999999999999609e+00
-1.000000000000000000e+00 1.377999999999999936e+01 1.683999999999999986e+01 1.486999999999999922e+01 -1.000000000000000000e+00 8.820000000000000284e+00 5.299999999999999822e+00 1.030000000000000071e+01 -1.000000000000000000e+00 4.330000000000000071e+00
-1.000000000000000000e+00 1.375999999999999979e+01 1.683999999999999986e+01 1.480000000000000071e+01 -1.000000000000000000e+00 8.800000000000000711e+00 5.290000000000000036e+00 1.030000000000000071e+01 -1.000000000000000000e+00 4.339999999999999858e+00
-1.000000000000000000e+00 1.378999999999999915e+01 1.682999999999999829e+01 1.489000000000000057e+01 -1.000000000000000000e+00 8.820000000000000284e+00 5.400000000000000355e+00 1.024000000000000021e+01 -1.000000000000000000e+00 4.330000000000000071e+00
-1.000000000000000000e+00 1.376999999999999957e+01 1.687999999999999901e+01 1.483000000000000007e+01 -1.000000000000000000e+00 8.849999999999999645e+00 5.419999999999999929e+00 1.033000000000000007e+01 -1.000000000000000000e+00 4.330000000000000071e+00
-1.000000000000000000e+00 1.376999999999999957e+01 1.682000000000000028e+01 1.484999999999999964e+01 -1.000000000000000000e+00 8.820000000000000284e+00 5.419999999999999929e+00 1.025999999999999979e+01 -1.000000000000000000e+00 4.330000000000000071e+00
-1.000000000000000000e+00 1.382000000000000028e+01 1.680000000000000071e+01 1.485999999999999943e+01 -1.000000000000000000e+00 8.839999999999999858e+00 5.400000000000000355e+00 1.026999999999999957e+01 -1.000000000000000000e+00 4.309999999999999609e+00
-1.000000000000000000e+00 1.375999999999999979e+01 1.683999999999999986e+01 1.489000000000000057e+01 -1.000000000000000000e+00 8.820000000000000284e+00 5.349999999999999645e+00 1.026999999999999957e+01 -1.000000000000000000e+00 4.309999999999999609e+00
-1.000000000000000000e+00 1.383000000000000007e+01 1.687000000000000099e+01 1.492999999999999972e+01 -1.000000000000000000e+00 8.750000000000000000e+00 5.360000000000000320e+00 1.032000000000000028e+01 -1.000000000000000000e+00 4.299999999999999822e+00
1.416999999999999993e+01 1.375000000000000000e+01 1.682999999999999829e+01 1.486999999999999922e+01 -1.000000000000000000e+00 8.830000000000000071e+00 5.330000000000000071e+00 1.026999999999999957e+01 -1.000000000000000000e+00 4.309999999999999609e+00
-1.000000000000000000e+00 1.376999999999999957e+01 1.680000000000000071e+01 1.490000000000000036e+01 -1.000000000000000000e+00 8.849999999999999645e+00 5.400000000000000355e+00 1.025999999999999979e+01 -1.000000000000000000e+00 4.320000000000000284e+00
-1.000000000000000000e+00 1.377999999999999936e+01 1.685000000000000142e+01 1.486999999999999922e+01 -1.000000000000000000e+00 8.810000000000000497e+00 5.389999999999999680e+00 1.033000000000000007e+01 -1.000000000000000000e+00 4.349999999999999645e+00
-1.000000000000000000e+00 1.378999999999999915e+01 1.683999999999999986e+01 1.492999999999999972e+01 -1.000000000000000000e+00 8.789999999999999147e+00 -1.000000000000000000e+00 1.034999999999999964e+01 -1.000000000000000000e+00 4.330000000000000071e+00
-1.000000000000000000e+00 1.380000000000000071e+01 1.683999999999999986e+01 1.486999999999999922e+01 -1.000000000000000000e+00 8.769999999999999574e+00 5.330000000000000071e+00 1.033999999999999986e+01 -1.000000000000000000e+00 4.309999999999999609e+00
-1.000000000000000000e+00 1.374000000000000021e+01 -1.000000000000000000e+00 1.491000000000000014e+01 -1.000000000000000000e+00 8.830000000000000071e+00 5.349999999999999645e+00 1.030000000000000071e+01 -1.000000000000000000e+00 4.339999999999999858e+00
1.456000000000000050e+01 1.380000000000000071e+01 1.687999999999999901e+01 1.483999999999999986e+01 -1.000000000000000000e+00 8.769999999999999574e+00 5.339999999999999858e+00 1.031000000000000050e+01 -1.000000000000000000e+00 4.349999999999999645e+00
-1.000000000000000000e+00 1.376999999999999957e+01 1.683999999999999986e+01 1.484999999999999964e+01 -1.000000000000000000e+00 8.830000000000000071e+00 5.349999999999999645e+00 1.027999999999999936e+01 -1.000000000000000000e+00 4.299999999999999822e+00
-1.000000000000000000e+00 1.375000000000000000e+01 1.682000000000000028e+01 1.484999999999999964e+01 -1.000000000000000000e+00 8.810000000000000497e+00 5.389999999999999680e+00 1.028999999999999915e+01 -1.000000000000000000e+00 4.309999999999999609e+00
-1.000000000000000000e+00 1.376999999999999957e+01 1.687999999999999901e+01 1.490000000000000036e+01 -1.000000000000000000e+00 8.830000000000000071e+00 5.370000000000000107e+00 1.022000000000000064e+01 -1.000000000000000000e+00 4.349999999999999645e+00
-1.000000000000000000e+00 1.383000000000000007e+01 1.685000000000000142e+01 1.484999999999999964e+01 -1.000000000000000000e+00 8.800000000000000711e+00 5.379999999999999893e+00 1.028999999999999915e+01 -1.000000000000000000e+00 4.339999999999999858e+00
-1.000000000000000000e+00 1.375999999999999979e+01 1.687999999999999901e+01 1.484999999999999964e+01 -1.000000000000000000e+00 8.830000000000000071e+00 5.389999999999999680e+00 1.033000000000000007e+01 -1.000000000000000000e+00 4.349999999999999645e+00
-1.000000000000000000e+00 1.375999999999999979e+01 -1.000000000000000000e+00 1.489000000000000057e+01 -1.000000000000000000e+00 8.849999999999999645e+00 5.370000000000000107e+00 1.027999999999999936e+01 -1.000000000000000000e+00 4.320000000000000284e+00
-1.000000000000000000e+00 1.376999999999999957e+01 1.687000000000000099e+01 1.486999999999999922e+01 -1.000000000000000000e+00 8.800000000000000711e+00 5.360000000000000320e+00 1.028999999999999915e+01 -1.000000000000000000e+00 4.330000000000000071e+00
-1.000000000000000000e+00 1.377999999999999936e+01 1.687000000000000099e+01 1.483999999999999986e+01 -1.000000000000000000e+00 8.849999999999999645e+00 5.389999999999999680e+00 1.026999999999999957e+01 -1.000000000000000000e+00 4.349999999999999645e+00
-1.000000000000000000e+00 1.378999999999999915e+01 1.685999999999999943e+01 -1.000000000000000000e+00 -1.000000000000000000e+00 8.839999999999999858e+00 5.389999999999999680e+00 1.024000000000000021e+01 -1.000000000000000000e+00 4.330000000000000071e+00
-1.000000000000000000e+00 1.377999999999999936e+01 1.678999999999999915e+01 1.494999999999999929e+01 -1.000000000000000000e+00 8.830000000000000071e+00 5.379999999999999893e+00 1.027999999999999936e+01 -1.000000000000000000e+00 4.299999999999999822e+00
-1.000000000000000000e+00 1.377999999999999936e+01 1.682000000000000028e+01 1.491000000000000014e+01 -1.000000000000000000e+00 8.769999999999999574e+00 5.360000000000000320e+00 1.028999999999999915e+01 -1.000000000000000000e+00 4.330000000000000071e+00
-1.000000000000000000e+00 1.374000000000000021e+01 1.685000000000000142e+01 1.496000000000000085e+01 -1.000000000000000000e+00 8.789999999999999147e+00 5.370000000000000107e+00 1.033000000000000007e+01 -1.000000000000000000e+00 4.339999999999999858e+00
-1.000000000000000000e+00 1.378999999999999915e+01 1.683999999999999986e+01 1.483999999999999986e+01 -1.000000000000000000e+00 8.789999999999999147e+00 5.419999999999999929e+00 1.027999999999999936e+01 -1.000000000000000000e+00 4.349999999999999645e+00
-1.000000000000000000e+00 1.377999999999999936e+01 1.682000000000000028e+01 1.493999999999999950e+01 -1.000000000000000000e+00 8.839999999999999858e+00 5.400000000000000355e+00 1.019999999999999929e+01 -1.000000000000000000e+00 4.320000000000000284e+00
-1.000000000000000000e+00 1.375000000000000000e+01 1.687999999999999901e+01 1.491000000000000014e+01 -1.000000000000000000e+00 8.820000000000000284e+00 5.379999999999999893e+00 1.033999999999999986e+01 -1.000000000000000000e+00 4.339999999999999858e+00
1.432000000000000028e+01 1.374000000000000021e+01 -1.000000000000000000e+00 1.485999999999999943e+01 -1.000000000000000000e+00 8.849999999999999645e+00 5.360000000000000320e+00 1.026999999999999957e+01 -1.000000000000000000e+00 4.290000000000000036e+00
-1.000000000000000000e+00 1.374000000000000021e+01 -1.000000000000000000e+00 1.491999999999999993e+01 -1.000000000000000000e+00 8.830000000000000071e+00 5.349999999999999645e+00 1.027999999999999936e+01 -1.000000000000000000e+00 4.330000000000000071e+00
-1.000000000000000000e+00 1.373000000000000043e+01 1.685000000000000142e+01 1.491000000000000014e+01 -1.000000000000000000e+00 8.849999999999999645e+00 5.370000000000000107e+00 1.032000000000000028e+01 -1.000000000000000000e+00 4.309999999999999609e+00
-1.000000000000000000e+00 1.373000000000000043e+01 -1.000000000000000000e+00 1.491000000000000014e+01 -1.000000000000000000e+00 8.839999999999999858e+00 5.349999999999999645e+00 1.030000000000000071e+01 -1.000000000000000000e+00 4.320000000000000284e+00
-1.000000000000000000e+00 1.377999999999999936e+01 -1.000000000000000000e+00 1.491999999999999993e+01 -1.000000000000000000e+00 8.859999999999999432e+00 -1.000000000000000000e+00 1.032000000000000028e+01 -1.000000000000000000e+00 4.349999999999999645e+00
-1.000000000000000000e+00 1.375000000000000000e+01 -1.000000000000000000e+00 1.481000000000000050e+01 -1.000000000000000000e+00 8.800000000000000711e+00 5.349999999999999645e+00 1.028999999999999915e+01 -1.000000000000000000e+00 4.330000000000000071e+00
-1.000000000000000000e+00 1.376999999999999957e+01 1.687000000000000099e+01 1.491000000000000014e+01 -1.000000000000000000e+00 8.830000000000000071e+00 5.389999999999999680e+00 1.025999999999999979e+01 -1.000000000000000000e+00 4.299999999999999822e+00
-1.000000000000000000e+00 1.375000000000000000e+01 -1.000000000000000000e+00 1.491000000000000014e+01 -1.000000000000000000e+00 8.859999999999999432e+00 5.389999999999999680e+00 1.032000000000000028e+01 -1.000000000000000000e+00 4.299999999999999822e+00
-1.000000000000000000e+00 1.380000000000000071e+01 1.685999999999999943e+01 1.491999999999999993e+01 -1.000000000000000000e+00 8.810000000000000497e+00 5.379999999999999893e+00 1.028999999999999915e+01 -1.000000000000000000e+00 4.320000000000000284e+00
-1.000000000000000000e+00 1.376999999999999957e+01 -1.000000000000000000e+00 1.485999999999999943e+01 -1.000000000000000000e+00 8.839999999999999858e+00 5.349999999999999645e+00 1.028999999999999915e+01 -1.000000000000000000e+00 4.309999999999999609e+00
-1.000000000000000000e+00 1.377999999999999936e+01 1.680999999999999872e+01 1.486999999999999922e+01 -1.000000000000000000e+00 8.789999999999999147e+00 5.339999999999999858e+00 1.030000000000000071e+01 -1.000000000000000000e+00 4.299999999999999822e+00
-1.000000000000000000e+00 1.375999999999999979e+01 -1.000000000000000000e+00 1.491999999999999993e+01 -1.000000000000000000e+00 8.869999999999999218e+00 5.370000000000000107e+00 1.025000000000000000e+01 -1.000000000000000000e+00 4.330000000000000071e+00
-1.000000000000000000e+00 1.376999999999999957e+01 -1.000000000000000000e+00 1.491999999999999993e+01 -1.000000000000000000e+00 8.810000000000000497e+00 5.370000000000000107e+00 1.028999999999999915e+01 -1.000000000000000000e+00 4.349999999999999645e+00
-1.000000000000000000e+00 1.380000000000000071e+01 1.685000000000000142e+01 1.486999999999999922e+01 -1.000000000000000000e+00 8.869999999999999218e+00 5.320000000000000284e+00 1.033999999999999986e+01 -1.000000000000000000e+00 4.309999999999999609e+00
-1.000000000000000000e+00 1.378999999999999915e+01 1.685999999999999943e+01 1.491000000000000014e+01 -1.000000000000000000e+00 8.839999999999999858e+00 5.349999999999999645e+00 1.025999999999999979e+01 -1.000000000000000000e+00 4.349999999999999645e+00
-1.000000000000000000e+00 1.377999999999999936e+01 1.682999999999999829e+01 1.492999999999999972e+01 -1.000000000000000000e+00 8.859999999999999432e+00 5.330000000000000071e+00 1.026999999999999957e+01 -1.000000000000000000e+00 4.330000000000000071e+00
-1.000000000000000000e+00 1.377999999999999936e+01 1.683999999999999986e+01 1.488000000000000078e+01 -1.000000000000000000e+00 8.810000000000000497e+00 5.339999999999999858e+00 1.033999999999999986e+01 -1.000000000000000000e+00 4.299999999999999822e+00
-1.000000000000000000e+00 1.377999999999999936e+01 1.687000000000000099e+01 1.483000000000000007e+01 -1.000000000000000000e+00 8.779999999999999361e+00 5.339999999999999858e+00 1.027999999999999936e+01 -1.000000000000000000e+00 4.290000000000000036e+00
-1.000000000000000000e+00 1.376999999999999957e+01 1.680000000000000071e+01 1.491000000000000014e+01 -1.000000000000000000e+00 8.849999999999999645e+00 5.360000000000000320e+00 1.022000000000000064e+01 -1.000000000000000000e+00 4.360000000000000320e+00
-1.000000000000000000e+00 1.375000000000000000e+01 -1.000000000000000000e+00 1.491999999999999993e+01 -1.000000000000000000e+00 8.890000000000000568e+00 5.339999999999999858e+00 1.021000000000000085e+01 -1.000000000000000000e+00 4.299999999999999822e+00
-1.000000000000000000e+00 1.376999999999999957e+01 -1.000000000000000000e+00 1.496000000000000085e+01 -1.000000000000000000e+00 8.820000000000000284e+00 5.370000000000000107e+00 1.027999999999999936e+01 -1.000000000000000000e+00 4.290000000000000036e+00
-1.000000000000000000e+00 1.376999999999999957e+01 -1.000000000000000000e+00 1.488000000000000078e+01 -1.000000000000000000e+00 8.800000000000000711e+00 5.280000000000000249e+00 1.031000000000000050e+01 -1.000000000000000000e+00 4.349999999999999645e+00
-1.000000000000000000e+00 1.380000000000000071e+01 1.689999999999999858e+01 1.491000000000000014e+01 -1.000000000000000000e+00 8.810000000000000497e+00 5.320000000000000284e+00 1.027999999999999936e+01 -1.000000000000000000e+00 4.330000000000000071e+00
-1.000000000000000000e+00 1.369999999999999929e+01 1.685999999999999943e+01 1.485999999999999943e+01 -1.000000000000000000e+00 8.810000000000000497e+00 5.349999999999999645e+00 1.028999999999999915e+01 -1.000000000000000000e+00 4.330000000000000071e+00
