-1.000000000000000000e+00 -1.000000000000000000e+00 -1.000000000000000000e+00 -1.000000000000000000e+00 -1.000000000000000000e+00 -1.000000000000000000e+00 -1.000000000000000000e+00 -1.000000000000000000e+00 -1.000000000000000000e+00 -1.000000000000000000e+00
8.759999999999999787e+00 1.017999999999999972e+01 1.250999999999999979e+01 9.800000000000000711e+00 -1.000000000000000000e+00 1.034999999999999964e+01 -1.000000000000000000e+00 8.740000000000000213e+00 5.299999999999999822e+00 6.929999999999999716e+00
8.800000000000000711e+00 1.019999999999999929e+01 1.253999999999999915e+01 9.800000000000000711e+00 -1.000000000000000000e+00 1.034999999999999964e+01 -1.000000000000000000e+00 8.800000000000000711e+00 5.290000000000000036e+00 6.950000000000000178e+00
8.779999999999999361e+00 1.019999999999999929e+01 1.257000000000000028e+01 9.839999999999999858e+00 -1.000000000000000000e+00 1.038000000000000078e+01 -1.000000000000000000e+00 8.740000000000000213e+00 5.290000000000000036e+00 6.919999999999999929e+00
8.730000000000000426e+00 1.014000000000000057e+01 1.251999999999999957e+01 9.830000000000000071e+00 -1.000000000000000000e+00 1.034999999999999964e+01 -1.000000000000000000e+00 8.720000000000000639e+00 5.330000000000000071e+00 6.990000000000000213e+00
8.769999999999999574e+00 1.027999999999999936e+01 1.251999999999999957e+01 9.859999999999999432e+00 -1.000000000000000000e+00 1.035999999999999943e+01 -1.000000000000000000e+00 8.660000000000000142e+00 5.280000000000000249e+00 6.940000000000000391e+00
8.820000000000000284e+00 1.019999999999999929e+01 1.250000000000000000e+01 9.830000000000000071e+00 -1.000000000000000000e+00 1.028999999999999915e+01 -1.000000000000000000e+00 8.669999999999999929e+00 5.250000000000000000e+00 6.950000000000000178e+00
8.759999999999999787e+00 1.016999999999999993e+01 1.251999999999999957e+01 9.810000000000000497e+00 -1.000000000000000000e+00 1.031000000000000050e+01 -1.000000000000000000e+00 8.789999999999999147e+00 5.269999999999999574e+00 6.940000000000000391e+00
8.810000000000000497e+00 1.025000000000000000e+01 1.248000000000000043e+01 9.830000000000000071e+00 -1.000000000000000000e+00 1.026999999999999957e+01 -1.000000000000000000e+00 8.750000000000000000e+00 5.280000000000000249e+00 6.980000000000000426e+00
8.769999999999999574e+00 1.016999999999999993e+01 1.256000000000000050e+01 9.800000000000000711e+00 -1.000000000000000000e+00 1.036999999999999922e+01 -1.000000000000000000e+00 8.810000000000000497e+00 5.269999999999999574e+00 6.900000000000000355e+00
8.730000000000000426e+00 1.016999999999999993e+01 1.250000000000000000e+01 9.789999999999999147e+00 -1.000000000000000000e+00 1.034999999999999964e+01 -1.000000000000000000e+00 8.660000000000000142e+00 5.290000000000000036e+00 6.900000000000000355e+00
8.699999999999999289e+00 1.018999999999999950e+01 1.247000000000000064e+01 9.779999999999999361e+00 -1.000000000000000000e+00 1.040000000000000036e+01 -1.000000000000000000e+00 8.750000000000000000e+00 5.259999999999999787e+00 6.959999999999999964e+00
8.789999999999999147e+00 1.023000000000000043e+01 1.252999999999999936e+01 9.849999999999999645e+00 -1.000000000000000000e+00 1.028999999999999915e+01 -1.000000000000000000e+00 8.800000000000000711e+00 5.320000000000000284e+00 6.969999999999999751e+00
8.669999999999999929e+00 1.013000000000000078e+01 1.250000000000000000e+01 9.810000000000000497e+00 -1.000000000000000000e+00 1.033999999999999986e+01 -1.000000000000000000e+00 8.750000000000000000e+00 5.290000000000000036e+00 6.929999999999999716e+00
8.759999999999999787e+00 1.018999999999999950e+01 1.257000000000000028e+01 9.830000000000000071e+00 -1.000000000000000000e+00 1.028999999999999915e+01 -1.000000000000000000e+00 8.720000000000000639e+00 5.259999999999999787e+00 6.950000000000000178e+00
8.750000000000000000e+00 1.015000000000000036e+01 1.251999999999999957e+01 9.830000000000000071e+00 -1.000000000000000000e+00 1.033999999999999986e+01 -1.000000000000000000e+00 8.740000000000000213e+00 5.280000000000000249e+00 6.940000000000000391e+00
8.759999999999999787e+00 1.017999999999999972e+01 1.255000000000000071e+01 9.810000000000000497e+00 -1.000000000000000000e+00 1.033999999999999986e+01 -1.000000000000000000e+00 8.689999999999999503e+00 5.290000000000000036e+00 6.969999999999999751e+00
8.730000000000000426e+00 1.019999999999999929e+01 1.250999999999999979e+01 9.869999999999999218e+00 -1.000000000000000000e+00 1.033999999999999986e+01 -1.000000000000000000e+00 8.759999999999999787e+00 5.299999999999999822e+00 7.000000000000000000e+00
8.750000000000000000e+00 1.021000000000000085e+01 1.250999999999999979e+01 9.859999999999999432e+00 -1.000000000000000000e+00 1.038000000000000078e+01 -1.000000000000000000e+00 8.669999999999999929e+00 5.339999999999999858e+00 6.940000000000000391e+00
8.789999999999999147e+00 1.013000000000000078e+01 1.256000000000000050e+01 9.869999999999999218e+00 -1.000000000000000000e+00 1.035999999999999943e+01 -1.000000000000000000e+00 8.759999999999999787e+00 5.230000000000000426e+00 6.940000000000000391e+00
8.689999999999999503e+00 1.018999999999999950e+01 1.253999999999999915e+01 9.810000000000000497e+00 -1.000000000000000000e+00 1.038000000000000078e+01 -1.000000000000000000e+00 8.720000000000000639e+00 -1.000000000000000000e+00 6.940000000000000391e+00
8.769999999999999574e+00 1.021000000000000085e+01 1.255000000000000071e+01 9.810000000000000497e+00 -1.000000000000000000e+00 1.033999999999999986e+01 -1.000000000000000000e+00 8.650000000000000355e+00 5.299999999999999822e+00 6.940000000000000391e+00
8.720000000000000639e+00 1.017999999999999972e+01 1.249000000000000021e+01 9.769999999999999574e+00 -1.000000000000000000e+00 1.036999999999999922e+01 -1.000000000000000000e+00 8.720000000000000639e+00 5.299999999999999822e+00 6.969999999999999751e+00
8.699999999999999289e+00 1.017999999999999972e+01 1.250000000000000000e+01 9.810000000000000497e+00 -1.000000000000000000e+00 1.031000000000000050e+01 -1.000000000000000000e+00 8.699999999999999289e+00 5.269999999999999574e+00 6.929999999999999716e+00
8.730000000000000426e+00 1.016999999999999993e+01 1.251999999999999957e+01 9.849999999999999645e+00 -1.000000000000000000e+00 1.033000000000000007e+01 -1.000000000000000000e+00 8.740000000000000213e+00 5.280000000000000249e+00 6.980000000000000426e+00
8.720000000000000639e+00 1.019999999999999929e+01 1.252999999999999936e+01 9.769999999999999574e+00 -1.000000000000000000e+00 1.033999999999999986e+01 -1.000000000000000000e+00 8.740000000000000213e+00 5.269999999999999574e+00 6.919999999999999929e+00
8.689999999999999503e+00 1.016999999999999993e+01 1.257000000000000028e+01 9.779999999999999361e+00 -1.000000000000000000e+00 1.035999999999999943e+01 -1.000000000000000000e+00 8.779999999999999361e+00 5.280000000000000249e+00 6.950000000000000178e+00
8.740000000000000213e+00 1.016000000000000014e+01 1.246000000000000085e+01 9.830000000000000071e+00 -1.000000000000000000e+00 1.036999999999999922e+01 -1.000000000000000000e+00 8.779999999999999361e+00 5.259999999999999787e+00 6.980000000000000426e+00
8.759999999999999787e+00 1.015000000000000036e+01 1.250000000000000000e+01 9.810000000000000497e+00 -1.000000000000000000e+00 1.033999999999999986e+01 -1.000000000000000000e+00 8.750000000000000000e+00 5.280000000000000249e+00 6.959999999999999964e+00
8.779999999999999361e+00 1.019999999999999929e+01 1.251999999999999957e+01 9.810000000000000497e+00 -1.000000000000000000e+00 1.033000000000000007e+01 -1.000000000000000000e+00 8.750000000000000000e+00 5.299999999999999822e+00 6.900000000000000355e+00
8.750000000000000000e+00 1.019999999999999929e+01 1.250999999999999979e+01 9.789999999999999147e+00 -1.000000000000000000e+00 1.038000000000000078e+01 -1.000000000000000000e+00 8.769999999999999574e+00 5.299999999999999822e+00 6.980000000000000426e+00
8.769999999999999574e+00 1.015000000000000036e+01 1.257000000000000028e+01 9.820000000000000284e+00 -1.000000000000000000e+00 1.038000000000000078e+01 -1.000000000000000000e+00 8.779999999999999361e+00 5.280000000000000249e+00 6.950000000000000178e+00
8.759999999999999787e+00 1.016999999999999993e+01 1.250000000000000000e+01 9.800000000000000711e+00 -1.000000000000000000e+00 1.033999999999999986e+01 -1.000000000000000000e+00 8.720000000000000639e+00 5.290000000000000036e+00 6.959999999999999964e+00
8.720000000000000639e+00 1.019999999999999929e+01 1.252999999999999936e+01 9.820000000000000284e+00 -1.000000000000000000e+00 1.026999999999999957e+01 -1.000000000000000000e+00 8.779999999999999361e+00 5.269999999999999574e+00 6.900000000000000355e+00
8.740000000000000213e+00 1.016999999999999993e+01 1.256000000000000050e+01 9.800000000000000711e+00 -1.000000000000000000e+00 1.034999999999999964e+01 -1.000000000000000000e+00 8.750000000000000000e+00 5.299999999999999822e+00 6.889999999999999680e+00
8.779999999999999361e+00 1.021000000000000085e+01 1.255000000000000071e+01 9.810000000000000497e+00 -1.000000000000000000e+00 1.028999999999999915e+01 -1.000000000000000000e+00 8.769999999999999574e+00 5.290000000000000036e+00 6.929999999999999716e+00
8.779999999999999361e+00 1.009999999999999964e+01 1.257000000000000028e+01 9.789999999999999147e+00 -1.000000000000000000e+00 1.034999999999999964e+01 -1.000000000000000000e+00 8.699999999999999289e+00 5.290000000000000036e+00 6.950000000000000178e+00
8.740000000000000213e+00 1.016999999999999993e+01 1.257000000000000028e+01 9.779999999999999361e+00 -1.000000000000000000e+00 1.033000000000000007e+01 -1.000000000000000000e+00 8.750000000000000000e+00 5.259999999999999787e+00 6.940000000000000391e+00
8.789999999999999147e+00 1.016999999999999993e+01 1.253999999999999915e+01 9.820000000000000284e+00 -1.000000000000000000e+00 1.039000000000000057e+01 -1.000000000000000000e+00 8.689999999999999503e+00 5.280000000000000249e+00 6.900000000000000355e+00
8.750000000000000000e+00 1.018999999999999950e+01 1.251999999999999957e+01 9.810000000000000497e+00 -1.000000000000000000e+00 1.033000000000000007e+01 -1.000000000000000000e+00 8.750000000000000000e+00 5.259999999999999787e+00 6.929999999999999716e+00
8.740000000000000213e+00 1.022000000000000064e+01 1.250000000000000000e+01 9.849999999999999645e+00 -1.000000000000000000e+00 1.041000000000000014e+01 -1.000000000000000000e+00 8.750000000000000000e+00 5.280000000000000249e+00 6.929999999999999716e+00
8.660000000000000142e+00 1.016999999999999993e+01 1.250000000000000000e+01 9.759999999999999787e+00 -1.000000000000000000e+00 1.035999999999999943e+01 -1.000000000000000000e+00 8.750000000000000000e+00 5.280000000000000249e+00 6.940000000000000391e+00
8.779999999999999361e+00 1.019999999999999929e+01 1.258000000000000007e+01 9.849999999999999645e+00 -1.000000000000000000e+00 1.038000000000000078e+01 -1.000000000000000000e+00 8.740000000000000213e+00 5.320000000000000284e+00 6.929999999999999716e+00
8.750000000000000000e+00 1.013000000000000078e+01 1.252999999999999936e+01 9.800000000000000711e+00 -1.000000000000000000e+00 1.028999999999999915e+01 -1.000000000000000000e+00 8.750000000000000000e+00 5.280000000000000249e+00 6.959999999999999964e+00
8.769999999999999574e+00 1.017999999999999972e+01 1.253999999999999915e+01 9.820000000000000284e+00 -1.000000000000000000e+00 1.030000000000000071e+01 -1.000000000000000000e+00 8.810000000000000497e+00 5.280000000000000249e+00 6.950000000000000178e+00
8.689999999999999503e+00 1.016999999999999993e+01 1.258999999999999986e+01 9.830000000000000071e+00 -1.000000000000000000e+00 1.033999999999999986e+01 -1.000000000000000000e+00 8.810000000000000497e+00 5.259999999999999787e+00 6.959999999999999964e+00
8.689999999999999503e+00 1.017999999999999972e+01 1.251999999999999957e+01 9.769999999999999574e+00 -1.000000000000000000e+00 1.034999999999999964e+01 -1.000000000000000000e+00 8.650000000000000355e+00 5.309999999999999609e+00 6.950000000000000178e+00
8.689999999999999503e+00 1.018999999999999950e+01 1.252999999999999936e+01 9.810000000000000497e+00 -1.000000000000000000e+00 1.040000000000000036e+01 -1.000000000000000000e+00 8.679999999999999716e+00 5.290000000000000036e+00 6.860000000000000320e+00
8.810000000000000497e+00 1.018999999999999950e+01 1.258000000000000007e+01 9.800000000000000711e+00 -1.000000000000000000e+00 1.030000000000000071e+01 -1.000000000000000000e+00 8.720000000000000639e+00 5.280000000000000249e+00 6.929999999999999716e+00
8.699999999999999289e+00 1.021000000000000085e+01 1.252999999999999936e+01 9.779999999999999361e+00 -1.000000000000000000e+00 1.033000000000000007e+01 -1.000000000000000000e+00 8.720000000000000639e+00 5.280000000000000249e+00 6.929999999999999716e+00
8.730000000000000426e+00 1.018999999999999950e+01 1.247000000000000064e+01 9.800000000000000711e+00 -1.000000000000000000e+00 1.035999999999999943e+01 -1.000000000000000000e+00 8.759999999999999787e+00 5.280000000000000249e+00 6.919999999999999929e+00
8.699999999999999289e+00 1.016999999999999993e+01 1.256000000000000050e+01 9.789999999999999147e+00 -1.000000000000000000e+00 1.033000000000000007e+01 -1.000000000000000000e+00 8.769999999999999574e+00 5.309999999999999609e+00 6.900000000000000355e+00
8.759999999999999787e+00 1.018999999999999950e+01 1.250999999999999979e+01 9.789999999999999147e+00 -1.000000000000000000e+00 1.028999999999999915e+01 -1.000000000000000000e+00 8.769999999999999574e+00 5.330000000000000071e+00 6.969999999999999751e+00
8.730000000000000426e+00 1.016000000000000014e+01 1.249000000000000021e+01 9.810000000000000497e+00 -1.000000000000000000e+00 1.026999999999999957e+01 -1.000000000000000000e+00 8.769999999999999574e+00 5.299999999999999822e+00 6.950000000000000178e+00
8.750000000000000000e+00 1.015000000000000036e+01 1.257000000000000028e+01 9.800000000000000711e+00 -1.000000000000000000e+00 1.030000000000000071e+01 -1.000000000000000000e+00 8.689999999999999503e+00 5.309999999999999609e+00 6.959999999999999964e+00
8.769999999999999574e+00 1.016999999999999993e+01 1.247000000000000064e+01 9.839999999999999858e+00 -1.000000000000000000e+00 1.031000000000000050e+01 -1.000000000000000000e+00 8.730000000000000426e+00 5.280000000000000249e+00 6.950000000000000178e+00
8.779999999999999361e+00 1.021000000000000085e+01 1.256000000000000050e+01 9.820000000000000284e+00 -1.000000000000000000e+00 1.033000000000000007e+01 -1.000000000000000000e+00 8.669999999999999929e+00 5.290000000000000036e+00 6.940000000000000391e+00
8.699999999999999289e+00 1.016999999999999993e+01 1.247000000000000064e+01 9.820000000000000284e+00 -1.000000000000000000e+00 1.031000000000000050e+01 -1.000000000000000000e+00 8.769999999999999574e+00 5.280000000000000249e+00 6.959999999999999964e+00
8.730000000000000426e+00 1.016999999999999993e+01 1.250000000000000000e+01 9.769999999999999574e+00 -1.000000000000000000e+00 1.032000000000000028e+01 -1.000000000000000000e+00 8.759999999999999787e+00 5.250000000000000000e+00 6.980000000000000426e+00
8.699999999999999289e+00 1.021000000000000085e+01 1.252999999999999936e+01 9.830000000000000071e+00 -1.000000000000000000e+00 1.036999999999999922e+01 -1.000000000000000000e+00 8.750000000000000000e+00 5.280000000000000249e+00 6.929999999999999716e+00
8.750000000000000000e+00 1.023000000000000043e+01 1.252999999999999936e+01 9.830000000000000071e+00 -1.000000000000000000e+00 1.034999999999999964e+01 -1.000000000000000000e+00 8.710000000000000853e+00 5.280000000000000249e+00 6.919999999999999929e+00
8.769999999999999574e+00 1.016999999999999993e+01 1.250000000000000000e+01 9.830000000000000071e+00 -1.000000000000000000e+00 1.033000000000000007e+01 -1.000000000000000000e+00 8.720000000000000639e+00 5.280000000000000249e+00 6.950000000000000178e+00
8.759999999999999787e+00 1.016999999999999993e+01 1.252999999999999936e+01 9.839999999999999858e+00 -1.000000000000000000e+00 1.036999999999999922e+01 -1.000000000000000000e+00 8.750000000000000000e+00 5.259999999999999787e+00 6.929999999999999716e+00
8.730000000000000426e+00 1.018999999999999950e+01 1.247000000000000064e+01 9.820000000000000284e+00 -1.000000000000000000e+00 1.034999999999999964e+01 -1.000000000000000000e+00 8.650000000000000355e+00 5.330000000000000071e+00 6.969999999999999751e+00
8.759999999999999787e+00 1.016000000000000014e+01 1.257000000000000028e+01 9.800000000000000711e+00 -1.000000000000000000e+00 1.038000000000000078e+01 -1.000000000000000000e+00 8.750000000000000000e+00 5.259999999999999787e+00 6.900000000000000355e+00
8.769999999999999574e+00 1.016999999999999993e+01 1.244999999999999929e+01 9.830000000000000071e+00 -1.000000000000000000e+00 1.032000000000000028e+01 -1.000000000000000000e+00 8.710000000000000853e+00 5.309999999999999609e+00 6.940000000000000391e+00
8.730000000000000426e+00 1.018999999999999950e+01 1.252999999999999936e+01 9.839999999999999858e+00 -1.000000000000000000e+00 1.033000000000000007e+01 -1.000000000000000000e+00 8.699999999999999289e+00 5.309999999999999609e+00 6.969999999999999751e+00
8.750000000000000000e+00 1.016000000000000014e+01 1.253999999999999915e+01 9.839999999999999858e+00 -1.000000000000000000e+00 1.031000000000000050e+01 -1.000000000000000000e+00 8.710000000000000853e+00 5.250000000000000000e+00 6.929999999999999716e+00
8.710000000000000853e+00 1.014000000000000057e+01 1.250999999999999979e+01 9.800000000000000711e+00 -1.000000000000000000e+00 1.026999999999999957e+01 -1.000000000000000000e+00 8.710000000000000853e+00 5.280000000000000249e+00 6.990000000000000213e+00
8.750000000000000000e+00 1.016999999999999993e+01 1.248000000000000043e+01 9.789999999999999147e+00 -1.000000000000000000e+00 1.028999999999999915e+01 -1.000000000000000000e+00 8.679999999999999716e+00 5.290000000000000036e+00 6.929999999999999716e+00
8.779999999999999361e+00 1.016000000000000014e+01 1.255000000000000071e+01 9.859999999999999432e+00 -1.000000000000000000e+00 1.036999999999999922e+01 -1.000000000000000000e+00 8.779999999999999361e+00 5.280000000000000249e+00 6.959999999999999964e+00
8.740000000000000213e+00 1.016999999999999993e+01 1.253999999999999915e+01 9.789999999999999147e+00 -1.000000000000000000e+00 1.030000000000000071e+01 -1.000000000000000000e+00 8.679999999999999716e+00 5.290000000000000036e+00 6.929999999999999716e+00
8.759999999999999787e+00 -1.000000000000000000e+00 1.256000000000000050e+01 9.759999999999999787e+00 -1.000000000000000000e+00 1.034999999999999964e+01 -1.000000000000000000e+00 8.759999999999999787e+00 5.309999999999999609e+00 6.950000000000000178e+00
8.800000000000000711e+00 1.016999999999999993e+01 1.240000000000000036e+01 9.890000000000000568e+00 -1.000000000000000000e+00 1.032000000000000028e+01 -1.000000000000000000e+00 8.740000000000000213e+00 5.290000000000000036e+00 6.929999999999999716e+00
8.759999999999999787e+00 1.021000000000000085e+01 1.247000000000000064e+01 9.820000000000000284e+00 -1.000000000000000000e+00 1.033000000000000007e+01 -1.000000000000000000e+00 8.750000000000000000e+00 5.259999999999999787e+00 6.940000000000000391e+00
8.789999999999999147e+00 1.018999999999999950e+01 1.250000000000000000e+01 9.820000000000000284e+00 -1.000000000000000000e+00 1.034999999999999964e+01 -1.000000000000000000e+00 8.750000000000000000e+00 5.280000000000000249e+00 6.980000000000000426e+00
8.779999999999999361e+00 1.024000000000000021e+01 1.252999999999999936e+01 9.810000000000000497e+00 -1.000000000000000000e+00 1.032000000000000028e+01 -1.000000000000000000e+00 8.669999999999999929e+00 5.280000000000000249e+00 6.959999999999999964e+00
8.720000000000000639e+00 1.022000000000000064e+01 1.255000000000000071e+01 9.849999999999999645e+00 -1.000000000000000000e+00 1.033000000000000007e+01 -1.000000000000000000e+00 8.769999999999999574e+00 5.290000000000000036e+00 6.910000000000000142e+00
8.750000000000000000e+00 1.016999999999999993e+01 1.249000000000000021e+01 9.830000000000000071e+00 -1.000000000000000000e+00 1.026999999999999957e+01 -1.000000000000000000e+00 8.740000000000000213e+00 5.240000000000000213e+00 6.940000000000000391e+00
8.740000000000000213e+00 1.015000000000000036e+01 1.251999999999999957e+01 9.820000000000000284e+00 -1.000000000000000000e+00 1.036999999999999922e+01 -1.000000000000000000e+00 8.660000000000000142e+00 5.250000000000000000e+00 6.959999999999999964e+00
8.730000000000000426e+00 1.015000000000000036e+01 1.251999999999999957e+01 9.830000000000000071e+00 -1.000000000000000000e+00 1.028999999999999915e+01 -1.000000000000000000e+00 8.669999999999999929e+00 5.309999999999999609e+00 6.900000000000000355e+00
8.800000000000000711e+00 1.014000000000000057e+01 1.250999999999999979e+01 9.830000000000000071e+00 -1.000000000000000000e+00 1.030000000000000071e+01 -1.000000000000000000e+00 8.710000000000000853e+00 5.280000000000000249e+00 6.940000000000000391e+00
8.820000000000000284e+00 1.024000000000000021e+01 1.255000000000000071e+01 9.830000000000000071e+00 -1.000000000000000000e+00 1.025000000000000000e+01 -1.000000000000000000e+00 8.699999999999999289e+00 5.280000000000000249e+00 6.919999999999999929e+00
8.779999999999999361e+00 1.021000000000000085e+01 1.250000000000000000e+01 9.800000000000000711e+00 -1.000000000000000000e+00 1.028999999999999915e+01 -1.000000000000000000e+00 8.699999999999999289e+00 5.280000000000000249e+00 6.950000000000000178e+00
8.779999999999999361e+00 1.018999999999999950e+01 1.259999999999999964e+01 9.830000000000000071e+00 -1.000000000000000000e+00 1.033000000000000007e+01 -1.000000000000000000e+00 8.740000000000000213e+00 5.280000000000000249e+00 6.940000000000000391e+00
8.720000000000000639e+00 1.016999999999999993e+01 1.252999999999999936e+01 9.839999999999999858e+00 -1.000000000000000000e+00 1.031000000000000050e+01 -1.000000000000000000e+00 8.759999999999999787e+00 5.250000000000000000e+00 6.940000000000000391e+00
8.759999999999999787e+00 1.025999999999999979e+01 1.252999999999999936e+01 9.820000000000000284e+00 -1.000000000000000000e+00 1.036999999999999922e+01 -1.000000000000000000e+00 8.750000000000000000e+00 5.290000000000000036e+00 6.940000000000000391e+00
8.730000000000000426e+00 1.016999999999999993e+01 1.250000000000000000e+01 9.789999999999999147e+00 -1.000000000000000000e+00 1.034999999999999964e+01 -1.000000000000000000e+00 8.730000000000000426e+00 5.280000000000000249e+00 6.980000000000000426e+00
8.720000000000000639e+00 1.011999999999999922e+01 1.252999999999999936e+01 9.800000000000000711e+00 -1.000000000000000000e+00 1.026999999999999957e+01 -1.000000000000000000e+00 8.710000000000000853e+00 5.280000000000000249e+00 6.980000000000000426e+00
8.740000000000000213e+00 1.018999999999999950e+01 1.249000000000000021e+01 9.839999999999999858e+00 -1.000000000000000000e+00 1.027999999999999936e+01 -1.000000000000000000e+00 8.750000000000000000e+00 5.269999999999999574e+00 6.969999999999999751e+00
8.750000000000000000e+00 1.017999999999999972e+01 1.247000000000000064e+01 9.810000000000000497e+00 -1.000000000000000000e+00 1.038000000000000078e+01 -1.000000000000000000e+00 8.779999999999999361e+00 5.290000000000000036e+00 6.950000000000000178e+00
8.750000000000000000e+00 1.015000000000000036e+01 1.257000000000000028e+01 9.800000000000000711e+00 -1.000000000000000000e+00 1.034999999999999964e+01 -1.000000000000000000e+00 8.720000000000000639e+00 5.259999999999999787e+00 6.950000000000000178e+00
8.800000000000000711e+00 1.018999999999999950e+01 1.250999999999999979e+01 9.800000000000000711e+00 -1.000000000000000000e+00 1.036999999999999922e+01 -1.000000000000000000e+00 8.740000000000000213e+00 5.280000000000000249e+00 6.929999999999999716e+00
8.759999999999999787e+00 1.021000000000000085e+01 1.247000000000000064e+01 9.830000000000000071e+00 -1.000000000000000000e+00 1.033000000000000007e+01 -1.000000000000000000e+00 8.720000000000000639e+00 5.280000000000000249e+00 6.990000000000000213e+00
8.750000000000000000e+00 1.017999999999999972e+01 1.249000000000000021e+01 9.849999999999999645e+00 -1.000000000000000000e+00 1.032000000000000028e+01 -1.000000000000000000e+00 8.720000000000000639e+00 5.330000000000000071e+00 6.969999999999999751e+00
8.710000000000000853e+00 1.016000000000000014e+01 1.246000000000000085e+01 9.830000000000000071e+00 -1.000000000000000000e+00 1.041000000000000014e+01 -1.000000000000000000e+00 8.730000000000000426e+00 5.299999999999999822e+00 6.980000000000000426e+00
8.779999999999999361e+00 1.018999999999999950e+01 1.258000000000000007e+01 9.859999999999999432e+00 -1.000000000000000000e+00 1.036999999999999922e+01 -1.000000000000000000e+00 8.759999999999999787e+00 5.259999999999999787e+00 6.910000000000000142e+00
8.720000000000000639e+00 1.016999999999999993e+01 1.252999999999999936e+01 9.820000000000000284e+00 -1.000000000000000000e+00 1.031000000000000050e+01 -1.000000000000000000e+00 8.699999999999999289e+00 5.330000000000000071e+00 6.929999999999999716e+00
8.710000000000000853e+00 1.017999999999999972e+01 1.252999999999999936e+01 9.830000000000000071e+00 -1.000000000000000000e+00 1.034999999999999964e+01 -1.000000000000000000e+00 8.750000000000000000e+00 5.280000000000000249e+00 6.929999999999999716e+00
8.730000000000000426e+00 1.018999999999999950e+01 1.251999999999999957e+01 9.800000000000000711e+00 -1.000000000000000000e+00 1.032000000000000028e+01 -1.000000000000000000e+00 8.710000000000000853e+00 5.280000000000000249e+00 6.919999999999999929e+00
