-1.000000000000000000e+00 -1.000000000000000000e+00 -1.000000000000000000e+00 -1.000000000000000000e+00 -1.000000000000000000e+00 -1.000000000000000000e+00 -1.000000000000000000e+00 -1.000000000000000000e+00 -1.000000000000000000e+00 -1.000000000000000000e+00
-1.000000000000000000e+00 1.044999999999999929e+01 1.433000000000000007e+01 -1.000000000000000000e+00 1.374000000000000021e+01 -1.000000000000000000e+00 1.036999999999999922e+01 5.280000000000000249e+00 8.849999999999999645e+00 4.320000000000000284e+00
-1.000000000000000000e+00 1.048000000000000043e+01 1.433999999999999986e+01 -1.000000000000000000e+00 1.377999999999999936e+01 -1.000000000000000000e+00 1.036999999999999922e+01 5.309999999999999609e+00 8.839999999999999858e+00 4.360000000000000320e+00
-1.000000000000000000e+00 1.046000000000000085e+01 1.430000000000000071e+01 1.490000000000000036e+01 1.383000000000000007e+01 -1.000000000000000000e+00 1.041000000000000014e+01 5.299999999999999822e+00 8.849999999999999645e+00 4.339999999999999858e+00
-1.000000000000000000e+00 1.049000000000000021e+01 1.430000000000000071e+01 -1.000000000000000000e+00 1.374000000000000021e+01 -1.000000000000000000e+00 1.041999999999999993e+01 5.290000000000000036e+00 8.839999999999999858e+00 4.339999999999999858e+00
-1.000000000000000000e+00 1.048000000000000043e+01 1.430000000000000071e+01 1.483999999999999986e+01 1.376999999999999957e+01 -1.000000000000000000e+00 1.033000000000000007e+01 5.280000000000000249e+00 8.820000000000000284e+00 4.330000000000000071e+00
-1.000000000000000000e+00 1.044999999999999929e+01 1.430000000000000071e+01 1.481000000000000050e+01 1.380000000000000071e+01 -1.000000000000000000e+00 1.033999999999999986e+01 5.309999999999999609e+00 8.800000000000000711e+00 4.360000000000000320e+00
-1.000000000000000000e+00 1.039000000000000057e+01 1.428999999999999915e+01 -1.000000000000000000e+00 1.378999999999999915e+01 -1.000000000000000000e+00 1.040000000000000036e+01 5.250000000000000000e+00 8.830000000000000071e+00 4.290000000000000036e+00
-1.000000000000000000e+00 1.052999999999999936e+01 1.428999999999999915e+01 -1.000000000000000000e+00 1.376999999999999957e+01 -1.000000000000000000e+00 1.038000000000000078e+01 5.299999999999999822e+00 8.849999999999999645e+00 4.309999999999999609e+00
-1.000000000000000000e+00 1.044999999999999929e+01 1.428999999999999915e+01 -1.000000000000000000e+00 1.375000000000000000e+01 -1.000000000000000000e+00 1.041999999999999993e+01 5.200000000000000178e+00 8.800000000000000711e+00 4.259999999999999787e+00
-1.000000000000000000e+00 1.049000000000000021e+01 1.430000000000000071e+01 1.491000000000000014e+01 1.376999999999999957e+01 -1.000000000000000000e+00 1.042999999999999972e+01 5.240000000000000213e+00 8.839999999999999858e+00 4.299999999999999822e+00
-1.000000000000000000e+00 1.041999999999999993e+01 1.430000000000000071e+01 -1.000000000000000000e+00 1.377999999999999936e+01 -1.000000000000000000e+00 1.041999999999999993e+01 5.290000000000000036e+00 8.810000000000000497e+00 4.309999999999999609e+00
-1.000000000000000000e+00 1.050000000000000000e+01 1.428999999999999915e+01 1.496000000000000085e+01 1.373000000000000043e+01 -1.000000000000000000e+00 1.035999999999999943e+01 5.259999999999999787e+00 8.800000000000000711e+00 4.280000000000000249e+00
-1.000000000000000000e+00 1.041000000000000014e+01 1.430000000000000071e+01 -1.000000000000000000e+00 1.374000000000000021e+01 -1.000000000000000000e+00 1.039000000000000057e+01 5.280000000000000249e+00 8.810000000000000497e+00 4.299999999999999822e+00
-1.000000000000000000e+00 1.049000000000000021e+01 1.425999999999999979e+01 1.494999999999999929e+01 1.374000000000000021e+01 -1.000000000000000000e+00 1.038000000000000078e+01 5.299999999999999822e+00 8.820000000000000284e+00 4.349999999999999645e+00
-1.000000000000000000e+00 1.041000000000000014e+01 1.427999999999999936e+01 1.492999999999999972e+01 1.382000000000000028e+01 -1.000000000000000000e+00 1.035999999999999943e+01 5.290000000000000036e+00 8.859999999999999432e+00 4.309999999999999609e+00
-1.000000000000000000e+00 1.043999999999999950e+01 1.433000000000000007e+01 1.491000000000000014e+01 1.380000000000000071e+01 -1.000000000000000000e+00 1.034999999999999964e+01 5.269999999999999574e+00 8.849999999999999645e+00 4.360000000000000320e+00
-1.000000000000000000e+00 1.050000000000000000e+01 1.431000000000000050e+01 1.497000000000000064e+01 1.376999999999999957e+01 -1.000000000000000000e+00 1.034999999999999964e+01 5.259999999999999787e+00 8.830000000000000071e+00 4.330000000000000071e+00
-1.000000000000000000e+00 1.044999999999999929e+01 1.430000000000000071e+01 -1.000000000000000000e+00 1.382000000000000028e+01 -1.000000000000000000e+00 1.033999999999999986e+01 5.250000000000000000e+00 8.820000000000000284e+00 4.299999999999999822e+00
-1.000000000000000000e+00 1.048000000000000043e+01 1.430000000000000071e+01 -1.000000000000000000e+00 1.378999999999999915e+01 -1.000000000000000000e+00 1.036999999999999922e+01 5.299999999999999822e+00 8.839999999999999858e+00 4.349999999999999645e+00
-1.000000000000000000e+00 1.047000000000000064e+01 1.428999999999999915e+01 1.496000000000000085e+01 1.380000000000000071e+01 -1.000000000000000000e+00 1.038000000000000078e+01 5.320000000000000284e+00 8.800000000000000711e+00 4.349999999999999645e+00
-1.000000000000000000e+00 1.051999999999999957e+01 1.428999999999999915e+01 1.493999999999999950e+01 1.380000000000000071e+01 -1.000000000000000000e+00 1.033999999999999986e+01 5.230000000000000426e+00 8.820000000000000284e+00 4.370000000000000107e+00
-1.000000000000000000e+00 1.047000000000000064e+01 1.428999999999999915e+01 1.485999999999999943e+01 1.378999999999999915e+01 -1.000000000000000000e+00 1.041000000000000014e+01 5.330000000000000071e+00 8.929999999999999716e+00 4.349999999999999645e+00
-1.000000000000000000e+00 1.042999999999999972e+01 1.432000000000000028e+01 -1.000000000000000000e+00 1.375999999999999979e+01 -1.000000000000000000e+00 1.034999999999999964e+01 5.299999999999999822e+00 8.859999999999999432e+00 4.360000000000000320e+00
-1.000000000000000000e+00 1.048000000000000043e+01 1.427999999999999936e+01 -1.000000000000000000e+00 1.374000000000000021e+01 -1.000000000000000000e+00 1.033999999999999986e+01 5.240000000000000213e+00 8.849999999999999645e+00 4.339999999999999858e+00
-1.000000000000000000e+00 1.046000000000000085e+01 1.427999999999999936e+01 1.480000000000000071e+01 1.376999999999999957e+01 -1.000000000000000000e+00 1.036999999999999922e+01 5.240000000000000213e+00 8.820000000000000284e+00 4.280000000000000249e+00
-1.000000000000000000e+00 1.040000000000000036e+01 1.432000000000000028e+01 1.489000000000000057e+01 1.382000000000000028e+01 -1.000000000000000000e+00 1.036999999999999922e+01 5.259999999999999787e+00 8.849999999999999645e+00 4.330000000000000071e+00
-1.000000000000000000e+00 1.046000000000000085e+01 1.428999999999999915e+01 -1.000000000000000000e+00 1.380000000000000071e+01 -1.000000000000000000e+00 1.044999999999999929e+01 5.309999999999999609e+00 8.820000000000000284e+00 4.299999999999999822e+00
-1.000000000000000000e+00 1.046000000000000085e+01 1.432000000000000028e+01 -1.000000000000000000e+00 1.378999999999999915e+01 -1.000000000000000000e+00 1.041999999999999993e+01 5.339999999999999858e+00 8.849999999999999645e+00 4.309999999999999609e+00
-1.000000000000000000e+00 1.047000000000000064e+01 1.428999999999999915e+01 1.489000000000000057e+01 1.377999999999999936e+01 -1.000000000000000000e+00 1.034999999999999964e+01 5.290000000000000036e+00 8.820000000000000284e+00 4.290000000000000036e+00
-1.000000000000000000e+00 1.042999999999999972e+01 1.425999999999999979e+01 -1.000000000000000000e+00 1.383999999999999986e+01 -1.000000000000000000e+00 1.040000000000000036e+01 5.339999999999999858e+00 8.830000000000000071e+00 4.280000000000000249e+00
-1.000000000000000000e+00 1.046000000000000085e+01 1.433999999999999986e+01 -1.000000000000000000e+00 1.375999999999999979e+01 -1.000000000000000000e+00 1.033999999999999986e+01 5.290000000000000036e+00 8.810000000000000497e+00 4.339999999999999858e+00
-1.000000000000000000e+00 1.051999999999999957e+01 1.424000000000000021e+01 1.492999999999999972e+01 1.382000000000000028e+01 -1.000000000000000000e+00 1.041000000000000014e+01 5.320000000000000284e+00 8.849999999999999645e+00 4.339999999999999858e+00
-1.000000000000000000e+00 1.042999999999999972e+01 1.428999999999999915e+01 -1.000000000000000000e+00 1.377999999999999936e+01 -1.000000000000000000e+00 1.041000000000000014e+01 5.309999999999999609e+00 8.800000000000000711e+00 4.309999999999999609e+00
-1.000000000000000000e+00 1.048000000000000043e+01 1.430000000000000071e+01 -1.000000000000000000e+00 1.374000000000000021e+01 -1.000000000000000000e+00 1.038000000000000078e+01 5.269999999999999574e+00 8.839999999999999858e+00 4.290000000000000036e+00
-1.000000000000000000e+00 1.048000000000000043e+01 1.430000000000000071e+01 -1.000000000000000000e+00 1.373000000000000043e+01 -1.000000000000000000e+00 1.033000000000000007e+01 5.299999999999999822e+00 8.800000000000000711e+00 4.280000000000000249e+00
-1.000000000000000000e+00 1.050999999999999979e+01 1.433999999999999986e+01 1.496000000000000085e+01 1.382000000000000028e+01 -1.000000000000000000e+00 1.040000000000000036e+01 5.290000000000000036e+00 8.800000000000000711e+00 4.370000000000000107e+00
-1.000000000000000000e+00 1.048000000000000043e+01 1.427999999999999936e+01 -1.000000000000000000e+00 1.374000000000000021e+01 -1.000000000000000000e+00 1.035999999999999943e+01 5.259999999999999787e+00 8.830000000000000071e+00 4.290000000000000036e+00
-1.000000000000000000e+00 1.050000000000000000e+01 1.428999999999999915e+01 -1.000000000000000000e+00 1.380000000000000071e+01 -1.000000000000000000e+00 1.033000000000000007e+01 5.230000000000000426e+00 8.839999999999999858e+00 4.339999999999999858e+00
-1.000000000000000000e+00 1.047000000000000064e+01 1.427999999999999936e+01 -1.000000000000000000e+00 1.375000000000000000e+01 -1.000000000000000000e+00 1.038000000000000078e+01 5.320000000000000284e+00 8.859999999999999432e+00 4.290000000000000036e+00
-1.000000000000000000e+00 1.047000000000000064e+01 1.433000000000000007e+01 -1.000000000000000000e+00 1.377999999999999936e+01 -1.000000000000000000e+00 1.036999999999999922e+01 5.280000000000000249e+00 8.849999999999999645e+00 4.349999999999999645e+00
-1.000000000000000000e+00 1.048000000000000043e+01 1.433000000000000007e+01 1.488000000000000078e+01 1.374000000000000021e+01 -1.000000000000000000e+00 1.035999999999999943e+01 5.320000000000000284e+00 8.820000000000000284e+00 4.299999999999999822e+00
-1.000000000000000000e+00 1.044999999999999929e+01 1.433000000000000007e+01 -1.000000000000000000e+00 1.375999999999999979e+01 -1.000000000000000000e+00 1.036999999999999922e+01 5.280000000000000249e+00 8.820000000000000284e+00 4.330000000000000071e+00
-1.000000000000000000e+00 1.047000000000000064e+01 1.430000000000000071e+01 1.490000000000000036e+01 1.377999999999999936e+01 -1.000000000000000000e+00 1.036999999999999922e+01 5.299999999999999822e+00 8.839999999999999858e+00 4.330000000000000071e+00
-1.000000000000000000e+00 1.049000000000000021e+01 1.432000000000000028e+01 1.491000000000000014e+01 1.388000000000000078e+01 -1.000000000000000000e+00 1.039000000000000057e+01 5.320000000000000284e+00 8.810000000000000497e+00 4.320000000000000284e+00
-1.000000000000000000e+00 1.046000000000000085e+01 1.428999999999999915e+01 1.494999999999999929e+01 1.383999999999999986e+01 -1.000000000000000000e+00 1.035999999999999943e+01 5.250000000000000000e+00 8.820000000000000284e+00 4.360000000000000320e+00
-1.000000000000000000e+00 1.049000000000000021e+01 1.432000000000000028e+01 1.491000000000000014e+01 1.384999999999999964e+01 -1.000000000000000000e+00 1.040000000000000036e+01 5.240000000000000213e+00 8.849999999999999645e+00 4.299999999999999822e+00
-1.000000000000000000e+00 1.042999999999999972e+01 1.433000000000000007e+01 1.489000000000000057e+01 1.372000000000000064e+01 -1.000000000000000000e+00 1.035999999999999943e+01 5.290000000000000036e+00 8.839999999999999858e+00 4.330000000000000071e+00
-1.000000000000000000e+00 1.044999999999999929e+01 1.433999999999999986e+01 -1.000000000000000000e+00 1.374000000000000021e+01 -1.000000000000000000e+00 1.036999999999999922e+01 5.299999999999999822e+00 8.839999999999999858e+00 4.349999999999999645e+00
-1.000000000000000000e+00 1.047000000000000064e+01 1.431000000000000050e+01 -1.000000000000000000e+00 1.376999999999999957e+01 -1.000000000000000000e+00 1.034999999999999964e+01 5.219999999999999751e+00 -1.000000000000000000e+00 4.370000000000000107e+00
-1.000000000000000000e+00 1.044999999999999929e+01 1.431000000000000050e+01 -1.000000000000000000e+00 1.377999999999999936e+01 -1.000000000000000000e+00 1.042999999999999972e+01 5.269999999999999574e+00 8.779999999999999361e+00 4.280000000000000249e+00
-1.000000000000000000e+00 1.047000000000000064e+01 1.432000000000000028e+01 -1.000000000000000000e+00 1.377999999999999936e+01 -1.000000000000000000e+00 1.034999999999999964e+01 5.290000000000000036e+00 8.800000000000000711e+00 4.309999999999999609e+00
-1.000000000000000000e+00 1.050000000000000000e+01 1.431000000000000050e+01 1.490000000000000036e+01 1.380000000000000071e+01 -1.000000000000000000e+00 1.036999999999999922e+01 5.219999999999999751e+00 8.839999999999999858e+00 4.299999999999999822e+00
-1.000000000000000000e+00 1.041999999999999993e+01 1.435999999999999943e+01 -1.000000000000000000e+00 1.377999999999999936e+01 -1.000000000000000000e+00 1.040000000000000036e+01 5.250000000000000000e+00 8.820000000000000284e+00 4.360000000000000320e+00
-1.000000000000000000e+00 1.048000000000000043e+01 1.432000000000000028e+01 1.491000000000000014e+01 1.375999999999999979e+01 -1.000000000000000000e+00 1.035999999999999943e+01 5.290000000000000036e+00 8.830000000000000071e+00 4.379999999999999893e+00
-1.000000000000000000e+00 1.038000000000000078e+01 1.427999999999999936e+01 1.491000000000000014e+01 1.378999999999999915e+01 -1.000000000000000000e+00 1.040000000000000036e+01 5.209999999999999964e+00 8.839999999999999858e+00 4.269999999999999574e+00
-1.000000000000000000e+00 1.055000000000000071e+01 1.431000000000000050e+01 1.489000000000000057e+01 1.381000000000000050e+01 -1.000000000000000000e+00 1.040000000000000036e+01 5.219999999999999751e+00 8.820000000000000284e+00 4.339999999999999858e+00
-1.000000000000000000e+00 1.046000000000000085e+01 1.431000000000000050e+01 1.489000000000000057e+01 1.373000000000000043e+01 -1.000000000000000000e+00 1.041000000000000014e+01 5.280000000000000249e+00 8.869999999999999218e+00 4.339999999999999858e+00
-1.000000000000000000e+00 1.041999999999999993e+01 1.433000000000000007e+01 -1.000000000000000000e+00 1.381000000000000050e+01 -1.000000000000000000e+00 1.035999999999999943e+01 5.290000000000000036e+00 8.859999999999999432e+00 4.349999999999999645e+00
-1.000000000000000000e+00 1.052999999999999936e+01 1.425999999999999979e+01 -1.000000000000000000e+00 1.382000000000000028e+01 -1.000000000000000000e+00 1.036999999999999922e+01 5.299999999999999822e+00 8.839999999999999858e+00 4.349999999999999645e+00
-1.000000000000000000e+00 1.048000000000000043e+01 1.431000000000000050e+01 -1.000000000000000000e+00 1.383000000000000007e+01 -1.000000000000000000e+00 1.038000000000000078e+01 -1.000000000000000000e+00 8.810000000000000497e+00 4.320000000000000284e+00
-1.000000000000000000e+00 1.048000000000000043e+01 1.426999999999999957e+01 1.488000000000000078e+01 1.375999999999999979e+01 -1.000000000000000000e+00 1.040000000000000036e+01 5.320000000000000284e+00 8.839999999999999858e+00 4.330000000000000071e+00
-1.000000000000000000e+00 1.039000000000000057e+01 1.428999999999999915e+01 -1.000000000000000000e+00 1.382000000000000028e+01 -1.000000000000000000e+00 1.041999999999999993e+01 5.269999999999999574e+00 8.849999999999999645e+00 4.259999999999999787e+00
-1.000000000000000000e+00 1.049000000000000021e+01 1.430000000000000071e+01 1.491000000000000014e+01 1.374000000000000021e+01 -1.000000000000000000e+00 1.034999999999999964e+01 5.259999999999999787e+00 8.800000000000000711e+00 4.330000000000000071e+00
-1.000000000000000000e+00 1.046000000000000085e+01 1.428999999999999915e+01 1.496000000000000085e+01 1.383000000000000007e+01 -1.000000000000000000e+00 1.035999999999999943e+01 5.290000000000000036e+00 8.810000000000000497e+00 4.360000000000000320e+00
-1.000000000000000000e+00 1.041999999999999993e+01 1.428999999999999915e+01 -1.000000000000000000e+00 1.382000000000000028e+01 -1.000000000000000000e+00 1.041999999999999993e+01 5.259999999999999787e+00 8.839999999999999858e+00 4.309999999999999609e+00
-1.000000000000000000e+00 1.049000000000000021e+01 1.431000000000000050e+01 1.494999999999999929e+01 1.372000000000000064e+01 -1.000000000000000000e+00 1.036999999999999922e+01 5.259999999999999787e+00 8.810000000000000497e+00 4.330000000000000071e+00
-1.000000000000000000e+00 1.048000000000000043e+01 1.427999999999999936e+01 1.491999999999999993e+01 1.378999999999999915e+01 -1.000000000000000000e+00 1.038000000000000078e+01 5.200000000000000178e+00 8.769999999999999574e+00 4.250000000000000000e+00
-1.000000000000000000e+00 1.044999999999999929e+01 1.425999999999999979e+01 -1.000000000000000000e+00 1.382000000000000028e+01 -1.000000000000000000e+00 1.028999999999999915e+01 5.290000000000000036e+00 8.800000000000000711e+00 4.370000000000000107e+00
-1.000000000000000000e+00 1.050999999999999979e+01 1.432000000000000028e+01 -1.000000000000000000e+00 1.375999999999999979e+01 -1.000000000000000000e+00 1.032000000000000028e+01 5.320000000000000284e+00 8.820000000000000284e+00 4.290000000000000036e+00
-1.000000000000000000e+00 1.050999999999999979e+01 1.426999999999999957e+01 -1.000000000000000000e+00 1.377999999999999936e+01 -1.000000000000000000e+00 1.031000000000000050e+01 5.299999999999999822e+00 8.849999999999999645e+00 4.320000000000000284e+00
-1.000000000000000000e+00 1.050000000000000000e+01 1.433999999999999986e+01 1.484999999999999964e+01 1.376999999999999957e+01 -1.000000000000000000e+00 1.034999999999999964e+01 5.309999999999999609e+00 8.820000000000000284e+00 4.299999999999999822e+00
-1.000000000000000000e+00 1.040000000000000036e+01 1.430000000000000071e+01 1.489000000000000057e+01 1.388000000000000078e+01 -1.000000000000000000e+00 1.041000000000000014e+01 5.299999999999999822e+00 8.839999999999999858e+00 4.330000000000000071e+00
-1.000000000000000000e+00 1.043999999999999950e+01 1.425000000000000000e+01 1.491999999999999993e+01 1.381000000000000050e+01 -1.000000000000000000e+00 1.041000000000000014e+01 5.290000000000000036e+00 8.859999999999999432e+00 4.349999999999999645e+00
-1.000000000000000000e+00 1.050000000000000000e+01 1.428999999999999915e+01 -1.000000000000000000e+00 1.382000000000000028e+01 -1.000000000000000000e+00 1.034999999999999964e+01 5.269999999999999574e+00 8.849999999999999645e+00 4.339999999999999858e+00
-1.000000000000000000e+00 1.047000000000000064e+01 1.434999999999999964e+01 -1.000000000000000000e+00 1.375000000000000000e+01 -1.000000000000000000e+00 1.038000000000000078e+01 5.250000000000000000e+00 8.839999999999999858e+00 4.349999999999999645e+00
-1.000000000000000000e+00 1.050000000000000000e+01 1.426999999999999957e+01 1.492999999999999972e+01 1.382000000000000028e+01 -1.000000000000000000e+00 1.034999999999999964e+01 5.290000000000000036e+00 8.849999999999999645e+00 4.259999999999999787e+00
-1.000000000000000000e+00 1.048000000000000043e+01 1.428999999999999915e+01 -1.000000000000000000e+00 1.383000000000000007e+01 -1.000000000000000000e+00 1.034999999999999964e+01 5.240000000000000213e+00 8.800000000000000711e+00 4.290000000000000036e+00
-1.000000000000000000e+00 1.048000000000000043e+01 1.427999999999999936e+01 1.482000000000000028e+01 1.377999999999999936e+01 -1.000000000000000000e+00 1.040000000000000036e+01 5.269999999999999574e+00 8.849999999999999645e+00 4.250000000000000000e+00
-1.000000000000000000e+00 1.047000000000000064e+01 1.425999999999999979e+01 -1.000000000000000000e+00 1.372000000000000064e+01 -1.000000000000000000e+00 1.038000000000000078e+01 5.240000000000000213e+00 8.859999999999999432e+00 4.370000000000000107e+00
-1.000000000000000000e+00 1.047000000000000064e+01 1.430000000000000071e+01 -1.000000000000000000e+00 1.381000000000000050e+01 -1.000000000000000000e+00 1.039000000000000057e+01 5.269999999999999574e+00 8.810000000000000497e+00 4.349999999999999645e+00
-1.000000000000000000e+00 1.048000000000000043e+01 1.427999999999999936e+01 1.486999999999999922e+01 1.375999999999999979e+01 -1.000000000000000000e+00 1.041999999999999993e+01 5.280000000000000249e+00 8.839999999999999858e+00 4.349999999999999645e+00
-1.000000000000000000e+00 1.044999999999999929e+01 1.431000000000000050e+01 -1.000000000000000000e+00 1.375000000000000000e+01 -1.000000000000000000e+00 1.036999999999999922e+01 5.299999999999999822e+00 8.869999999999999218e+00 4.339999999999999858e+00
-1.000000000000000000e+00 1.047000000000000064e+01 1.427999999999999936e+01 -1.000000000000000000e+00 1.374000000000000021e+01 -1.000000000000000000e+00 1.033000000000000007e+01 5.309999999999999609e+00 8.789999999999999147e+00 4.379999999999999893e+00
-1.000000000000000000e+00 1.048000000000000043e+01 1.431000000000000050e+01 1.483999999999999986e+01 1.385999999999999943e+01 -1.000000000000000000e+00 1.035999999999999943e+01 5.360000000000000320e+00 8.839999999999999858e+00 4.299999999999999822e+00
-1.000000000000000000e+00 1.041999999999999993e+01 1.425999999999999979e+01 1.491999999999999993e+01 1.378999999999999915e+01 -1.000000000000000000e+00 1.033000000000000007e+01 5.209999999999999964e+00 8.830000000000000071e+00 4.349999999999999645e+00
-1.000000000000000000e+00 1.043999999999999950e+01 1.431000000000000050e+01 1.489000000000000057e+01 1.373000000000000043e+01 -1.000000000000000000e+00 1.044999999999999929e+01 5.330000000000000071e+00 8.810000000000000497e+00 4.320000000000000284e+00
-1.000000000000000000e+00 1.041000000000000014e+01 1.425000000000000000e+01 -1.000000000000000000e+00 1.375999999999999979e+01 -1.000000000000000000e+00 1.039000000000000057e+01 5.219999999999999751e+00 8.779999999999999361e+00 4.349999999999999645e+00
-1.000000000000000000e+00 1.050000000000000000e+01 1.433000000000000007e+01 1.485999999999999943e+01 1.383000000000000007e+01 -1.000000000000000000e+00 1.036999999999999922e+01 5.299999999999999822e+00 8.849999999999999645e+00 4.309999999999999609e+00
-1.000000000000000000e+00 1.038000000000000078e+01 1.430000000000000071e+01 1.488000000000000078e+01 1.375999999999999979e+01 -1.000000000000000000e+00 1.036999999999999922e+01 5.330000000000000071e+00 8.830000000000000071e+00 4.360000000000000320e+00
-1.000000000000000000e+00 1.043999999999999950e+01 1.431000000000000050e+01 1.486999999999999922e+01 1.374000000000000021e+01 -1.000000000000000000e+00 1.040000000000000036e+01 5.240000000000000213e+00 8.830000000000000071e+00 4.339999999999999858e+00
-1.000000000000000000e+00 1.053999999999999915e+01 1.432000000000000028e+01 -1.000000000000000000e+00 1.378999999999999915e+01 -1.000000000000000000e+00 1.033999999999999986e+01 5.309999999999999609e+00 8.810000000000000497e+00 4.349999999999999645e+00
-1.000000000000000000e+00 1.050000000000000000e+01 1.431000000000000050e+01 1.488000000000000078e+01 1.376999999999999957e+01 -1.000000000000000000e+00 1.038000000000000078e+01 5.299999999999999822e+00 8.810000000000000497e+00 4.299999999999999822e+00
-1.000000000000000000e+00 1.048000000000000043e+01 1.425999999999999979e+01 -1.000000000000000000e+00 1.378999999999999915e+01 -1.000000000000000000e+00 1.041999999999999993e+01 5.259999999999999787e+00 8.810000000000000497e+00 4.330000000000000071e+00
-1.000000000000000000e+00 1.049000000000000021e+01 1.433999999999999986e+01 1.496000000000000085e+01 1.375999999999999979e+01 -1.000000000000000000e+00 1.038000000000000078e+01 5.290000000000000036e+00 8.839999999999999858e+00 4.370000000000000107e+00
-1.000000000000000000e+00 1.040000000000000036e+01 1.427999999999999936e+01 -1.000000000000000000e+00 1.381000000000000050e+01 -1.000000000000000000e+00 1.032000000000000028e+01 5.349999999999999645e+00 8.820000000000000284e+00 4.330000000000000071e+00
-1.000000000000000000e+00 1.049000000000000021e+01 1.426999999999999957e+01 -1.000000000000000000e+00 1.377999999999999936e+01 -1.000000000000000000e+00 1.031000000000000050e+01 5.379999999999999893e+00 8.810000000000000497e+00 4.299999999999999822e+00
-1.000000000000000000e+00 1.050000000000000000e+01 1.433999999999999986e+01 -1.000000000000000000e+00 1.374000000000000021e+01 -1.000000000000000000e+00 1.041999999999999993e+01 5.200000000000000178e+00 8.849999999999999645e+00 4.320000000000000284e+00
-1.000000000000000000e+00 1.049000000000000021e+01 1.425999999999999979e+01 -1.000000000000000000e+00 1.381000000000000050e+01 -1.000000000000000000e+00 1.038000000000000078e+01 5.259999999999999787e+00 8.820000000000000284e+00 4.259999999999999787e+00
-1.000000000000000000e+00 1.050000000000000000e+01 1.434999999999999964e+01 1.485999999999999943e+01 1.375000000000000000e+01 -1.000000000000000000e+00 1.035999999999999943e+01 5.299999999999999822e+00 8.830000000000000071e+00 4.370000000000000107e+00
