-1.000000000000000000e+00 -1.000000000000000000e+00 -1.000000000000000000e+00 -1.000000000000000000e+00 -1.000000000000000000e+00 -1.000000000000000000e+00 -1.000000000000000000e+00 -1.000000000000000000e+00 -1.000000000000000000e+00 -1.000000000000000000e+00
3.660000000000000142e+00 8.849999999999999645e+00 -1.000000000000000000e+00 5.750000000000000000e+00 -1.000000000000000000e+00 -1.000000000000000000e+00 5.040000000000000036e+00 1.021000000000000085e+01 1.044999999999999929e+01 -1.000000000000000000e+00
3.709999999999999964e+00 8.910000000000000142e+00 -1.000000000000000000e+00 5.820000000000000284e+00 -1.000000000000000000e+00 -1.000000000000000000e+00 5.049999999999999822e+00 1.917999999999999972e+01 1.046000000000000085e+01 -1.000000000000000000e+00
3.660000000000000142e+00 8.900000000000000355e+00 9.619999999999999218e+00 5.830000000000000071e+00 -1.000000000000000000e+00 -1.000000000000000000e+00 5.000000000000000000e+00 1.019999999999999929e+01 1.050000000000000000e+01 -1.000000000000000000e+00
3.720000000000000195e+00 8.810000000000000497e+00 9.619999999999999218e+00 5.790000000000000036e+00 -1.000000000000000000e+00 -1.000000000000000000e+00 4.950000000000000178e+00 1.016000000000000014e+01 1.052999999999999936e+01 -1.000000000000000000e+00
3.709999999999999964e+00 8.849999999999999645e+00 9.630000000000000782e+00 5.799999999999999822e+00 -1.000000000000000000e+00 -1.000000000000000000e+00 5.049999999999999822e+00 1.921999999999999886e+01 1.056000000000000050e+01 -1.000000000000000000e+00
3.609999999999999876e+00 8.869999999999999218e+00 -1.000000000000000000e+00 5.780000000000000249e+00 -1.000000000000000000e+00 -1.000000000000000000e+00 5.009999999999999787e+00 1.026999999999999957e+01 1.051999999999999957e+01 -1.000000000000000000e+00
3.660000000000000142e+00 8.859999999999999432e+00 -1.000000000000000000e+00 5.750000000000000000e+00 -1.000000000000000000e+00 -1.000000000000000000e+00 4.990000000000000213e+00 1.923000000000000043e+01 1.055000000000000071e+01 -1.000000000000000000e+00
3.689999999999999947e+00 8.859999999999999432e+00 -1.000000000000000000e+00 5.849999999999999645e+00 -1.000000000000000000e+00 -1.000000000000000000e+00 5.040000000000000036e+00 -1.000000000000000000e+00 1.051999999999999957e+01 -1.000000000000000000e+00
3.660000000000000142e+00 8.919999999999999929e+00 -1.000000000000000000e+00 5.830000000000000071e+00 -1.000000000000000000e+00 -1.000000000000000000e+00 5.080000000000000071e+00 1.025999999999999979e+01 1.050000000000000000e+01 -1.000000000000000000e+00
3.649999999999999911e+00 8.849999999999999645e+00 -1.000000000000000000e+00 5.830000000000000071e+00 -1.000000000000000000e+00 -1.000000000000000000e+00 5.049999999999999822e+00 1.025000000000000000e+01 1.050999999999999979e+01 -1.000000000000000000e+00
3.669999999999999929e+00 8.820000000000000284e+00 -1.000000000000000000e+00 5.860000000000000320e+00 -1.000000000000000000e+00 -1.000000000000000000e+00 4.950000000000000178e+00 1.022000000000000064e+01 1.050999999999999979e+01 -1.000000000000000000e+00
3.620000000000000107e+00 8.839999999999999858e+00 -1.000000000000000000e+00 5.809999999999999609e+00 -1.000000000000000000e+00 -1.000000000000000000e+00 5.019999999999999574e+00 -1.000000000000000000e+00 1.050000000000000000e+01 -1.000000000000000000e+00
3.700000000000000178e+00 8.859999999999999432e+00 -1.000000000000000000e+00 5.830000000000000071e+00 -1.000000000000000000e+00 -1.000000000000000000e+00 5.030000000000000249e+00 1.026999999999999957e+01 1.057000000000000028e+01 -1.000000000000000000e+00
3.700000000000000178e+00 8.769999999999999574e+00 -1.000000000000000000e+00 5.790000000000000036e+00 -1.000000000000000000e+00 -1.000000000000000000e+00 5.059999999999999609e+00 1.926999999999999957e+01 1.051999999999999957e+01 -1.000000000000000000e+00
3.609999999999999876e+00 8.830000000000000071e+00 -1.000000000000000000e+00 5.780000000000000249e+00 -1.000000000000000000e+00 -1.000000000000000000e+00 5.000000000000000000e+00 1.921999999999999886e+01 1.051999999999999957e+01 -1.000000000000000000e+00
3.620000000000000107e+00 8.880000000000000782e+00 -1.000000000000000000e+00 5.860000000000000320e+00 -1.000000000000000000e+00 -1.000000000000000000e+00 5.059999999999999609e+00 1.928999999999999915e+01 1.051999999999999957e+01 -1.000000000000000000e+00
3.660000000000000142e+00 8.830000000000000071e+00 9.630000000000000782e+00 5.809999999999999609e+00 -1.000000000000000000e+00 -1.000000000000000000e+00 5.070000000000000284e+00 -1.000000000000000000e+00 1.094999999999999929e+01 -1.000000000000000000e+00
3.609999999999999876e+00 8.859999999999999432e+00 -1.000000000000000000e+00 5.860000000000000320e+00 -1.000000000000000000e+00 -1.000000000000000000e+00 5.059999999999999609e+00 1.021000000000000085e+01 1.048000000000000043e+01 -1.000000000000000000e+00
3.660000000000000142e+00 8.839999999999999858e+00 -1.000000000000000000e+00 5.839999999999999858e+00 -1.000000000000000000e+00 -1.000000000000000000e+00 5.000000000000000000e+00 1.021000000000000085e+01 1.043999999999999950e+01 -1.000000000000000000e+00
3.729999999999999982e+00 8.810000000000000497e+00 -1.000000000000000000e+00 5.809999999999999609e+00 -1.000000000000000000e+00 -1.000000000000000000e+00 5.120000000000000107e+00 -1.000000000000000000e+00 1.051999999999999957e+01 -1.000000000000000000e+00
3.620000000000000107e+00 8.859999999999999432e+00 -1.000000000000000000e+00 5.790000000000000036e+00 -1.000000000000000000e+00 -1.000000000000000000e+00 5.059999999999999609e+00 1.016999999999999993e+01 1.080000000000000071e+01 -1.000000000000000000e+00
3.729999999999999982e+00 8.849999999999999645e+00 -1.000000000000000000e+00 5.820000000000000284e+00 -1.000000000000000000e+00 -1.000000000000000000e+00 5.000000000000000000e+00 1.025999999999999979e+01 1.052999999999999936e+01 -1.000000000000000000e+00
3.669999999999999929e+00 8.849999999999999645e+00 9.619999999999999218e+00 5.839999999999999858e+00 -1.000000000000000000e+00 -1.000000000000000000e+00 5.059999999999999609e+00 1.011999999999999922e+01 1.046000000000000085e+01 -1.000000000000000000e+00
3.729999999999999982e+00 8.779999999999999361e+00 -1.000000000000000000e+00 5.790000000000000036e+00 -1.000000000000000000e+00 -1.000000000000000000e+00 5.019999999999999574e+00 1.025999999999999979e+01 1.050000000000000000e+01 -1.000000000000000000e+00
3.680000000000000160e+00 8.880000000000000782e+00 9.660000000000000142e+00 5.750000000000000000e+00 -1.000000000000000000e+00 -1.000000000000000000e+00 5.059999999999999609e+00 1.917999999999999972e+01 1.044999999999999929e+01 -1.000000000000000000e+00
3.669999999999999929e+00 8.789999999999999147e+00 9.660000000000000142e+00 5.750000000000000000e+00 -1.000000000000000000e+00 -1.000000000000000000e+00 5.030000000000000249e+00 1.035999999999999943e+01 1.050000000000000000e+01 -1.000000000000000000e+00
3.649999999999999911e+00 8.769999999999999574e+00 9.679999999999999716e+00 5.740000000000000213e+00 -1.000000000000000000e+00 -1.000000000000000000e+00 5.030000000000000249e+00 1.912999999999999901e+01 1.044999999999999929e+01 -1.000000000000000000e+00
3.740000000000000213e+00 8.800000000000000711e+00 9.550000000000000711e+00 5.799999999999999822e+00 -1.000000000000000000e+00 -1.000000000000000000e+00 5.000000000000000000e+00 1.917999999999999972e+01 1.265000000000000036e+01 -1.000000000000000000e+00
3.629999999999999893e+00 8.849999999999999645e+00 9.599999999999999645e+00 5.839999999999999858e+00 -1.000000000000000000e+00 -1.000000000000000000e+00 5.030000000000000249e+00 1.919999999999999929e+01 1.058999999999999986e+01 -1.000000000000000000e+00
3.620000000000000107e+00 8.859999999999999432e+00 9.609999999999999432e+00 5.799999999999999822e+00 -1.000000000000000000e+00 -1.000000000000000000e+00 5.049999999999999822e+00 1.917999999999999972e+01 1.051999999999999957e+01 -1.000000000000000000e+00
3.660000000000000142e+00 8.789999999999999147e+00 9.580000000000000071e+00 5.830000000000000071e+00 -1.000000000000000000e+00 -1.000000000000000000e+00 4.990000000000000213e+00 1.016000000000000014e+01 1.047000000000000064e+01 -1.000000000000000000e+00
3.640000000000000124e+00 8.869999999999999218e+00 9.740000000000000213e+00 5.799999999999999822e+00 -1.000000000000000000e+00 -1.000000000000000000e+00 5.059999999999999609e+00 1.035999999999999943e+01 1.053999999999999915e+01 -1.000000000000000000e+00
3.680000000000000160e+00 8.810000000000000497e+00 9.589999999999999858e+00 5.780000000000000249e+00 -1.000000000000000000e+00 -1.000000000000000000e+00 5.040000000000000036e+00 -1.000000000000000000e+00 1.059999999999999964e+01 -1.000000000000000000e+00
3.589999999999999858e+00 8.900000000000000355e+00 9.609999999999999432e+00 5.790000000000000036e+00 -1.000000000000000000e+00 -1.000000000000000000e+00 5.030000000000000249e+00 1.025999999999999979e+01 1.296000000000000085e+01 -1.000000000000000000e+00
3.709999999999999964e+00 8.769999999999999574e+00 -1.000000000000000000e+00 5.790000000000000036e+00 -1.000000000000000000e+00 -1.000000000000000000e+00 5.009999999999999787e+00 1.923999999999999844e+01 1.274000000000000021e+01 -1.000000000000000000e+00
3.709999999999999964e+00 8.849999999999999645e+00 9.619999999999999218e+00 5.790000000000000036e+00 -1.000000000000000000e+00 -1.000000000000000000e+00 5.030000000000000249e+00 2.821999999999999886e+01 1.053999999999999915e+01 -1.000000000000000000e+00
3.669999999999999929e+00 8.810000000000000497e+00 -1.000000000000000000e+00 5.780000000000000249e+00 -1.000000000000000000e+00 -1.000000000000000000e+00 5.049999999999999822e+00 -1.000000000000000000e+00 1.046000000000000085e+01 -1.000000000000000000e+00
3.709999999999999964e+00 8.869999999999999218e+00 -1.000000000000000000e+00 5.860000000000000320e+00 -1.000000000000000000e+00 -1.000000000000000000e+00 5.019999999999999574e+00 -1.000000000000000000e+00 1.041999999999999993e+01 -1.000000000000000000e+00
3.649999999999999911e+00 8.849999999999999645e+00 -1.000000000000000000e+00 5.830000000000000071e+00 -1.000000000000000000e+00 -1.000000000000000000e+00 5.040000000000000036e+00 1.919999999999999929e+01 1.132000000000000028e+01 -1.000000000000000000e+00
3.620000000000000107e+00 8.849999999999999645e+00 -1.000000000000000000e+00 5.820000000000000284e+00 -1.000000000000000000e+00 -1.000000000000000000e+00 4.990000000000000213e+00 1.023000000000000043e+01 1.135999999999999943e+01 -1.000000000000000000e+00
3.680000000000000160e+00 8.810000000000000497e+00 9.699999999999999289e+00 5.799999999999999822e+00 -1.000000000000000000e+00 -1.000000000000000000e+00 5.049999999999999822e+00 -1.000000000000000000e+00 1.051999999999999957e+01 -1.000000000000000000e+00
3.729999999999999982e+00 8.810000000000000497e+00 -1.000000000000000000e+00 5.780000000000000249e+00 -1.000000000000000000e+00 -1.000000000000000000e+00 5.030000000000000249e+00 1.926999999999999957e+01 1.088000000000000078e+01 -1.000000000000000000e+00
3.629999999999999893e+00 8.900000000000000355e+00 -1.000000000000000000e+00 5.769999999999999574e+00 -1.000000000000000000e+00 -1.000000000000000000e+00 5.070000000000000284e+00 -1.000000000000000000e+00 1.094999999999999929e+01 -1.000000000000000000e+00
3.660000000000000142e+00 8.779999999999999361e+00 -1.000000000000000000e+00 5.780000000000000249e+00 -1.000000000000000000e+00 -1.000000000000000000e+00 5.030000000000000249e+00 1.021000000000000085e+01 1.043999999999999950e+01 -1.000000000000000000e+00
3.689999999999999947e+00 8.849999999999999645e+00 -1.000000000000000000e+00 5.870000000000000107e+00 -1.000000000000000000e+00 -1.000000000000000000e+00 5.059999999999999609e+00 1.009999999999999964e+01 1.050000000000000000e+01 -1.000000000000000000e+00
3.629999999999999893e+00 8.869999999999999218e+00 -1.000000000000000000e+00 5.820000000000000284e+00 -1.000000000000000000e+00 -1.000000000000000000e+00 4.950000000000000178e+00 1.026999999999999957e+01 1.050000000000000000e+01 -1.000000000000000000e+00
3.740000000000000213e+00 8.830000000000000071e+00 -1.000000000000000000e+00 5.799999999999999822e+00 -1.000000000000000000e+00 -1.000000000000000000e+00 4.969999999999999751e+00 1.921999999999999886e+01 1.049000000000000021e+01 -1.000000000000000000e+00
3.649999999999999911e+00 -1.000000000000000000e+00 -1.000000000000000000e+00 5.809999999999999609e+00 -1.000000000000000000e+00 -1.000000000000000000e+00 5.000000000000000000e+00 1.921999999999999886e+01 1.047000000000000064e+01 -1.000000000000000000e+00
3.689999999999999947e+00 8.849999999999999645e+00 -1.000000000000000000e+00 5.870000000000000107e+00 -1.000000000000000000e+00 -1.000000000000000000e+00 5.009999999999999787e+00 1.930000000000000071e+01 1.046000000000000085e+01 -1.000000000000000000e+00
3.700000000000000178e+00 8.859999999999999432e+00 -1.000000000000000000e+00 5.799999999999999822e+00 -1.000000000000000000e+00 -1.000000000000000000e+00 5.059999999999999609e+00 1.026999999999999957e+01 1.050999999999999979e+01 -1.000000000000000000e+00
3.669999999999999929e+00 8.830000000000000071e+00 9.509999999999999787e+00 5.799999999999999822e+00 -1.000000000000000000e+00 -1.000000000000000000e+00 5.059999999999999609e+00 1.016999999999999993e+01 1.050000000000000000e+01 -1.000000000000000000e+00
3.729999999999999982e+00 8.810000000000000497e+00 -1.000000000000000000e+00 5.790000000000000036e+00 -1.000000000000000000e+00 -1.000000000000000000e+00 5.000000000000000000e+00 1.030000000000000071e+01 1.098000000000000043e+01 -1.000000000000000000e+00
3.700000000000000178e+00 8.810000000000000497e+00 -1.000000000000000000e+00 5.809999999999999609e+00 -1.000000000000000000e+00 -1.000000000000000000e+00 5.059999999999999609e+00 -1.000000000000000000e+00 1.050999999999999979e+01 -1.000000000000000000e+00
3.759999999999999787e+00 8.849999999999999645e+00 -1.000000000000000000e+00 5.849999999999999645e+00 -1.000000000000000000e+00 -1.000000000000000000e+00 5.059999999999999609e+00 1.919999999999999929e+01 1.044999999999999929e+01 -1.000000000000000000e+00
3.759999999999999787e+00 8.900000000000000355e+00 -1.000000000000000000e+00 5.839999999999999858e+00 -1.000000000000000000e+00 -1.000000000000000000e+00 5.019999999999999574e+00 1.018999999999999950e+01 1.141999999999999993e+01 -1.000000000000000000e+00
3.729999999999999982e+00 8.800000000000000711e+00 -1.000000000000000000e+00 5.839999999999999858e+00 -1.000000000000000000e+00 -1.000000000000000000e+00 5.059999999999999609e+00 1.919000000000000128e+01 1.051999999999999957e+01 -1.000000000000000000e+00
3.720000000000000195e+00 8.789999999999999147e+00 9.619999999999999218e+00 5.799999999999999822e+00 -1.000000000000000000e+00 -1.000000000000000000e+00 4.959999999999999964e+00 1.030000000000000071e+01 1.133000000000000007e+01 -1.000000000000000000e+00
3.729999999999999982e+00 8.759999999999999787e+00 9.580000000000000071e+00 5.790000000000000036e+00 -1.000000000000000000e+00 -1.000000000000000000e+00 5.009999999999999787e+00 1.016999999999999993e+01 1.125999999999999979e+01 -1.000000000000000000e+00
3.680000000000000160e+00 8.880000000000000782e+00 -1.000000000000000000e+00 5.799999999999999822e+00 -1.000000000000000000e+00 -1.000000000000000000e+00 5.009999999999999787e+00 1.926000000000000156e+01 1.122000000000000064e+01 -1.000000000000000000e+00
3.640000000000000124e+00 8.859999999999999432e+00 9.609999999999999432e+00 5.730000000000000426e+00 -1.000000000000000000e+00 -1.000000000000000000e+00 5.139999999999999680e+00 -1.000000000000000000e+00 1.123000000000000043e+01 -1.000000000000000000e+00
3.689999999999999947e+00 8.869999999999999218e+00 -1.000000000000000000e+00 5.769999999999999574e+00 -1.000000000000000000e+00 -1.000000000000000000e+00 5.049999999999999822e+00 1.016999999999999993e+01 1.135999999999999943e+01 -1.000000000000000000e+00
3.629999999999999893e+00 8.859999999999999432e+00 -1.000000000000000000e+00 5.860000000000000320e+00 -1.000000000000000000e+00 -1.000000000000000000e+00 5.049999999999999822e+00 -1.000000000000000000e+00 1.097000000000000064e+01 -1.000000000000000000e+00
3.720000000000000195e+00 8.810000000000000497e+00 -1.000000000000000000e+00 5.799999999999999822e+00 -1.000000000000000000e+00 -1.000000000000000000e+00 5.009999999999999787e+00 1.921999999999999886e+01 1.052999999999999936e+01 -1.000000000000000000e+00
3.689999999999999947e+00 8.859999999999999432e+00 -1.000000000000000000e+00 5.839999999999999858e+00 -1.000000000000000000e+00 -1.000000000000000000e+00 4.980000000000000426e+00 1.023000000000000043e+01 1.053999999999999915e+01 -1.000000000000000000e+00
3.640000000000000124e+00 8.830000000000000071e+00 -1.000000000000000000e+00 5.830000000000000071e+00 -1.000000000000000000e+00 -1.000000000000000000e+00 5.019999999999999574e+00 1.917999999999999972e+01 1.046000000000000085e+01 -1.000000000000000000e+00
3.680000000000000160e+00 8.779999999999999361e+00 -1.000000000000000000e+00 5.769999999999999574e+00 -1.000000000000000000e+00 -1.000000000000000000e+00 5.000000000000000000e+00 1.917999999999999972e+01 1.055000000000000071e+01 -1.000000000000000000e+00
3.649999999999999911e+00 8.820000000000000284e+00 -1.000000000000000000e+00 5.780000000000000249e+00 -1.000000000000000000e+00 -1.000000000000000000e+00 4.990000000000000213e+00 1.025000000000000000e+01 1.048000000000000043e+01 -1.000000000000000000e+00
3.700000000000000178e+00 8.900000000000000355e+00 -1.000000000000000000e+00 5.860000000000000320e+00 -1.000000000000000000e+00 -1.000000000000000000e+00 5.049999999999999822e+00 -1.000000000000000000e+00 1.048000000000000043e+01 -1.000000000000000000e+00
3.660000000000000142e+00 8.800000000000000711e+00 -1.000000000000000000e+00 5.809999999999999609e+00 -1.000000000000000000e+00 -1.000000000000000000e+00 5.040000000000000036e+00 -1.000000000000000000e+00 1.044999999999999929e+01 -1.000000000000000000e+00
3.720000000000000195e+00 8.880000000000000782e+00 -1.000000000000000000e+00 5.830000000000000071e+00 -1.000000000000000000e+00 -1.000000000000000000e+00 5.049999999999999822e+00 1.019999999999999929e+01 1.042999999999999972e+01 -1.000000000000000000e+00
3.689999999999999947e+00 8.839999999999999858e+00 -1.000000000000000000e+00 5.790000000000000036e+00 -1.000000000000000000e+00 -1.000000000000000000e+00 5.040000000000000036e+00 1.923000000000000043e+01 1.050000000000000000e+01 -1.000000000000000000e+00
3.689999999999999947e+00 8.800000000000000711e+00 -1.000000000000000000e+00 5.780000000000000249e+00 -1.000000000000000000e+00 -1.000000000000000000e+00 4.969999999999999751e+00 1.025000000000000000e+01 1.058999999999999986e+01 -1.000000000000000000e+00
3.700000000000000178e+00 8.820000000000000284e+00 -1.000000000000000000e+00 5.799999999999999822e+00 -1.000000000000000000e+00 -1.000000000000000000e+00 4.990000000000000213e+00 2.817999999999999972e+01 1.050000000000000000e+01 -1.000000000000000000e+00
3.640000000000000124e+00 8.859999999999999432e+00 -1.000000000000000000e+00 5.799999999999999822e+00 -1.000000000000000000e+00 -1.000000000000000000e+00 5.059999999999999609e+00 1.023000000000000043e+01 1.057000000000000028e+01 -1.000000000000000000e+00
3.709999999999999964e+00 8.859999999999999432e+00 9.560000000000000497e+00 5.809999999999999609e+00 -1.000000000000000000e+00 -1.000000000000000000e+00 5.049999999999999822e+00 1.919000000000000128e+01 1.049000000000000021e+01 -1.000000000000000000e+00
3.700000000000000178e+00 8.859999999999999432e+00 -1.000000000000000000e+00 5.790000000000000036e+00 -1.000000000000000000e+00 -1.000000000000000000e+00 5.019999999999999574e+00 1.928000000000000114e+01 1.058000000000000007e+01 -1.000000000000000000e+00
3.750000000000000000e+00 8.800000000000000711e+00 -1.000000000000000000e+00 5.769999999999999574e+00 -1.000000000000000000e+00 -1.000000000000000000e+00 5.009999999999999787e+00 1.016000000000000014e+01 1.057000000000000028e+01 -1.000000000000000000e+00
3.689999999999999947e+00 8.869999999999999218e+00 -1.000000000000000000e+00 5.830000000000000071e+00 -1.000000000000000000e+00 -1.000000000000000000e+00 5.089999999999999858e+00 1.016999999999999993e+01 1.053999999999999915e+01 -1.000000000000000000e+00
3.680000000000000160e+00 8.839999999999999858e+00 -1.000000000000000000e+00 5.809999999999999609e+00 -1.000000000000000000e+00 -1.000000000000000000e+00 5.070000000000000284e+00 1.016999999999999993e+01 1.058000000000000007e+01 -1.000000000000000000e+00
3.720000000000000195e+00 8.839999999999999858e+00 -1.000000000000000000e+00 5.799999999999999822e+00 -1.000000000000000000e+00 -1.000000000000000000e+00 5.030000000000000249e+00 1.921000000000000085e+01 1.059999999999999964e+01 -1.000000000000000000e+00
3.640000000000000124e+00 8.880000000000000782e+00 -1.000000000000000000e+00 5.849999999999999645e+00 -1.000000000000000000e+00 -1.000000000000000000e+00 5.049999999999999822e+00 1.919000000000000128e+01 1.044999999999999929e+01 -1.000000000000000000e+00
3.669999999999999929e+00 8.839999999999999858e+00 -1.000000000000000000e+00 5.780000000000000249e+00 -1.000000000000000000e+00 -1.000000000000000000e+00 5.080000000000000071e+00 1.026999999999999957e+01 1.051999999999999957e+01 -1.000000000000000000e+00
3.700000000000000178e+00 8.830000000000000071e+00 -1.000000000000000000e+00 5.780000000000000249e+00 -1.000000000000000000e+00 -1.000000000000000000e+00 5.030000000000000249e+00 1.921999999999999886e+01 1.056000000000000050e+01 -1.000000000000000000e+00
3.640000000000000124e+00 8.880000000000000782e+00 -1.000000000000000000e+00 5.839999999999999858e+00 -1.000000000000000000e+00 -1.000000000000000000e+00 5.059999999999999609e+00 1.930000000000000071e+01 1.049000000000000021e+01 -1.000000000000000000e+00
3.709999999999999964e+00 8.839999999999999858e+00 -1.000000000000000000e+00 5.830000000000000071e+00 -1.000000000000000000e+00 -1.000000000000000000e+00 5.040000000000000036e+00 1.921999999999999886e+01 1.056000000000000050e+01 -1.000000000000000000e+00
3.620000000000000107e+00 8.910000000000000142e+00 -1.000000000000000000e+00 5.809999999999999609e+00 -1.000000000000000000e+00 -1.000000000000000000e+00 5.070000000000000284e+00 1.919999999999999929e+01 1.050999999999999979e+01 -1.000000000000000000e+00
3.660000000000000142e+00 8.820000000000000284e+00 -1.000000000000000000e+00 5.759999999999999787e+00 -1.000000000000000000e+00 -1.000000000000000000e+00 5.110000000000000320e+00 2.826999999999999957e+01 1.057000000000000028e+01 -1.000000000000000000e+00
3.750000000000000000e+00 8.880000000000000782e+00 -1.000000000000000000e+00 5.809999999999999609e+00 -1.000000000000000000e+00 -1.000000000000000000e+00 5.049999999999999822e+00 1.024000000000000021e+01 1.049000000000000021e+01 -1.000000000000000000e+00
3.600000000000000089e+00 8.869999999999999218e+00 -1.000000000000000000e+00 5.910000000000000142e+00 -1.000000000000000000e+00 -1.000000000000000000e+00 5.099999999999999645e+00 1.914000000000000057e+01 1.056000000000000050e+01 -1.000000000000000000e+00
3.640000000000000124e+00 8.800000000000000711e+00 -1.000000000000000000e+00 5.799999999999999822e+00 -1.000000000000000000e+00 -1.000000000000000000e+00 5.080000000000000071e+00 1.013000000000000078e+01 1.141000000000000014e+01 -1.000000000000000000e+00
3.660000000000000142e+00 8.869999999999999218e+00 -1.000000000000000000e+00 5.830000000000000071e+00 -1.000000000000000000e+00 -1.000000000000000000e+00 4.929999999999999716e+00 -1.000000000000000000e+00 1.050000000000000000e+01 -1.000000000000000000e+00
3.720000000000000195e+00 8.779999999999999361e+00 -1.000000000000000000e+00 5.799999999999999822e+00 -1.000000000000000000e+00 -1.000000000000000000e+00 5.070000000000000284e+00 1.919999999999999929e+01 1.066999999999999993e+01 -1.000000000000000000e+00
3.700000000000000178e+00 8.919999999999999929e+00 -1.000000000000000000e+00 5.839999999999999858e+00 -1.000000000000000000e+00 -1.000000000000000000e+00 4.959999999999999964e+00 1.916000000000000014e+01 1.051999999999999957e+01 -1.000000000000000000e+00
3.720000000000000195e+00 8.830000000000000071e+00 -1.000000000000000000e+00 5.839999999999999858e+00 -1.000000000000000000e+00 -1.000000000000000000e+00 4.990000000000000213e+00 1.030000000000000071e+01 1.052999999999999936e+01 -1.000000000000000000e+00
3.680000000000000160e+00 8.859999999999999432e+00 -1.000000000000000000e+00 5.799999999999999822e+00 -1.000000000000000000e+00 -1.000000000000000000e+00 4.990000000000000213e+00 1.041000000000000014e+01 1.056000000000000050e+01 -1.000000000000000000e+00
3.669999999999999929e+00 8.880000000000000782e+00 -1.000000000000000000e+00 5.809999999999999609e+00 -1.000000000000000000e+00 -1.000000000000000000e+00 4.940000000000000391e+00 1.032000000000000028e+01 1.089000000000000057e+01 -1.000000000000000000e+00
3.680000000000000160e+00 8.839999999999999858e+00 -1.000000000000000000e+00 5.860000000000000320e+00 -1.000000000000000000e+00 -1.000000000000000000e+00 5.030000000000000249e+00 1.917000000000000171e+01 1.067999999999999972e+01 -1.000000000000000000e+00
3.689999999999999947e+00 8.859999999999999432e+00 -1.000000000000000000e+00 5.790000000000000036e+00 -1.000000000000000000e+00 -1.000000000000000000e+00 4.969999999999999751e+00 1.019999999999999929e+01 1.056000000000000050e+01 -1.000000000000000000e+00
3.660000000000000142e+00 8.820000000000000284e+00 -1.000000000000000000e+00 5.830000000000000071e+00 -1.000000000000000000e+00 -1.000000000000000000e+00 5.009999999999999787e+00 1.022000000000000064e+01 1.049000000000000021e+01 -1.000000000000000000e+00
