-1.000000000000000000e+00 -1.000000000000000000e+00 -1.000000000000000000e+00 -1.000000000000000000e+00 -1.000000000000000000e+00 -1.000000000000000000e+00 -1.000000000000000000e+00 -1.000000000000000000e+00 -1.000000000000000000e+00 -1.000000000000000000e+00
-1.000000000000000000e+00 2.817999999999999972e+01 1.253999999999999915e+01 9.800000000000000711e+00 5.040000000000000036e+00 -1.000000000000000000e+00 -1.000000000000000000e+00 8.830000000000000071e+00 5.250000000000000000e+00 7.009999999999999787e+00
-1.000000000000000000e+00 2.812000000000000099e+01 2.462999999999999901e+01 9.869999999999999218e+00 5.030000000000000249e+00 -1.000000000000000000e+00 -1.000000000000000000e+00 -1.000000000000000000e+00 5.230000000000000426e+00 7.009999999999999787e+00
-1.000000000000000000e+00 2.817999999999999972e+01 1.253999999999999915e+01 9.839999999999999858e+00 5.030000000000000249e+00 -1.000000000000000000e+00 -1.000000000000000000e+00 8.710000000000000853e+00 5.339999999999999858e+00 6.990000000000000213e+00
-1.000000000000000000e+00 2.817000000000000171e+01 1.857999999999999829e+01 9.900000000000000355e+00 4.969999999999999751e+00 -1.000000000000000000e+00 -1.000000000000000000e+00 8.880000000000000782e+00 5.400000000000000355e+00 6.940000000000000391e+00
-1.000000000000000000e+00 2.810000000000000142e+01 1.857000000000000028e+01 9.849999999999999645e+00 4.990000000000000213e+00 -1.000000000000000000e+00 -1.000000000000000000e+00 8.839999999999999858e+00 5.450000000000000178e+00 6.940000000000000391e+00
-1.000000000000000000e+00 2.814999999999999858e+01 1.864999999999999858e+01 9.859999999999999432e+00 4.980000000000000426e+00 -1.000000000000000000e+00 -1.000000000000000000e+00 8.779999999999999361e+00 5.389999999999999680e+00 7.030000000000000249e+00
-1.000000000000000000e+00 2.812000000000000099e+01 1.871000000000000085e+01 9.849999999999999645e+00 4.980000000000000426e+00 -1.000000000000000000e+00 -1.000000000000000000e+00 8.800000000000000711e+00 5.339999999999999858e+00 7.019999999999999574e+00
-1.000000000000000000e+00 2.062000000000000099e+01 2.471999999999999886e+01 9.789999999999999147e+00 4.980000000000000426e+00 -1.000000000000000000e+00 -1.000000000000000000e+00 8.859999999999999432e+00 5.360000000000000320e+00 7.049999999999999822e+00
-1.000000000000000000e+00 2.803999999999999915e+01 1.864000000000000057e+01 9.810000000000000497e+00 5.000000000000000000e+00 -1.000000000000000000e+00 -1.000000000000000000e+00 8.810000000000000497e+00 5.269999999999999574e+00 6.940000000000000391e+00
-1.000000000000000000e+00 2.814000000000000057e+01 -1.000000000000000000e+00 9.820000000000000284e+00 4.969999999999999751e+00 -1.000000000000000000e+00 -1.000000000000000000e+00 8.890000000000000568e+00 5.330000000000000071e+00 6.980000000000000426e+00
-1.000000000000000000e+00 2.812999999999999901e+01 1.867999999999999972e+01 9.890000000000000568e+00 4.919999999999999929e+00 -1.000000000000000000e+00 -1.000000000000000000e+00 8.800000000000000711e+00 5.339999999999999858e+00 7.059999999999999609e+00
-1.000000000000000000e+00 1.316999999999999993e+01 1.862000000000000099e+01 9.839999999999999858e+00 4.969999999999999751e+00 -1.000000000000000000e+00 -1.000000000000000000e+00 8.849999999999999645e+00 5.370000000000000107e+00 6.959999999999999964e+00
-1.000000000000000000e+00 1.308999999999999986e+01 1.858999999999999986e+01 9.859999999999999432e+00 4.950000000000000178e+00 -1.000000000000000000e+00 -1.000000000000000000e+00 8.830000000000000071e+00 5.309999999999999609e+00 6.959999999999999964e+00
-1.000000000000000000e+00 1.916000000000000014e+01 2.473999999999999844e+01 9.869999999999999218e+00 5.040000000000000036e+00 -1.000000000000000000e+00 -1.000000000000000000e+00 8.800000000000000711e+00 5.370000000000000107e+00 7.040000000000000036e+00
-1.000000000000000000e+00 2.814999999999999858e+01 1.857000000000000028e+01 9.839999999999999858e+00 5.030000000000000249e+00 -1.000000000000000000e+00 -1.000000000000000000e+00 8.849999999999999645e+00 5.339999999999999858e+00 6.950000000000000178e+00
-1.000000000000000000e+00 2.810999999999999943e+01 1.258999999999999986e+01 9.839999999999999858e+00 5.009999999999999787e+00 -1.000000000000000000e+00 -1.000000000000000000e+00 8.779999999999999361e+00 5.280000000000000249e+00 6.990000000000000213e+00
-1.000000000000000000e+00 1.311999999999999922e+01 2.469000000000000128e+01 9.830000000000000071e+00 4.959999999999999964e+00 -1.000000000000000000e+00 -1.000000000000000000e+00 8.839999999999999858e+00 5.370000000000000107e+00 6.990000000000000213e+00
-1.000000000000000000e+00 1.303999999999999915e+01 1.250000000000000000e+01 9.830000000000000071e+00 4.969999999999999751e+00 -1.000000000000000000e+00 -1.000000000000000000e+00 8.779999999999999361e+00 5.339999999999999858e+00 6.990000000000000213e+00
-1.000000000000000000e+00 1.293999999999999950e+01 1.864000000000000057e+01 9.859999999999999432e+00 4.980000000000000426e+00 -1.000000000000000000e+00 -1.000000000000000000e+00 8.830000000000000071e+00 5.309999999999999609e+00 6.980000000000000426e+00
-1.000000000000000000e+00 1.286999999999999922e+01 1.862999999999999901e+01 9.880000000000000782e+00 4.969999999999999751e+00 -1.000000000000000000e+00 -1.000000000000000000e+00 8.779999999999999361e+00 5.330000000000000071e+00 7.030000000000000249e+00
-1.000000000000000000e+00 1.297000000000000064e+01 2.473000000000000043e+01 9.839999999999999858e+00 4.940000000000000391e+00 -1.000000000000000000e+00 -1.000000000000000000e+00 8.810000000000000497e+00 5.360000000000000320e+00 -1.000000000000000000e+00
-1.000000000000000000e+00 1.301999999999999957e+01 1.247000000000000064e+01 9.849999999999999645e+00 4.959999999999999964e+00 -1.000000000000000000e+00 -1.000000000000000000e+00 8.660000000000000142e+00 5.349999999999999645e+00 6.980000000000000426e+00
-1.000000000000000000e+00 2.817999999999999972e+01 1.860999999999999943e+01 9.849999999999999645e+00 4.919999999999999929e+00 -1.000000000000000000e+00 -1.000000000000000000e+00 8.769999999999999574e+00 5.280000000000000249e+00 7.009999999999999787e+00
-1.000000000000000000e+00 2.814000000000000057e+01 1.855000000000000071e+01 9.800000000000000711e+00 5.019999999999999574e+00 -1.000000000000000000e+00 -1.000000000000000000e+00 8.800000000000000711e+00 5.339999999999999858e+00 7.040000000000000036e+00
-1.000000000000000000e+00 2.055000000000000071e+01 1.866000000000000014e+01 9.880000000000000782e+00 4.980000000000000426e+00 -1.000000000000000000e+00 -1.000000000000000000e+00 8.820000000000000284e+00 5.309999999999999609e+00 6.980000000000000426e+00
-1.000000000000000000e+00 1.926000000000000156e+01 1.857999999999999829e+01 9.880000000000000782e+00 5.000000000000000000e+00 -1.000000000000000000e+00 -1.000000000000000000e+00 8.839999999999999858e+00 5.389999999999999680e+00 7.070000000000000284e+00
-1.000000000000000000e+00 2.805999999999999872e+01 1.246000000000000085e+01 9.849999999999999645e+00 5.040000000000000036e+00 -1.000000000000000000e+00 -1.000000000000000000e+00 8.830000000000000071e+00 5.379999999999999893e+00 7.000000000000000000e+00
-1.000000000000000000e+00 2.810000000000000142e+01 1.867000000000000171e+01 9.830000000000000071e+00 5.110000000000000320e+00 -1.000000000000000000e+00 -1.000000000000000000e+00 8.820000000000000284e+00 5.370000000000000107e+00 6.980000000000000426e+00
-1.000000000000000000e+00 1.301999999999999957e+01 1.259999999999999964e+01 9.849999999999999645e+00 4.940000000000000391e+00 -1.000000000000000000e+00 -1.000000000000000000e+00 8.789999999999999147e+00 5.330000000000000071e+00 6.959999999999999964e+00
-1.000000000000000000e+00 1.299000000000000021e+01 1.864000000000000057e+01 9.869999999999999218e+00 4.919999999999999929e+00 -1.000000000000000000e+00 -1.000000000000000000e+00 8.849999999999999645e+00 5.379999999999999893e+00 7.030000000000000249e+00
-1.000000000000000000e+00 2.048999999999999844e+01 1.247000000000000064e+01 9.820000000000000284e+00 4.990000000000000213e+00 -1.000000000000000000e+00 -1.000000000000000000e+00 8.830000000000000071e+00 5.330000000000000071e+00 6.980000000000000426e+00
-1.000000000000000000e+00 2.069999999999999929e+01 2.467999999999999972e+01 9.859999999999999432e+00 5.019999999999999574e+00 -1.000000000000000000e+00 -1.000000000000000000e+00 8.779999999999999361e+00 5.339999999999999858e+00 7.009999999999999787e+00
-1.000000000000000000e+00 2.055999999999999872e+01 1.252999999999999936e+01 9.849999999999999645e+00 4.980000000000000426e+00 -1.000000000000000000e+00 -1.000000000000000000e+00 8.820000000000000284e+00 5.330000000000000071e+00 7.000000000000000000e+00
-1.000000000000000000e+00 1.316000000000000014e+01 1.862000000000000099e+01 9.769999999999999574e+00 5.000000000000000000e+00 -1.000000000000000000e+00 -1.000000000000000000e+00 8.849999999999999645e+00 5.320000000000000284e+00 6.910000000000000142e+00
-1.000000000000000000e+00 1.317999999999999972e+01 1.256000000000000050e+01 9.830000000000000071e+00 5.040000000000000036e+00 -1.000000000000000000e+00 -1.000000000000000000e+00 8.810000000000000497e+00 5.349999999999999645e+00 7.000000000000000000e+00
-1.000000000000000000e+00 2.816000000000000014e+01 1.862000000000000099e+01 9.830000000000000071e+00 4.980000000000000426e+00 -1.000000000000000000e+00 -1.000000000000000000e+00 8.820000000000000284e+00 5.349999999999999645e+00 6.959999999999999964e+00
-1.000000000000000000e+00 2.817999999999999972e+01 1.857000000000000028e+01 9.810000000000000497e+00 4.959999999999999964e+00 -1.000000000000000000e+00 -1.000000000000000000e+00 8.820000000000000284e+00 5.379999999999999893e+00 6.940000000000000391e+00
-1.000000000000000000e+00 2.810999999999999943e+01 -1.000000000000000000e+00 9.800000000000000711e+00 5.009999999999999787e+00 -1.000000000000000000e+00 -1.000000000000000000e+00 8.830000000000000071e+00 5.360000000000000320e+00 7.019999999999999574e+00
-1.000000000000000000e+00 2.053999999999999915e+01 1.253999999999999915e+01 9.849999999999999645e+00 5.000000000000000000e+00 -1.000000000000000000e+00 -1.000000000000000000e+00 8.769999999999999574e+00 5.330000000000000071e+00 7.080000000000000071e+00
-1.000000000000000000e+00 1.296000000000000085e+01 1.866000000000000014e+01 9.849999999999999645e+00 5.019999999999999574e+00 -1.000000000000000000e+00 -1.000000000000000000e+00 8.810000000000000497e+00 5.349999999999999645e+00 6.980000000000000426e+00
-1.000000000000000000e+00 2.057999999999999829e+01 1.256000000000000050e+01 9.859999999999999432e+00 5.040000000000000036e+00 -1.000000000000000000e+00 -1.000000000000000000e+00 8.800000000000000711e+00 5.339999999999999858e+00 7.000000000000000000e+00
-1.000000000000000000e+00 1.297000000000000064e+01 1.864000000000000057e+01 9.849999999999999645e+00 5.030000000000000249e+00 -1.000000000000000000e+00 -1.000000000000000000e+00 8.769999999999999574e+00 5.339999999999999858e+00 7.019999999999999574e+00
-1.000000000000000000e+00 2.050000000000000000e+01 1.252999999999999936e+01 9.810000000000000497e+00 4.980000000000000426e+00 -1.000000000000000000e+00 -1.000000000000000000e+00 8.789999999999999147e+00 5.320000000000000284e+00 7.049999999999999822e+00
-1.000000000000000000e+00 2.044000000000000128e+01 1.253999999999999915e+01 9.810000000000000497e+00 5.019999999999999574e+00 -1.000000000000000000e+00 -1.000000000000000000e+00 8.849999999999999645e+00 5.400000000000000355e+00 6.990000000000000213e+00
-1.000000000000000000e+00 2.817999999999999972e+01 1.857000000000000028e+01 9.859999999999999432e+00 4.950000000000000178e+00 -1.000000000000000000e+00 -1.000000000000000000e+00 -1.000000000000000000e+00 5.379999999999999893e+00 6.969999999999999751e+00
-1.000000000000000000e+00 2.814999999999999858e+01 1.871999999999999886e+01 9.839999999999999858e+00 5.019999999999999574e+00 -1.000000000000000000e+00 -1.000000000000000000e+00 8.759999999999999787e+00 5.330000000000000071e+00 6.950000000000000178e+00
-1.000000000000000000e+00 2.808999999999999986e+01 1.862000000000000099e+01 9.900000000000000355e+00 5.019999999999999574e+00 -1.000000000000000000e+00 -1.000000000000000000e+00 8.859999999999999432e+00 5.379999999999999893e+00 6.959999999999999964e+00
-1.000000000000000000e+00 2.823000000000000043e+01 1.855999999999999872e+01 9.859999999999999432e+00 4.969999999999999751e+00 -1.000000000000000000e+00 -1.000000000000000000e+00 8.880000000000000782e+00 5.330000000000000071e+00 7.049999999999999822e+00
-1.000000000000000000e+00 1.939999999999999858e+01 1.261999999999999922e+01 9.849999999999999645e+00 4.980000000000000426e+00 -1.000000000000000000e+00 -1.000000000000000000e+00 8.849999999999999645e+00 5.339999999999999858e+00 7.040000000000000036e+00
-1.000000000000000000e+00 1.258999999999999986e+01 -1.000000000000000000e+00 9.759999999999999787e+00 5.019999999999999574e+00 -1.000000000000000000e+00 -1.000000000000000000e+00 8.769999999999999574e+00 5.360000000000000320e+00 7.019999999999999574e+00
-1.000000000000000000e+00 2.810000000000000142e+01 1.258999999999999986e+01 9.839999999999999858e+00 4.959999999999999964e+00 -1.000000000000000000e+00 -1.000000000000000000e+00 8.880000000000000782e+00 5.349999999999999645e+00 -1.000000000000000000e+00
-1.000000000000000000e+00 1.264000000000000057e+01 1.855999999999999872e+01 9.929999999999999716e+00 4.980000000000000426e+00 -1.000000000000000000e+00 -1.000000000000000000e+00 8.759999999999999787e+00 5.370000000000000107e+00 6.980000000000000426e+00
-1.000000000000000000e+00 -1.000000000000000000e+00 1.853999999999999915e+01 9.789999999999999147e+00 5.040000000000000036e+00 -1.000000000000000000e+00 -1.000000000000000000e+00 8.800000000000000711e+00 5.320000000000000284e+00 6.980000000000000426e+00
-1.000000000000000000e+00 1.260999999999999943e+01 2.457999999999999829e+01 9.849999999999999645e+00 5.009999999999999787e+00 -1.000000000000000000e+00 -1.000000000000000000e+00 8.830000000000000071e+00 5.379999999999999893e+00 6.990000000000000213e+00
-1.000000000000000000e+00 2.819000000000000128e+01 1.864000000000000057e+01 9.830000000000000071e+00 4.969999999999999751e+00 -1.000000000000000000e+00 -1.000000000000000000e+00 8.869999999999999218e+00 5.339999999999999858e+00 7.059999999999999609e+00
-1.000000000000000000e+00 1.253999999999999915e+01 1.855999999999999872e+01 9.849999999999999645e+00 4.980000000000000426e+00 -1.000000000000000000e+00 -1.000000000000000000e+00 8.779999999999999361e+00 5.330000000000000071e+00 6.940000000000000391e+00
-1.000000000000000000e+00 1.264000000000000057e+01 1.867000000000000171e+01 9.820000000000000284e+00 4.969999999999999751e+00 -1.000000000000000000e+00 -1.000000000000000000e+00 8.820000000000000284e+00 5.320000000000000284e+00 6.950000000000000178e+00
-1.000000000000000000e+00 1.266999999999999993e+01 1.867000000000000171e+01 9.830000000000000071e+00 4.990000000000000213e+00 -1.000000000000000000e+00 -1.000000000000000000e+00 8.789999999999999147e+00 5.320000000000000284e+00 7.040000000000000036e+00
-1.000000000000000000e+00 1.255000000000000071e+01 1.249000000000000021e+01 9.800000000000000711e+00 4.929999999999999716e+00 -1.000000000000000000e+00 -1.000000000000000000e+00 8.779999999999999361e+00 5.320000000000000284e+00 -1.000000000000000000e+00
-1.000000000000000000e+00 1.266000000000000014e+01 1.862999999999999901e+01 9.849999999999999645e+00 4.959999999999999964e+00 -1.000000000000000000e+00 -1.000000000000000000e+00 8.740000000000000213e+00 5.389999999999999680e+00 7.009999999999999787e+00
-1.000000000000000000e+00 1.278999999999999915e+01 1.864999999999999858e+01 9.900000000000000355e+00 4.990000000000000213e+00 -1.000000000000000000e+00 -1.000000000000000000e+00 8.849999999999999645e+00 5.330000000000000071e+00 6.990000000000000213e+00
-1.000000000000000000e+00 1.298000000000000043e+01 2.471999999999999886e+01 9.869999999999999218e+00 5.030000000000000249e+00 -1.000000000000000000e+00 -1.000000000000000000e+00 8.789999999999999147e+00 5.360000000000000320e+00 6.889999999999999680e+00
-1.000000000000000000e+00 2.048000000000000043e+01 1.256000000000000050e+01 9.820000000000000284e+00 4.969999999999999751e+00 -1.000000000000000000e+00 -1.000000000000000000e+00 8.849999999999999645e+00 5.259999999999999787e+00 6.950000000000000178e+00
-1.000000000000000000e+00 1.283999999999999986e+01 2.466000000000000014e+01 9.839999999999999858e+00 5.019999999999999574e+00 -1.000000000000000000e+00 -1.000000000000000000e+00 8.810000000000000497e+00 5.320000000000000284e+00 6.919999999999999929e+00
-1.000000000000000000e+00 1.250000000000000000e+01 1.851999999999999957e+01 9.830000000000000071e+00 5.019999999999999574e+00 -1.000000000000000000e+00 -1.000000000000000000e+00 8.820000000000000284e+00 5.330000000000000071e+00 7.030000000000000249e+00
-1.000000000000000000e+00 1.258999999999999986e+01 1.855000000000000071e+01 9.839999999999999858e+00 5.000000000000000000e+00 -1.000000000000000000e+00 -1.000000000000000000e+00 8.900000000000000355e+00 5.240000000000000213e+00 6.980000000000000426e+00
-1.000000000000000000e+00 2.812000000000000099e+01 1.864000000000000057e+01 9.859999999999999432e+00 4.950000000000000178e+00 -1.000000000000000000e+00 -1.000000000000000000e+00 8.789999999999999147e+00 5.240000000000000213e+00 7.049999999999999822e+00
-1.000000000000000000e+00 1.253999999999999915e+01 1.265000000000000036e+01 9.849999999999999645e+00 5.019999999999999574e+00 -1.000000000000000000e+00 -1.000000000000000000e+00 8.849999999999999645e+00 5.280000000000000249e+00 6.969999999999999751e+00
-1.000000000000000000e+00 1.259999999999999964e+01 -1.000000000000000000e+00 9.830000000000000071e+00 4.990000000000000213e+00 -1.000000000000000000e+00 -1.000000000000000000e+00 8.890000000000000568e+00 5.299999999999999822e+00 6.969999999999999751e+00
-1.000000000000000000e+00 1.259999999999999964e+01 1.264000000000000057e+01 9.789999999999999147e+00 4.940000000000000391e+00 -1.000000000000000000e+00 -1.000000000000000000e+00 8.810000000000000497e+00 5.339999999999999858e+00 6.969999999999999751e+00
-1.000000000000000000e+00 1.255000000000000071e+01 1.855999999999999872e+01 9.800000000000000711e+00 5.019999999999999574e+00 -1.000000000000000000e+00 -1.000000000000000000e+00 8.820000000000000284e+00 5.379999999999999893e+00 6.940000000000000391e+00
-1.000000000000000000e+00 2.032000000000000028e+01 1.258000000000000007e+01 9.869999999999999218e+00 4.980000000000000426e+00 -1.000000000000000000e+00 -1.000000000000000000e+00 8.849999999999999645e+00 5.240000000000000213e+00 6.980000000000000426e+00
-1.000000000000000000e+00 1.258000000000000007e+01 1.247000000000000064e+01 9.810000000000000497e+00 5.009999999999999787e+00 -1.000000000000000000e+00 -1.000000000000000000e+00 8.800000000000000711e+00 5.330000000000000071e+00 6.940000000000000391e+00
-1.000000000000000000e+00 1.255000000000000071e+01 1.252999999999999936e+01 9.880000000000000782e+00 5.000000000000000000e+00 -1.000000000000000000e+00 -1.000000000000000000e+00 8.869999999999999218e+00 5.400000000000000355e+00 7.070000000000000284e+00
-1.000000000000000000e+00 1.248000000000000043e+01 1.251999999999999957e+01 9.789999999999999147e+00 4.969999999999999751e+00 -1.000000000000000000e+00 -1.000000000000000000e+00 8.810000000000000497e+00 5.400000000000000355e+00 6.980000000000000426e+00
-1.000000000000000000e+00 1.260999999999999943e+01 -1.000000000000000000e+00 9.830000000000000071e+00 5.040000000000000036e+00 -1.000000000000000000e+00 -1.000000000000000000e+00 8.820000000000000284e+00 5.440000000000000391e+00 7.019999999999999574e+00
-1.000000000000000000e+00 1.141000000000000014e+01 1.860000000000000142e+01 9.839999999999999858e+00 4.959999999999999964e+00 -1.000000000000000000e+00 -1.000000000000000000e+00 8.779999999999999361e+00 5.339999999999999858e+00 7.000000000000000000e+00
-1.000000000000000000e+00 1.257000000000000028e+01 1.866000000000000014e+01 9.849999999999999645e+00 4.990000000000000213e+00 -1.000000000000000000e+00 -1.000000000000000000e+00 8.779999999999999361e+00 5.330000000000000071e+00 6.900000000000000355e+00
-1.000000000000000000e+00 1.258999999999999986e+01 1.867000000000000171e+01 9.810000000000000497e+00 5.000000000000000000e+00 -1.000000000000000000e+00 -1.000000000000000000e+00 8.820000000000000284e+00 5.330000000000000071e+00 6.950000000000000178e+00
-1.000000000000000000e+00 1.268999999999999950e+01 2.467000000000000171e+01 9.849999999999999645e+00 4.959999999999999964e+00 -1.000000000000000000e+00 -1.000000000000000000e+00 8.800000000000000711e+00 5.339999999999999858e+00 6.969999999999999751e+00
-1.000000000000000000e+00 1.266999999999999993e+01 1.249000000000000021e+01 9.849999999999999645e+00 5.019999999999999574e+00 -1.000000000000000000e+00 -1.000000000000000000e+00 8.810000000000000497e+00 5.339999999999999858e+00 6.980000000000000426e+00
-1.000000000000000000e+00 1.266999999999999993e+01 1.256000000000000050e+01 9.880000000000000782e+00 4.959999999999999964e+00 -1.000000000000000000e+00 -1.000000000000000000e+00 8.830000000000000071e+00 5.320000000000000284e+00 7.009999999999999787e+00
-1.000000000000000000e+00 1.267999999999999972e+01 1.862999999999999901e+01 9.810000000000000497e+00 4.969999999999999751e+00 -1.000000000000000000e+00 -1.000000000000000000e+00 8.800000000000000711e+00 5.280000000000000249e+00 -1.000000000000000000e+00
-1.000000000000000000e+00 1.265000000000000036e+01 1.857999999999999829e+01 9.849999999999999645e+00 4.959999999999999964e+00 -1.000000000000000000e+00 -1.000000000000000000e+00 8.779999999999999361e+00 5.349999999999999645e+00 -1.000000000000000000e+00
-1.000000000000000000e+00 1.273000000000000043e+01 2.469000000000000128e+01 9.810000000000000497e+00 5.019999999999999574e+00 -1.000000000000000000e+00 -1.000000000000000000e+00 8.779999999999999361e+00 5.360000000000000320e+00 7.030000000000000249e+00
-1.000000000000000000e+00 1.272000000000000064e+01 1.857999999999999829e+01 9.830000000000000071e+00 4.969999999999999751e+00 -1.000000000000000000e+00 -1.000000000000000000e+00 8.830000000000000071e+00 5.389999999999999680e+00 6.969999999999999751e+00
-1.000000000000000000e+00 1.266000000000000014e+01 1.256000000000000050e+01 9.849999999999999645e+00 4.980000000000000426e+00 -1.000000000000000000e+00 -1.000000000000000000e+00 8.810000000000000497e+00 5.400000000000000355e+00 6.940000000000000391e+00
-1.000000000000000000e+00 1.273000000000000043e+01 1.862999999999999901e+01 9.800000000000000711e+00 4.950000000000000178e+00 -1.000000000000000000e+00 -1.000000000000000000e+00 8.710000000000000853e+00 5.410000000000000142e+00 6.959999999999999964e+00
-1.000000000000000000e+00 1.276999999999999957e+01 1.866000000000000014e+01 9.830000000000000071e+00 4.980000000000000426e+00 -1.000000000000000000e+00 -1.000000000000000000e+00 8.820000000000000284e+00 5.440000000000000391e+00 7.019999999999999574e+00
-1.000000000000000000e+00 2.039999999999999858e+01 1.249000000000000021e+01 9.839999999999999858e+00 4.980000000000000426e+00 -1.000000000000000000e+00 -1.000000000000000000e+00 8.769999999999999574e+00 5.330000000000000071e+00 7.000000000000000000e+00
-1.000000000000000000e+00 1.266000000000000014e+01 1.242999999999999972e+01 9.919999999999999929e+00 4.950000000000000178e+00 -1.000000000000000000e+00 -1.000000000000000000e+00 8.779999999999999361e+00 5.339999999999999858e+00 7.070000000000000284e+00
-1.000000000000000000e+00 1.267999999999999972e+01 1.249000000000000021e+01 9.859999999999999432e+00 5.049999999999999822e+00 -1.000000000000000000e+00 -1.000000000000000000e+00 8.810000000000000497e+00 5.250000000000000000e+00 6.940000000000000391e+00
-1.000000000000000000e+00 1.283000000000000007e+01 1.871999999999999886e+01 9.859999999999999432e+00 4.990000000000000213e+00 -1.000000000000000000e+00 -1.000000000000000000e+00 8.800000000000000711e+00 5.330000000000000071e+00 6.950000000000000178e+00
-1.000000000000000000e+00 1.265000000000000036e+01 1.866000000000000014e+01 9.839999999999999858e+00 5.009999999999999787e+00 -1.000000000000000000e+00 -1.000000000000000000e+00 8.810000000000000497e+00 5.379999999999999893e+00 -1.000000000000000000e+00
-1.000000000000000000e+00 1.267999999999999972e+01 -1.000000000000000000e+00 9.890000000000000568e+00 5.000000000000000000e+00 -1.000000000000000000e+00 -1.000000000000000000e+00 8.689999999999999503e+00 5.480000000000000426e+00 6.959999999999999964e+00
-1.000000000000000000e+00 1.272000000000000064e+01 1.261999999999999922e+01 9.769999999999999574e+00 4.919999999999999929e+00 -1.000000000000000000e+00 -1.000000000000000000e+00 -1.000000000000000000e+00 5.129999999999999893e+00 7.059999999999999609e+00
-1.000000000000000000e+00 1.273000000000000043e+01 1.857999999999999829e+01 9.820000000000000284e+00 4.959999999999999964e+00 -1.000000000000000000e+00 -1.000000000000000000e+00 8.759999999999999787e+00 5.349999999999999645e+00 6.929999999999999716e+00
-1.000000000000000000e+00 1.166000000000000014e+01 2.462999999999999901e+01 9.759999999999999787e+00 5.019999999999999574e+00 -1.000000000000000000e+00 -1.000000000000000000e+00 8.869999999999999218e+00 5.349999999999999645e+00 7.049999999999999822e+00
-1.000000000000000000e+00 1.280000000000000071e+01 1.860000000000000142e+01 9.810000000000000497e+00 5.000000000000000000e+00 -1.000000000000000000e+00 -1.000000000000000000e+00 8.849999999999999645e+00 5.320000000000000284e+00 -1.000000000000000000e+00
