-1.000000000000000000e+00 -1.000000000000000000e+00 -1.000000000000000000e+00 -1.000000000000000000e+00 -1.000000000000000000e+00 -1.000000000000000000e+00 -1.000000000000000000e+00 -1.000000000000000000e+00 -1.000000000000000000e+00 -1.000000000000000000e+00
-1.000000000000000000e+00 1.057000000000000028e+01 -1.000000000000000000e+00 -1.000000000000000000e+00 -1.000000000000000000e+00 -1.000000000000000000e+00 -1.000000000000000000e+00 5.440000000000000391e+00 8.890000000000000568e+00 4.370000000000000107e+00
-1.000000000000000000e+00 1.050000000000000000e+01 -1.000000000000000000e+00 -1.000000000000000000e+00 -1.000000000000000000e+00 -1.000000000000000000e+00 -1.000000000000000000e+00 5.370000000000000107e+00 8.880000000000000782e+00 4.370000000000000107e+00
-1.000000000000000000e+00 1.055000000000000071e+01 -1.000000000000000000e+00 -1.000000000000000000e+00 -1.000000000000000000e+00 -1.000000000000000000e+00 -1.000000000000000000e+00 5.370000000000000107e+00 8.830000000000000071e+00 4.389999999999999680e+00
-1.000000000000000000e+00 1.047000000000000064e+01 -1.000000000000000000e+00 -1.000000000000000000e+00 -1.000000000000000000e+00 -1.000000000000000000e+00 -1.000000000000000000e+00 5.400000000000000355e+00 8.820000000000000284e+00 4.290000000000000036e+00
-1.000000000000000000e+00 1.052999999999999936e+01 -1.000000000000000000e+00 -1.000000000000000000e+00 -1.000000000000000000e+00 -1.000000000000000000e+00 -1.000000000000000000e+00 5.360000000000000320e+00 8.890000000000000568e+00 4.309999999999999609e+00
-1.000000000000000000e+00 1.050999999999999979e+01 -1.000000000000000000e+00 -1.000000000000000000e+00 -1.000000000000000000e+00 -1.000000000000000000e+00 -1.000000000000000000e+00 5.339999999999999858e+00 8.980000000000000426e+00 4.349999999999999645e+00
-1.000000000000000000e+00 1.046000000000000085e+01 -1.000000000000000000e+00 -1.000000000000000000e+00 -1.000000000000000000e+00 -1.000000000000000000e+00 -1.000000000000000000e+00 5.360000000000000320e+00 8.859999999999999432e+00 4.250000000000000000e+00
-1.000000000000000000e+00 1.052999999999999936e+01 -1.000000000000000000e+00 -1.000000000000000000e+00 -1.000000000000000000e+00 -1.000000000000000000e+00 -1.000000000000000000e+00 5.379999999999999893e+00 8.830000000000000071e+00 4.370000000000000107e+00
-1.000000000000000000e+00 1.050000000000000000e+01 -1.000000000000000000e+00 -1.000000000000000000e+00 -1.000000000000000000e+00 -1.000000000000000000e+00 -1.000000000000000000e+00 5.379999999999999893e+00 8.919999999999999929e+00 4.309999999999999609e+00
-1.000000000000000000e+00 1.048000000000000043e+01 -1.000000000000000000e+00 -1.000000000000000000e+00 -1.000000000000000000e+00 -1.000000000000000000e+00 -1.000000000000000000e+00 5.349999999999999645e+00 8.900000000000000355e+00 -1.000000000000000000e+00
-1.000000000000000000e+00 1.053999999999999915e+01 -1.000000000000000000e+00 -1.000000000000000000e+00 -1.000000000000000000e+00 -1.000000000000000000e+00 -1.000000000000000000e+00 5.339999999999999858e+00 8.919999999999999929e+00 4.349999999999999645e+00
-1.000000000000000000e+00 1.052999999999999936e+01 -1.000000000000000000e+00 -1.000000000000000000e+00 -1.000000000000000000e+00 -1.000000000000000000e+00 -1.000000000000000000e+00 5.360000000000000320e+00 8.800000000000000711e+00 4.339999999999999858e+00
-1.000000000000000000e+00 1.050999999999999979e+01 -1.000000000000000000e+00 -1.000000000000000000e+00 -1.000000000000000000e+00 -1.000000000000000000e+00 -1.000000000000000000e+00 5.370000000000000107e+00 8.880000000000000782e+00 4.370000000000000107e+00
-1.000000000000000000e+00 1.048000000000000043e+01 -1.000000000000000000e+00 -1.000000000000000000e+00 -1.000000000000000000e+00 -1.000000000000000000e+00 -1.000000000000000000e+00 5.339999999999999858e+00 8.779999999999999361e+00 4.309999999999999609e+00
-1.000000000000000000e+00 1.052999999999999936e+01 -1.000000000000000000e+00 -1.000000000000000000e+00 -1.000000000000000000e+00 -1.000000000000000000e+00 -1.000000000000000000e+00 5.379999999999999893e+00 8.880000000000000782e+00 -1.000000000000000000e+00
-1.000000000000000000e+00 1.051999999999999957e+01 -1.000000000000000000e+00 -1.000000000000000000e+00 -1.000000000000000000e+00 -1.000000000000000000e+00 -1.000000000000000000e+00 5.360000000000000320e+00 8.910000000000000142e+00 4.330000000000000071e+00
-1.000000000000000000e+00 1.052999999999999936e+01 -1.000000000000000000e+00 -1.000000000000000000e+00 -1.000000000000000000e+00 -1.000000000000000000e+00 -1.000000000000000000e+00 5.370000000000000107e+00 8.810000000000000497e+00 4.360000000000000320e+00
-1.000000000000000000e+00 1.055000000000000071e+01 -1.000000000000000000e+00 -1.000000000000000000e+00 -1.000000000000000000e+00 -1.000000000000000000e+00 -1.000000000000000000e+00 5.370000000000000107e+00 8.900000000000000355e+00 -1.000000000000000000e+00
-1.000000000000000000e+00 1.058999999999999986e+01 -1.000000000000000000e+00 -1.000000000000000000e+00 -1.000000000000000000e+00 -1.000000000000000000e+00 -1.000000000000000000e+00 5.349999999999999645e+00 8.830000000000000071e+00 4.349999999999999645e+00
-1.000000000000000000e+00 1.050000000000000000e+01 -1.000000000000000000e+00 -1.000000000000000000e+00 -1.000000000000000000e+00 -1.000000000000000000e+00 -1.000000000000000000e+00 5.339999999999999858e+00 8.880000000000000782e+00 4.299999999999999822e+00
-1.000000000000000000e+00 1.050000000000000000e+01 -1.000000000000000000e+00 -1.000000000000000000e+00 -1.000000000000000000e+00 -1.000000000000000000e+00 -1.000000000000000000e+00 5.419999999999999929e+00 8.900000000000000355e+00 4.360000000000000320e+00
-1.000000000000000000e+00 1.048000000000000043e+01 -1.000000000000000000e+00 -1.000000000000000000e+00 -1.000000000000000000e+00 -1.000000000000000000e+00 -1.000000000000000000e+00 5.379999999999999893e+00 8.849999999999999645e+00 -1.000000000000000000e+00
-1.000000000000000000e+00 1.053999999999999915e+01 -1.000000000000000000e+00 -1.000000000000000000e+00 -1.000000000000000000e+00 -1.000000000000000000e+00 -1.000000000000000000e+00 5.339999999999999858e+00 8.900000000000000355e+00 4.290000000000000036e+00
-1.000000000000000000e+00 1.056000000000000050e+01 -1.000000000000000000e+00 -1.000000000000000000e+00 -1.000000000000000000e+00 -1.000000000000000000e+00 -1.000000000000000000e+00 5.419999999999999929e+00 8.839999999999999858e+00 -1.000000000000000000e+00
-1.000000000000000000e+00 1.049000000000000021e+01 -1.000000000000000000e+00 -1.000000000000000000e+00 -1.000000000000000000e+00 -1.000000000000000000e+00 -1.000000000000000000e+00 5.370000000000000107e+00 8.890000000000000568e+00 -1.000000000000000000e+00
-1.000000000000000000e+00 1.049000000000000021e+01 -1.000000000000000000e+00 -1.000000000000000000e+00 -1.000000000000000000e+00 -1.000000000000000000e+00 -1.000000000000000000e+00 5.330000000000000071e+00 8.839999999999999858e+00 -1.000000000000000000e+00
-1.000000000000000000e+00 1.047000000000000064e+01 -1.000000000000000000e+00 -1.000000000000000000e+00 -1.000000000000000000e+00 -1.000000000000000000e+00 -1.000000000000000000e+00 5.339999999999999858e+00 8.910000000000000142e+00 -1.000000000000000000e+00
-1.000000000000000000e+00 1.055000000000000071e+01 -1.000000000000000000e+00 -1.000000000000000000e+00 -1.000000000000000000e+00 -1.000000000000000000e+00 -1.000000000000000000e+00 5.360000000000000320e+00 8.849999999999999645e+00 4.379999999999999893e+00
-1.000000000000000000e+00 1.053999999999999915e+01 -1.000000000000000000e+00 -1.000000000000000000e+00 -1.000000000000000000e+00 -1.000000000000000000e+00 -1.000000000000000000e+00 5.410000000000000142e+00 8.900000000000000355e+00 4.360000000000000320e+00
-1.000000000000000000e+00 1.048000000000000043e+01 -1.000000000000000000e+00 -1.000000000000000000e+00 -1.000000000000000000e+00 -1.000000000000000000e+00 -1.000000000000000000e+00 5.389999999999999680e+00 8.900000000000000355e+00 4.299999999999999822e+00
-1.000000000000000000e+00 1.051999999999999957e+01 -1.000000000000000000e+00 -1.000000000000000000e+00 -1.000000000000000000e+00 -1.000000000000000000e+00 -1.000000000000000000e+00 5.400000000000000355e+00 8.939999999999999503e+00 4.389999999999999680e+00
-1.000000000000000000e+00 1.047000000000000064e+01 -1.000000000000000000e+00 -1.000000000000000000e+00 -1.000000000000000000e+00 -1.000000000000000000e+00 -1.000000000000000000e+00 5.379999999999999893e+00 8.859999999999999432e+00 4.379999999999999893e+00
-1.000000000000000000e+00 1.050000000000000000e+01 -1.000000000000000000e+00 -1.000000000000000000e+00 -1.000000000000000000e+00 -1.000000000000000000e+00 -1.000000000000000000e+00 5.349999999999999645e+00 8.869999999999999218e+00 4.389999999999999680e+00
-1.000000000000000000e+00 1.052999999999999936e+01 -1.000000000000000000e+00 -1.000000000000000000e+00 -1.000000000000000000e+00 -1.000000000000000000e+00 -1.000000000000000000e+00 5.339999999999999858e+00 8.929999999999999716e+00 4.339999999999999858e+00
-1.000000000000000000e+00 1.047000000000000064e+01 -1.000000000000000000e+00 -1.000000000000000000e+00 -1.000000000000000000e+00 -1.000000000000000000e+00 -1.000000000000000000e+00 5.360000000000000320e+00 8.900000000000000355e+00 4.330000000000000071e+00
-1.000000000000000000e+00 1.050000000000000000e+01 -1.000000000000000000e+00 -1.000000000000000000e+00 -1.000000000000000000e+00 -1.000000000000000000e+00 -1.000000000000000000e+00 5.349999999999999645e+00 8.919999999999999929e+00 4.259999999999999787e+00
-1.000000000000000000e+00 1.050000000000000000e+01 -1.000000000000000000e+00 -1.000000000000000000e+00 -1.000000000000000000e+00 -1.000000000000000000e+00 -1.000000000000000000e+00 5.370000000000000107e+00 8.890000000000000568e+00 -1.000000000000000000e+00
-1.000000000000000000e+00 1.050999999999999979e+01 -1.000000000000000000e+00 -1.000000000000000000e+00 -1.000000000000000000e+00 -1.000000000000000000e+00 -1.000000000000000000e+00 5.330000000000000071e+00 8.849999999999999645e+00 -1.000000000000000000e+00
-1.000000000000000000e+00 1.051999999999999957e+01 -1.000000000000000000e+00 -1.000000000000000000e+00 -1.000000000000000000e+00 -1.000000000000000000e+00 -1.000000000000000000e+00 5.299999999999999822e+00 8.939999999999999503e+00 4.400000000000000355e+00
-1.000000000000000000e+00 1.057000000000000028e+01 -1.000000000000000000e+00 -1.000000000000000000e+00 -1.000000000000000000e+00 -1.000000000000000000e+00 -1.000000000000000000e+00 5.410000000000000142e+00 8.919999999999999929e+00 4.299999999999999822e+00
-1.000000000000000000e+00 1.052999999999999936e+01 -1.000000000000000000e+00 -1.000000000000000000e+00 -1.000000000000000000e+00 -1.000000000000000000e+00 -1.000000000000000000e+00 5.419999999999999929e+00 8.869999999999999218e+00 4.290000000000000036e+00
-1.000000000000000000e+00 1.050000000000000000e+01 -1.000000000000000000e+00 -1.000000000000000000e+00 -1.000000000000000000e+00 -1.000000000000000000e+00 -1.000000000000000000e+00 5.349999999999999645e+00 8.970000000000000639e+00 4.240000000000000213e+00
-1.000000000000000000e+00 1.050999999999999979e+01 -1.000000000000000000e+00 -1.000000000000000000e+00 -1.000000000000000000e+00 -1.000000000000000000e+00 -1.000000000000000000e+00 5.349999999999999645e+00 8.859999999999999432e+00 4.299999999999999822e+00
-1.000000000000000000e+00 1.052999999999999936e+01 -1.000000000000000000e+00 -1.000000000000000000e+00 -1.000000000000000000e+00 -1.000000000000000000e+00 -1.000000000000000000e+00 5.379999999999999893e+00 8.859999999999999432e+00 4.330000000000000071e+00
-1.000000000000000000e+00 1.050999999999999979e+01 -1.000000000000000000e+00 -1.000000000000000000e+00 -1.000000000000000000e+00 -1.000000000000000000e+00 -1.000000000000000000e+00 5.370000000000000107e+00 8.900000000000000355e+00 4.349999999999999645e+00
-1.000000000000000000e+00 1.050000000000000000e+01 -1.000000000000000000e+00 -1.000000000000000000e+00 -1.000000000000000000e+00 -1.000000000000000000e+00 -1.000000000000000000e+00 5.389999999999999680e+00 8.849999999999999645e+00 4.339999999999999858e+00
-1.000000000000000000e+00 1.048000000000000043e+01 -1.000000000000000000e+00 -1.000000000000000000e+00 -1.000000000000000000e+00 -1.000000000000000000e+00 -1.000000000000000000e+00 5.370000000000000107e+00 8.839999999999999858e+00 -1.000000000000000000e+00
-1.000000000000000000e+00 1.047000000000000064e+01 -1.000000000000000000e+00 -1.000000000000000000e+00 -1.000000000000000000e+00 -1.000000000000000000e+00 -1.000000000000000000e+00 5.339999999999999858e+00 8.869999999999999218e+00 -1.000000000000000000e+00
-1.000000000000000000e+00 1.047000000000000064e+01 -1.000000000000000000e+00 -1.000000000000000000e+00 -1.000000000000000000e+00 -1.000000000000000000e+00 -1.000000000000000000e+00 5.370000000000000107e+00 8.900000000000000355e+00 -1.000000000000000000e+00
-1.000000000000000000e+00 1.056000000000000050e+01 -1.000000000000000000e+00 -1.000000000000000000e+00 -1.000000000000000000e+00 -1.000000000000000000e+00 -1.000000000000000000e+00 5.349999999999999645e+00 8.880000000000000782e+00 -1.000000000000000000e+00
-1.000000000000000000e+00 1.044999999999999929e+01 -1.000000000000000000e+00 -1.000000000000000000e+00 -1.000000000000000000e+00 -1.000000000000000000e+00 -1.000000000000000000e+00 5.410000000000000142e+00 8.919999999999999929e+00 -1.000000000000000000e+00
-1.000000000000000000e+00 1.051999999999999957e+01 -1.000000000000000000e+00 -1.000000000000000000e+00 -1.000000000000000000e+00 -1.000000000000000000e+00 -1.000000000000000000e+00 5.339999999999999858e+00 8.910000000000000142e+00 -1.000000000000000000e+00
-1.000000000000000000e+00 1.052999999999999936e+01 -1.000000000000000000e+00 -1.000000000000000000e+00 -1.000000000000000000e+00 -1.000000000000000000e+00 -1.000000000000000000e+00 5.339999999999999858e+00 8.910000000000000142e+00 -1.000000000000000000e+00
-1.000000000000000000e+00 1.050999999999999979e+01 -1.000000000000000000e+00 -1.000000000000000000e+00 -1.000000000000000000e+00 -1.000000000000000000e+00 -1.000000000000000000e+00 5.349999999999999645e+00 8.980000000000000426e+00 4.360000000000000320e+00
-1.000000000000000000e+00 1.048000000000000043e+01 -1.000000000000000000e+00 -1.000000000000000000e+00 -1.000000000000000000e+00 -1.000000000000000000e+00 -1.000000000000000000e+00 5.309999999999999609e+00 8.839999999999999858e+00 4.379999999999999893e+00
-1.000000000000000000e+00 1.056000000000000050e+01 -1.000000000000000000e+00 -1.000000000000000000e+00 -1.000000000000000000e+00 -1.000000000000000000e+00 -1.000000000000000000e+00 5.379999999999999893e+00 8.820000000000000284e+00 4.330000000000000071e+00
-1.000000000000000000e+00 1.047000000000000064e+01 -1.000000000000000000e+00 -1.000000000000000000e+00 -1.000000000000000000e+00 -1.000000000000000000e+00 -1.000000000000000000e+00 5.360000000000000320e+00 8.890000000000000568e+00 4.320000000000000284e+00
-1.000000000000000000e+00 1.048000000000000043e+01 -1.000000000000000000e+00 -1.000000000000000000e+00 -1.000000000000000000e+00 -1.000000000000000000e+00 -1.000000000000000000e+00 5.440000000000000391e+00 8.859999999999999432e+00 -1.000000000000000000e+00
-1.000000000000000000e+00 1.050000000000000000e+01 -1.000000000000000000e+00 -1.000000000000000000e+00 -1.000000000000000000e+00 -1.000000000000000000e+00 -1.000000000000000000e+00 5.330000000000000071e+00 8.859999999999999432e+00 4.339999999999999858e+00
-1.000000000000000000e+00 1.049000000000000021e+01 -1.000000000000000000e+00 -1.000000000000000000e+00 -1.000000000000000000e+00 -1.000000000000000000e+00 -1.000000000000000000e+00 5.370000000000000107e+00 8.849999999999999645e+00 4.290000000000000036e+00
-1.000000000000000000e+00 1.057000000000000028e+01 -1.000000000000000000e+00 -1.000000000000000000e+00 -1.000000000000000000e+00 -1.000000000000000000e+00 -1.000000000000000000e+00 5.349999999999999645e+00 8.849999999999999645e+00 4.299999999999999822e+00
-1.000000000000000000e+00 1.050000000000000000e+01 -1.000000000000000000e+00 -1.000000000000000000e+00 -1.000000000000000000e+00 -1.000000000000000000e+00 -1.000000000000000000e+00 5.419999999999999929e+00 8.890000000000000568e+00 -1.000000000000000000e+00
-1.000000000000000000e+00 1.057000000000000028e+01 -1.000000000000000000e+00 -1.000000000000000000e+00 -1.000000000000000000e+00 -1.000000000000000000e+00 -1.000000000000000000e+00 5.419999999999999929e+00 8.890000000000000568e+00 4.370000000000000107e+00
-1.000000000000000000e+00 1.050000000000000000e+01 -1.000000000000000000e+00 -1.000000000000000000e+00 -1.000000000000000000e+00 -1.000000000000000000e+00 -1.000000000000000000e+00 5.320000000000000284e+00 8.859999999999999432e+00 4.309999999999999609e+00
-1.000000000000000000e+00 1.058000000000000007e+01 -1.000000000000000000e+00 -1.000000000000000000e+00 -1.000000000000000000e+00 -1.000000000000000000e+00 -1.000000000000000000e+00 5.360000000000000320e+00 8.839999999999999858e+00 4.370000000000000107e+00
-1.000000000000000000e+00 1.050000000000000000e+01 -1.000000000000000000e+00 -1.000000000000000000e+00 -1.000000000000000000e+00 -1.000000000000000000e+00 -1.000000000000000000e+00 5.360000000000000320e+00 8.880000000000000782e+00 -1.000000000000000000e+00
-1.000000000000000000e+00 1.051999999999999957e+01 -1.000000000000000000e+00 -1.000000000000000000e+00 -1.000000000000000000e+00 -1.000000000000000000e+00 -1.000000000000000000e+00 5.360000000000000320e+00 8.910000000000000142e+00 4.299999999999999822e+00
-1.000000000000000000e+00 1.056000000000000050e+01 -1.000000000000000000e+00 -1.000000000000000000e+00 -1.000000000000000000e+00 -1.000000000000000000e+00 -1.000000000000000000e+00 5.389999999999999680e+00 8.859999999999999432e+00 4.349999999999999645e+00
-1.000000000000000000e+00 1.048000000000000043e+01 -1.000000000000000000e+00 -1.000000000000000000e+00 -1.000000000000000000e+00 -1.000000000000000000e+00 -1.000000000000000000e+00 5.370000000000000107e+00 8.929999999999999716e+00 -1.000000000000000000e+00
-1.000000000000000000e+00 1.051999999999999957e+01 -1.000000000000000000e+00 -1.000000000000000000e+00 -1.000000000000000000e+00 -1.000000000000000000e+00 -1.000000000000000000e+00 5.410000000000000142e+00 8.910000000000000142e+00 -1.000000000000000000e+00
-1.000000000000000000e+00 1.048000000000000043e+01 -1.000000000000000000e+00 -1.000000000000000000e+00 -1.000000000000000000e+00 -1.000000000000000000e+00 -1.000000000000000000e+00 5.339999999999999858e+00 8.939999999999999503e+00 4.379999999999999893e+00
-1.000000000000000000e+00 1.052999999999999936e+01 -1.000000000000000000e+00 -1.000000000000000000e+00 -1.000000000000000000e+00 -1.000000000000000000e+00 -1.000000000000000000e+00 5.349999999999999645e+00 8.839999999999999858e+00 -1.000000000000000000e+00
-1.000000000000000000e+00 1.048000000000000043e+01 -1.000000000000000000e+00 -1.000000000000000000e+00 -1.000000000000000000e+00 -1.000000000000000000e+00 -1.000000000000000000e+00 5.339999999999999858e+00 8.929999999999999716e+00 4.330000000000000071e+00
-1.000000000000000000e+00 1.052999999999999936e+01 -1.000000000000000000e+00 -1.000000000000000000e+00 -1.000000000000000000e+00 -1.000000000000000000e+00 -1.000000000000000000e+00 5.349999999999999645e+00 8.890000000000000568e+00 4.269999999999999574e+00
-1.000000000000000000e+00 1.053999999999999915e+01 -1.000000000000000000e+00 -1.000000000000000000e+00 -1.000000000000000000e+00 -1.000000000000000000e+00 -1.000000000000000000e+00 5.379999999999999893e+00 8.910000000000000142e+00 4.379999999999999893e+00
-1.000000000000000000e+00 1.050999999999999979e+01 -1.000000000000000000e+00 -1.000000000000000000e+00 -1.000000000000000000e+00 -1.000000000000000000e+00 -1.000000000000000000e+00 5.410000000000000142e+00 8.910000000000000142e+00 4.309999999999999609e+00
-1.000000000000000000e+00 1.051999999999999957e+01 -1.000000000000000000e+00 -1.000000000000000000e+00 -1.000000000000000000e+00 -1.000000000000000000e+00 -1.000000000000000000e+00 5.360000000000000320e+00 8.880000000000000782e+00 4.330000000000000071e+00
-1.000000000000000000e+00 1.050999999999999979e+01 -1.000000000000000000e+00 -1.000000000000000000e+00 -1.000000000000000000e+00 -1.000000000000000000e+00 -1.000000000000000000e+00 5.410000000000000142e+00 8.839999999999999858e+00 4.389999999999999680e+00
-1.000000000000000000e+00 1.050999999999999979e+01 -1.000000000000000000e+00 -1.000000000000000000e+00 -1.000000000000000000e+00 -1.000000000000000000e+00 -1.000000000000000000e+00 5.379999999999999893e+00 8.820000000000000284e+00 -1.000000000000000000e+00
-1.000000000000000000e+00 1.049000000000000021e+01 -1.000000000000000000e+00 -1.000000000000000000e+00 -1.000000000000000000e+00 -1.000000000000000000e+00 -1.000000000000000000e+00 5.309999999999999609e+00 8.890000000000000568e+00 -1.000000000000000000e+00
-1.000000000000000000e+00 1.053999999999999915e+01 -1.000000000000000000e+00 -1.000000000000000000e+00 -1.000000000000000000e+00 -1.000000000000000000e+00 -1.000000000000000000e+00 5.370000000000000107e+00 8.859999999999999432e+00 4.349999999999999645e+00
-1.000000000000000000e+00 1.050999999999999979e+01 -1.000000000000000000e+00 -1.000000000000000000e+00 -1.000000000000000000e+00 -1.000000000000000000e+00 -1.000000000000000000e+00 5.339999999999999858e+00 8.859999999999999432e+00 4.309999999999999609e+00
-1.000000000000000000e+00 1.053999999999999915e+01 -1.000000000000000000e+00 -1.000000000000000000e+00 -1.000000000000000000e+00 -1.000000000000000000e+00 -1.000000000000000000e+00 5.370000000000000107e+00 8.869999999999999218e+00 4.309999999999999609e+00
-1.000000000000000000e+00 1.048000000000000043e+01 -1.000000000000000000e+00 -1.000000000000000000e+00 -1.000000000000000000e+00 -1.000000000000000000e+00 -1.000000000000000000e+00 5.320000000000000284e+00 8.839999999999999858e+00 -1.000000000000000000e+00
-1.000000000000000000e+00 1.050999999999999979e+01 -1.000000000000000000e+00 -1.000000000000000000e+00 -1.000000000000000000e+00 -1.000000000000000000e+00 -1.000000000000000000e+00 5.330000000000000071e+00 8.849999999999999645e+00 4.349999999999999645e+00
-1.000000000000000000e+00 1.050000000000000000e+01 -1.000000000000000000e+00 -1.000000000000000000e+00 -1.000000000000000000e+00 -1.000000000000000000e+00 -1.000000000000000000e+00 5.389999999999999680e+00 8.789999999999999147e+00 4.280000000000000249e+00
-1.000000000000000000e+00 1.053999999999999915e+01 -1.000000000000000000e+00 -1.000000000000000000e+00 -1.000000000000000000e+00 -1.000000000000000000e+00 -1.000000000000000000e+00 5.379999999999999893e+00 8.929999999999999716e+00 4.400000000000000355e+00
-1.000000000000000000e+00 1.050999999999999979e+01 -1.000000000000000000e+00 -1.000000000000000000e+00 -1.000000000000000000e+00 -1.000000000000000000e+00 -1.000000000000000000e+00 5.339999999999999858e+00 8.839999999999999858e+00 4.299999999999999822e+00
-1.000000000000000000e+00 1.046000000000000085e+01 -1.000000000000000000e+00 -1.000000000000000000e+00 -1.000000000000000000e+00 -1.000000000000000000e+00 -1.000000000000000000e+00 5.389999999999999680e+00 8.880000000000000782e+00 -1.000000000000000000e+00
-1.000000000000000000e+00 1.050000000000000000e+01 -1.000000000000000000e+00 -1.000000000000000000e+00 -1.000000000000000000e+00 -1.000000000000000000e+00 -1.000000000000000000e+00 5.330000000000000071e+00 8.849999999999999645e+00 -1.000000000000000000e+00
-1.000000000000000000e+00 1.050000000000000000e+01 -1.000000000000000000e+00 -1.000000000000000000e+00 -1.000000000000000000e+00 -1.000000000000000000e+00 -1.000000000000000000e+00 5.360000000000000320e+00 8.929999999999999716e+00 -1.000000000000000000e+00
-1.000000000000000000e+00 1.050000000000000000e+01 -1.000000000000000000e+00 -1.000000000000000000e+00 -1.000000000000000000e+00 -1.000000000000000000e+00 -1.000000000000000000e+00 5.379999999999999893e+00 8.910000000000000142e+00 4.339999999999999858e+00
-1.000000000000000000e+00 1.046000000000000085e+01 -1.000000000000000000e+00 -1.000000000000000000e+00 -1.000000000000000000e+00 -1.000000000000000000e+00 -1.000000000000000000e+00 5.379999999999999893e+00 8.859999999999999432e+00 -1.000000000000000000e+00
-1.000000000000000000e+00 1.046000000000000085e+01 -1.000000000000000000e+00 -1.000000000000000000e+00 -1.000000000000000000e+00 -1.000000000000000000e+00 -1.000000000000000000e+00 5.349999999999999645e+00 8.859999999999999432e+00 4.299999999999999822e+00
-1.000000000000000000e+00 1.047000000000000064e+01 -1.000000000000000000e+00 -1.000000000000000000e+00 -1.000000000000000000e+00 -1.000000000000000000e+00 -1.000000000000000000e+00 5.349999999999999645e+00 8.910000000000000142e+00 -1.000000000000000000e+00
-1.000000000000000000e+00 1.049000000000000021e+01 -1.000000000000000000e+00 -1.000000000000000000e+00 -1.000000000000000000e+00 -1.000000000000000000e+00 -1.000000000000000000e+00 5.389999999999999680e+00 8.869999999999999218e+00 4.299999999999999822e+00
-1.000000000000000000e+00 1.052999999999999936e+01 -1.000000000000000000e+00 -1.000000000000000000e+00 -1.000000000000000000e+00 -1.000000000000000000e+00 -1.000000000000000000e+00 5.379999999999999893e+00 8.929999999999999716e+00 4.320000000000000284e+00
-1.000000000000000000e+00 1.055000000000000071e+01 -1.000000000000000000e+00 -1.000000000000000000e+00 -1.000000000000000000e+00 -1.000000000000000000e+00 -1.000000000000000000e+00 5.379999999999999893e+00 8.849999999999999645e+00 4.389999999999999680e+00
-1.000000000000000000e+00 1.048000000000000043e+01 -1.000000000000000000e+00 -1.000000000000000000e+00 -1.000000000000000000e+00 -1.000000000000000000e+00 -1.000000000000000000e+00 5.330000000000000071e+00 8.910000000000000142e+00 -1.000000000000000000e+00
