-1.000000000000000000e+00 -1.000000000000000000e+00 -1.000000000000000000e+00 -1.000000000000000000e+00 -1.000000000000000000e+00 -1.000000000000000000e+00 -1.000000000000000000e+00 -1.000000000000000000e+00 -1.000000000000000000e+00 -1.000000000000000000e+00
-1.000000000000000000e+00 9.509999999999999787e+00 8.740000000000000213e+00 4.410000000000000142e+00 3.640000000000000124e+00 1.687000000000000099e+01 8.720000000000000639e+00 -1.000000000000000000e+00 1.423000000000000043e+01 1.489000000000000057e+01
-1.000000000000000000e+00 9.529999999999999361e+00 8.779999999999999361e+00 4.410000000000000142e+00 3.680000000000000160e+00 1.687999999999999901e+01 8.750000000000000000e+00 -1.000000000000000000e+00 1.419999999999999929e+01 1.491999999999999993e+01
-1.000000000000000000e+00 9.490000000000000213e+00 8.779999999999999361e+00 4.349999999999999645e+00 3.709999999999999964e+00 1.689999999999999858e+01 8.730000000000000426e+00 -1.000000000000000000e+00 1.421000000000000085e+01 1.491999999999999993e+01
-1.000000000000000000e+00 9.519999999999999574e+00 8.859999999999999432e+00 4.440000000000000391e+00 3.640000000000000124e+00 1.680999999999999872e+01 8.730000000000000426e+00 -1.000000000000000000e+00 1.428999999999999915e+01 1.491000000000000014e+01
-1.000000000000000000e+00 9.449999999999999289e+00 8.689999999999999503e+00 4.429999999999999716e+00 3.689999999999999947e+00 1.683999999999999986e+01 8.759999999999999787e+00 -1.000000000000000000e+00 1.424000000000000021e+01 1.491000000000000014e+01
-1.000000000000000000e+00 9.500000000000000000e+00 8.619999999999999218e+00 4.429999999999999716e+00 3.700000000000000178e+00 1.678999999999999915e+01 8.740000000000000213e+00 -1.000000000000000000e+00 1.415000000000000036e+01 1.491999999999999993e+01
-1.000000000000000000e+00 9.490000000000000213e+00 8.810000000000000497e+00 4.389999999999999680e+00 3.709999999999999964e+00 1.687000000000000099e+01 8.750000000000000000e+00 -1.000000000000000000e+00 1.422000000000000064e+01 1.492999999999999972e+01
-1.000000000000000000e+00 9.519999999999999574e+00 8.710000000000000853e+00 4.419999999999999929e+00 3.720000000000000195e+00 1.682000000000000028e+01 8.720000000000000639e+00 -1.000000000000000000e+00 1.425000000000000000e+01 1.491999999999999993e+01
-1.000000000000000000e+00 9.529999999999999361e+00 8.699999999999999289e+00 4.389999999999999680e+00 3.729999999999999982e+00 1.689000000000000057e+01 8.759999999999999787e+00 -1.000000000000000000e+00 1.421000000000000085e+01 1.489000000000000057e+01
-1.000000000000000000e+00 9.470000000000000639e+00 8.750000000000000000e+00 4.410000000000000142e+00 3.729999999999999982e+00 1.689999999999999858e+01 8.769999999999999574e+00 -1.000000000000000000e+00 1.422000000000000064e+01 1.491999999999999993e+01
-1.000000000000000000e+00 9.509999999999999787e+00 8.689999999999999503e+00 4.370000000000000107e+00 3.729999999999999982e+00 1.682999999999999829e+01 8.730000000000000426e+00 -1.000000000000000000e+00 1.419999999999999929e+01 1.491000000000000014e+01
-1.000000000000000000e+00 9.470000000000000639e+00 8.759999999999999787e+00 4.370000000000000107e+00 3.660000000000000142e+00 1.682999999999999829e+01 8.730000000000000426e+00 -1.000000000000000000e+00 1.422000000000000064e+01 1.491000000000000014e+01
-1.000000000000000000e+00 9.550000000000000711e+00 8.650000000000000355e+00 4.410000000000000142e+00 3.689999999999999947e+00 1.676000000000000156e+01 8.730000000000000426e+00 -1.000000000000000000e+00 1.421000000000000085e+01 1.494999999999999929e+01
-1.000000000000000000e+00 9.490000000000000213e+00 8.710000000000000853e+00 4.349999999999999645e+00 3.740000000000000213e+00 1.676000000000000156e+01 8.689999999999999503e+00 -1.000000000000000000e+00 1.423000000000000043e+01 1.493999999999999950e+01
-1.000000000000000000e+00 9.509999999999999787e+00 8.769999999999999574e+00 4.400000000000000355e+00 3.649999999999999911e+00 1.682999999999999829e+01 8.699999999999999289e+00 -1.000000000000000000e+00 1.421000000000000085e+01 1.488000000000000078e+01
-1.000000000000000000e+00 9.519999999999999574e+00 8.839999999999999858e+00 4.360000000000000320e+00 3.680000000000000160e+00 1.687999999999999901e+01 8.730000000000000426e+00 -1.000000000000000000e+00 1.419999999999999929e+01 1.494999999999999929e+01
-1.000000000000000000e+00 9.519999999999999574e+00 8.750000000000000000e+00 4.379999999999999893e+00 3.649999999999999911e+00 1.676000000000000156e+01 8.699999999999999289e+00 -1.000000000000000000e+00 1.417999999999999972e+01 1.491000000000000014e+01
-1.000000000000000000e+00 9.480000000000000426e+00 8.750000000000000000e+00 4.410000000000000142e+00 3.640000000000000124e+00 1.683999999999999986e+01 8.689999999999999503e+00 -1.000000000000000000e+00 1.425000000000000000e+01 1.491000000000000014e+01
-1.000000000000000000e+00 9.490000000000000213e+00 8.619999999999999218e+00 4.389999999999999680e+00 3.660000000000000142e+00 1.676000000000000156e+01 8.740000000000000213e+00 -1.000000000000000000e+00 1.417999999999999972e+01 1.489000000000000057e+01
-1.000000000000000000e+00 9.539999999999999147e+00 8.820000000000000284e+00 4.360000000000000320e+00 3.660000000000000142e+00 1.687999999999999901e+01 8.779999999999999361e+00 -1.000000000000000000e+00 1.422000000000000064e+01 1.492999999999999972e+01
-1.000000000000000000e+00 9.560000000000000497e+00 8.720000000000000639e+00 4.389999999999999680e+00 3.680000000000000160e+00 1.689000000000000057e+01 8.710000000000000853e+00 -1.000000000000000000e+00 1.419999999999999929e+01 1.493999999999999950e+01
-1.000000000000000000e+00 9.500000000000000000e+00 8.759999999999999787e+00 4.410000000000000142e+00 3.629999999999999893e+00 1.687999999999999901e+01 8.750000000000000000e+00 -1.000000000000000000e+00 1.419999999999999929e+01 1.491999999999999993e+01
-1.000000000000000000e+00 9.519999999999999574e+00 8.779999999999999361e+00 4.389999999999999680e+00 3.640000000000000124e+00 1.683999999999999986e+01 8.710000000000000853e+00 -1.000000000000000000e+00 1.427999999999999936e+01 1.491000000000000014e+01
-1.000000000000000000e+00 9.509999999999999787e+00 8.650000000000000355e+00 4.410000000000000142e+00 3.720000000000000195e+00 1.683999999999999986e+01 8.710000000000000853e+00 -1.000000000000000000e+00 1.424000000000000021e+01 1.493999999999999950e+01
-1.000000000000000000e+00 9.470000000000000639e+00 8.720000000000000639e+00 4.440000000000000391e+00 3.609999999999999876e+00 1.680999999999999872e+01 8.689999999999999503e+00 -1.000000000000000000e+00 1.423000000000000043e+01 1.492999999999999972e+01
-1.000000000000000000e+00 9.570000000000000284e+00 8.789999999999999147e+00 4.370000000000000107e+00 3.609999999999999876e+00 1.689000000000000057e+01 8.730000000000000426e+00 -1.000000000000000000e+00 1.425999999999999979e+01 1.489000000000000057e+01
-1.000000000000000000e+00 9.519999999999999574e+00 8.699999999999999289e+00 4.429999999999999716e+00 3.660000000000000142e+00 1.682000000000000028e+01 8.750000000000000000e+00 -1.000000000000000000e+00 1.419999999999999929e+01 1.493999999999999950e+01
-1.000000000000000000e+00 9.460000000000000853e+00 8.689999999999999503e+00 4.410000000000000142e+00 3.700000000000000178e+00 1.685000000000000142e+01 8.699999999999999289e+00 -1.000000000000000000e+00 1.422000000000000064e+01 1.492999999999999972e+01
-1.000000000000000000e+00 9.439999999999999503e+00 8.730000000000000426e+00 4.330000000000000071e+00 3.649999999999999911e+00 1.685999999999999943e+01 8.699999999999999289e+00 -1.000000000000000000e+00 1.418999999999999950e+01 1.496000000000000085e+01
-1.000000000000000000e+00 9.529999999999999361e+00 8.730000000000000426e+00 4.370000000000000107e+00 3.729999999999999982e+00 1.682000000000000028e+01 8.699999999999999289e+00 -1.000000000000000000e+00 1.426999999999999957e+01 1.489000000000000057e+01
-1.000000000000000000e+00 9.509999999999999787e+00 8.769999999999999574e+00 4.360000000000000320e+00 3.620000000000000107e+00 1.687999999999999901e+01 8.730000000000000426e+00 -1.000000000000000000e+00 1.418999999999999950e+01 1.489000000000000057e+01
-1.000000000000000000e+00 9.519999999999999574e+00 8.740000000000000213e+00 4.349999999999999645e+00 3.700000000000000178e+00 1.676999999999999957e+01 8.710000000000000853e+00 -1.000000000000000000e+00 1.423000000000000043e+01 1.491000000000000014e+01
-1.000000000000000000e+00 9.519999999999999574e+00 8.750000000000000000e+00 4.400000000000000355e+00 3.640000000000000124e+00 1.685000000000000142e+01 8.699999999999999289e+00 -1.000000000000000000e+00 1.421000000000000085e+01 1.488000000000000078e+01
-1.000000000000000000e+00 9.490000000000000213e+00 8.789999999999999147e+00 4.379999999999999893e+00 3.680000000000000160e+00 1.683999999999999986e+01 8.740000000000000213e+00 -1.000000000000000000e+00 1.417999999999999972e+01 1.491000000000000014e+01
-1.000000000000000000e+00 9.529999999999999361e+00 8.689999999999999503e+00 4.419999999999999929e+00 3.580000000000000071e+00 1.682999999999999829e+01 8.779999999999999361e+00 -1.000000000000000000e+00 1.426999999999999957e+01 1.493999999999999950e+01
-1.000000000000000000e+00 9.509999999999999787e+00 8.720000000000000639e+00 4.389999999999999680e+00 3.709999999999999964e+00 1.682999999999999829e+01 8.710000000000000853e+00 -1.000000000000000000e+00 1.424000000000000021e+01 1.491000000000000014e+01
-1.000000000000000000e+00 9.560000000000000497e+00 8.779999999999999361e+00 4.440000000000000391e+00 3.709999999999999964e+00 1.678000000000000114e+01 8.699999999999999289e+00 -1.000000000000000000e+00 1.425999999999999979e+01 1.490000000000000036e+01
-1.000000000000000000e+00 9.599999999999999645e+00 8.740000000000000213e+00 4.400000000000000355e+00 3.660000000000000142e+00 1.687000000000000099e+01 8.769999999999999574e+00 -1.000000000000000000e+00 1.419999999999999929e+01 1.496000000000000085e+01
-1.000000000000000000e+00 9.500000000000000000e+00 8.750000000000000000e+00 4.370000000000000107e+00 3.580000000000000071e+00 1.676999999999999957e+01 8.699999999999999289e+00 -1.000000000000000000e+00 1.419999999999999929e+01 1.493999999999999950e+01
-1.000000000000000000e+00 9.550000000000000711e+00 8.679999999999999716e+00 4.400000000000000355e+00 3.669999999999999929e+00 1.683999999999999986e+01 8.710000000000000853e+00 -1.000000000000000000e+00 1.418999999999999950e+01 1.490000000000000036e+01
-1.000000000000000000e+00 9.519999999999999574e+00 8.669999999999999929e+00 4.400000000000000355e+00 3.629999999999999893e+00 1.680999999999999872e+01 8.740000000000000213e+00 -1.000000000000000000e+00 1.419999999999999929e+01 1.489000000000000057e+01
-1.000000000000000000e+00 9.519999999999999574e+00 8.759999999999999787e+00 4.459999999999999964e+00 3.740000000000000213e+00 1.685999999999999943e+01 8.769999999999999574e+00 -1.000000000000000000e+00 1.419999999999999929e+01 1.489000000000000057e+01
-1.000000000000000000e+00 9.550000000000000711e+00 8.750000000000000000e+00 4.450000000000000178e+00 3.629999999999999893e+00 1.689000000000000057e+01 8.699999999999999289e+00 -1.000000000000000000e+00 1.425000000000000000e+01 1.491000000000000014e+01
-1.000000000000000000e+00 9.439999999999999503e+00 8.830000000000000071e+00 4.370000000000000107e+00 3.729999999999999982e+00 1.691000000000000014e+01 8.730000000000000426e+00 -1.000000000000000000e+00 1.421000000000000085e+01 1.491999999999999993e+01
-1.000000000000000000e+00 9.490000000000000213e+00 8.720000000000000639e+00 4.419999999999999929e+00 3.700000000000000178e+00 1.680000000000000071e+01 8.769999999999999574e+00 -1.000000000000000000e+00 1.426999999999999957e+01 1.494999999999999929e+01
-1.000000000000000000e+00 9.529999999999999361e+00 8.800000000000000711e+00 4.400000000000000355e+00 3.649999999999999911e+00 1.683999999999999986e+01 8.750000000000000000e+00 -1.000000000000000000e+00 1.425000000000000000e+01 1.491000000000000014e+01
-1.000000000000000000e+00 9.529999999999999361e+00 8.810000000000000497e+00 4.379999999999999893e+00 3.649999999999999911e+00 1.682999999999999829e+01 8.730000000000000426e+00 -1.000000000000000000e+00 1.424000000000000021e+01 1.491000000000000014e+01
-1.000000000000000000e+00 9.509999999999999787e+00 8.759999999999999787e+00 4.379999999999999893e+00 3.589999999999999858e+00 1.678999999999999915e+01 8.740000000000000213e+00 -1.000000000000000000e+00 1.428999999999999915e+01 1.491000000000000014e+01
-1.000000000000000000e+00 9.529999999999999361e+00 8.669999999999999929e+00 4.379999999999999893e+00 3.759999999999999787e+00 1.687999999999999901e+01 8.730000000000000426e+00 -1.000000000000000000e+00 1.424000000000000021e+01 1.491999999999999993e+01
-1.000000000000000000e+00 9.460000000000000853e+00 8.720000000000000639e+00 4.379999999999999893e+00 3.589999999999999858e+00 1.685000000000000142e+01 8.699999999999999289e+00 -1.000000000000000000e+00 1.419999999999999929e+01 1.491000000000000014e+01
-1.000000000000000000e+00 9.500000000000000000e+00 8.820000000000000284e+00 4.379999999999999893e+00 3.669999999999999929e+00 1.685999999999999943e+01 8.750000000000000000e+00 -1.000000000000000000e+00 1.422000000000000064e+01 1.490000000000000036e+01
-1.000000000000000000e+00 9.470000000000000639e+00 8.820000000000000284e+00 4.419999999999999929e+00 3.720000000000000195e+00 1.687000000000000099e+01 8.710000000000000853e+00 -1.000000000000000000e+00 1.418999999999999950e+01 1.497000000000000064e+01
-1.000000000000000000e+00 9.449999999999999289e+00 8.820000000000000284e+00 4.389999999999999680e+00 3.640000000000000124e+00 1.687999999999999901e+01 8.710000000000000853e+00 -1.000000000000000000e+00 1.423000000000000043e+01 1.491000000000000014e+01
-1.000000000000000000e+00 9.519999999999999574e+00 8.710000000000000853e+00 4.450000000000000178e+00 3.660000000000000142e+00 1.685999999999999943e+01 8.759999999999999787e+00 -1.000000000000000000e+00 1.424000000000000021e+01 1.489000000000000057e+01
-1.000000000000000000e+00 9.490000000000000213e+00 8.750000000000000000e+00 4.450000000000000178e+00 3.680000000000000160e+00 1.689000000000000057e+01 8.689999999999999503e+00 -1.000000000000000000e+00 1.422000000000000064e+01 1.490000000000000036e+01
-1.000000000000000000e+00 9.490000000000000213e+00 8.720000000000000639e+00 4.419999999999999929e+00 3.609999999999999876e+00 1.685000000000000142e+01 8.750000000000000000e+00 -1.000000000000000000e+00 1.423000000000000043e+01 1.491000000000000014e+01
-1.000000000000000000e+00 9.500000000000000000e+00 8.730000000000000426e+00 4.419999999999999929e+00 3.649999999999999911e+00 1.682000000000000028e+01 8.699999999999999289e+00 -1.000000000000000000e+00 1.426999999999999957e+01 1.491999999999999993e+01
-1.000000000000000000e+00 9.519999999999999574e+00 8.740000000000000213e+00 4.389999999999999680e+00 3.680000000000000160e+00 1.683999999999999986e+01 8.750000000000000000e+00 -1.000000000000000000e+00 1.422000000000000064e+01 1.489000000000000057e+01
-1.000000000000000000e+00 9.539999999999999147e+00 8.699999999999999289e+00 4.419999999999999929e+00 3.629999999999999893e+00 1.682000000000000028e+01 8.720000000000000639e+00 -1.000000000000000000e+00 1.421000000000000085e+01 1.491999999999999993e+01
-1.000000000000000000e+00 9.490000000000000213e+00 8.720000000000000639e+00 4.379999999999999893e+00 3.649999999999999911e+00 1.689999999999999858e+01 8.769999999999999574e+00 -1.000000000000000000e+00 1.423000000000000043e+01 1.491999999999999993e+01
-1.000000000000000000e+00 9.509999999999999787e+00 8.720000000000000639e+00 4.440000000000000391e+00 3.709999999999999964e+00 1.683999999999999986e+01 8.740000000000000213e+00 -1.000000000000000000e+00 1.419999999999999929e+01 1.490000000000000036e+01
-1.000000000000000000e+00 9.519999999999999574e+00 8.779999999999999361e+00 4.349999999999999645e+00 3.660000000000000142e+00 1.676999999999999957e+01 8.689999999999999503e+00 -1.000000000000000000e+00 1.422000000000000064e+01 1.490000000000000036e+01
-1.000000000000000000e+00 9.580000000000000071e+00 8.669999999999999929e+00 4.389999999999999680e+00 3.629999999999999893e+00 1.683999999999999986e+01 8.720000000000000639e+00 -1.000000000000000000e+00 1.419999999999999929e+01 1.490000000000000036e+01
-1.000000000000000000e+00 9.580000000000000071e+00 8.699999999999999289e+00 4.389999999999999680e+00 3.660000000000000142e+00 1.682999999999999829e+01 8.740000000000000213e+00 -1.000000000000000000e+00 1.425000000000000000e+01 1.491999999999999993e+01
-1.000000000000000000e+00 9.560000000000000497e+00 8.839999999999999858e+00 4.370000000000000107e+00 3.649999999999999911e+00 1.678000000000000114e+01 8.730000000000000426e+00 -1.000000000000000000e+00 1.419999999999999929e+01 1.492999999999999972e+01
-1.000000000000000000e+00 9.509999999999999787e+00 8.679999999999999716e+00 4.360000000000000320e+00 3.680000000000000160e+00 1.671999999999999886e+01 8.679999999999999716e+00 -1.000000000000000000e+00 1.425999999999999979e+01 1.490000000000000036e+01
-1.000000000000000000e+00 9.529999999999999361e+00 8.759999999999999787e+00 4.370000000000000107e+00 3.689999999999999947e+00 1.692000000000000171e+01 8.720000000000000639e+00 -1.000000000000000000e+00 1.424000000000000021e+01 1.492999999999999972e+01
-1.000000000000000000e+00 9.500000000000000000e+00 8.759999999999999787e+00 4.370000000000000107e+00 3.600000000000000089e+00 1.692000000000000171e+01 8.699999999999999289e+00 -1.000000000000000000e+00 1.430000000000000071e+01 1.491000000000000014e+01
-1.000000000000000000e+00 9.500000000000000000e+00 8.759999999999999787e+00 4.400000000000000355e+00 3.620000000000000107e+00 1.687999999999999901e+01 8.779999999999999361e+00 -1.000000000000000000e+00 1.419999999999999929e+01 1.491999999999999993e+01
-1.000000000000000000e+00 9.580000000000000071e+00 8.789999999999999147e+00 4.370000000000000107e+00 3.640000000000000124e+00 1.685000000000000142e+01 8.730000000000000426e+00 -1.000000000000000000e+00 1.418999999999999950e+01 1.491999999999999993e+01
-1.000000000000000000e+00 9.550000000000000711e+00 8.759999999999999787e+00 4.370000000000000107e+00 3.629999999999999893e+00 1.687999999999999901e+01 8.689999999999999503e+00 -1.000000000000000000e+00 1.425999999999999979e+01 1.491999999999999993e+01
-1.000000000000000000e+00 9.539999999999999147e+00 8.720000000000000639e+00 4.370000000000000107e+00 3.770000000000000018e+00 1.680999999999999872e+01 8.800000000000000711e+00 -1.000000000000000000e+00 1.426999999999999957e+01 1.490000000000000036e+01
-1.000000000000000000e+00 9.529999999999999361e+00 8.689999999999999503e+00 4.339999999999999858e+00 3.580000000000000071e+00 1.682999999999999829e+01 8.710000000000000853e+00 -1.000000000000000000e+00 1.423000000000000043e+01 1.492999999999999972e+01
-1.000000000000000000e+00 9.539999999999999147e+00 8.810000000000000497e+00 4.389999999999999680e+00 3.720000000000000195e+00 1.676999999999999957e+01 8.810000000000000497e+00 -1.000000000000000000e+00 1.419999999999999929e+01 1.491000000000000014e+01
-1.000000000000000000e+00 9.580000000000000071e+00 8.779999999999999361e+00 4.410000000000000142e+00 3.589999999999999858e+00 1.676000000000000156e+01 8.789999999999999147e+00 -1.000000000000000000e+00 1.425999999999999979e+01 1.494999999999999929e+01
-1.000000000000000000e+00 9.550000000000000711e+00 8.740000000000000213e+00 4.440000000000000391e+00 3.640000000000000124e+00 1.678999999999999915e+01 8.710000000000000853e+00 -1.000000000000000000e+00 1.419999999999999929e+01 1.490000000000000036e+01
-1.000000000000000000e+00 9.599999999999999645e+00 8.810000000000000497e+00 4.389999999999999680e+00 3.700000000000000178e+00 1.683999999999999986e+01 8.730000000000000426e+00 -1.000000000000000000e+00 1.422000000000000064e+01 1.490000000000000036e+01
-1.000000000000000000e+00 9.580000000000000071e+00 8.689999999999999503e+00 4.349999999999999645e+00 3.729999999999999982e+00 1.687000000000000099e+01 8.730000000000000426e+00 -1.000000000000000000e+00 1.422000000000000064e+01 1.492999999999999972e+01
-1.000000000000000000e+00 9.529999999999999361e+00 8.769999999999999574e+00 4.389999999999999680e+00 3.729999999999999982e+00 1.675000000000000000e+01 8.720000000000000639e+00 -1.000000000000000000e+00 1.424000000000000021e+01 1.492999999999999972e+01
-1.000000000000000000e+00 9.539999999999999147e+00 8.800000000000000711e+00 4.379999999999999893e+00 3.669999999999999929e+00 1.687999999999999901e+01 8.750000000000000000e+00 -1.000000000000000000e+00 1.425999999999999979e+01 1.491999999999999993e+01
-1.000000000000000000e+00 9.539999999999999147e+00 8.830000000000000071e+00 4.389999999999999680e+00 3.700000000000000178e+00 1.687000000000000099e+01 8.699999999999999289e+00 -1.000000000000000000e+00 1.421000000000000085e+01 1.491000000000000014e+01
-1.000000000000000000e+00 9.529999999999999361e+00 8.779999999999999361e+00 4.429999999999999716e+00 3.720000000000000195e+00 1.685000000000000142e+01 8.740000000000000213e+00 -1.000000000000000000e+00 1.419999999999999929e+01 1.490000000000000036e+01
-1.000000000000000000e+00 9.539999999999999147e+00 8.710000000000000853e+00 4.410000000000000142e+00 3.629999999999999893e+00 1.682999999999999829e+01 8.679999999999999716e+00 -1.000000000000000000e+00 1.424000000000000021e+01 1.489000000000000057e+01
-1.000000000000000000e+00 9.630000000000000782e+00 8.800000000000000711e+00 4.429999999999999716e+00 3.589999999999999858e+00 1.687999999999999901e+01 8.779999999999999361e+00 -1.000000000000000000e+00 1.425000000000000000e+01 1.492999999999999972e+01
-1.000000000000000000e+00 9.500000000000000000e+00 8.699999999999999289e+00 4.410000000000000142e+00 3.720000000000000195e+00 1.687000000000000099e+01 8.720000000000000639e+00 -1.000000000000000000e+00 1.423000000000000043e+01 1.490000000000000036e+01
-1.000000000000000000e+00 9.490000000000000213e+00 8.810000000000000497e+00 4.450000000000000178e+00 3.660000000000000142e+00 1.687000000000000099e+01 8.710000000000000853e+00 -1.000000000000000000e+00 1.425000000000000000e+01 1.488000000000000078e+01
-1.000000000000000000e+00 9.550000000000000711e+00 8.740000000000000213e+00 4.400000000000000355e+00 3.649999999999999911e+00 1.678000000000000114e+01 8.720000000000000639e+00 -1.000000000000000000e+00 1.422000000000000064e+01 1.491999999999999993e+01
-1.000000000000000000e+00 9.550000000000000711e+00 8.779999999999999361e+00 4.379999999999999893e+00 3.709999999999999964e+00 1.689000000000000057e+01 8.750000000000000000e+00 -1.000000000000000000e+00 1.424000000000000021e+01 1.490000000000000036e+01
-1.000000000000000000e+00 9.550000000000000711e+00 8.679999999999999716e+00 4.389999999999999680e+00 3.640000000000000124e+00 1.692000000000000171e+01 8.699999999999999289e+00 -1.000000000000000000e+00 1.423000000000000043e+01 1.492999999999999972e+01
-1.000000000000000000e+00 9.529999999999999361e+00 8.869999999999999218e+00 4.459999999999999964e+00 3.629999999999999893e+00 1.687000000000000099e+01 8.699999999999999289e+00 -1.000000000000000000e+00 1.417999999999999972e+01 1.489000000000000057e+01
-1.000000000000000000e+00 9.529999999999999361e+00 8.779999999999999361e+00 4.419999999999999929e+00 3.660000000000000142e+00 1.680000000000000071e+01 8.730000000000000426e+00 -1.000000000000000000e+00 1.419999999999999929e+01 1.494999999999999929e+01
-1.000000000000000000e+00 9.570000000000000284e+00 8.720000000000000639e+00 4.360000000000000320e+00 3.640000000000000124e+00 1.680999999999999872e+01 8.699999999999999289e+00 -1.000000000000000000e+00 1.426999999999999957e+01 1.490000000000000036e+01
-1.000000000000000000e+00 9.539999999999999147e+00 8.810000000000000497e+00 4.450000000000000178e+00 3.669999999999999929e+00 1.685000000000000142e+01 8.750000000000000000e+00 -1.000000000000000000e+00 1.419999999999999929e+01 1.491000000000000014e+01
-1.000000000000000000e+00 9.599999999999999645e+00 8.710000000000000853e+00 4.379999999999999893e+00 3.729999999999999982e+00 1.687999999999999901e+01 8.699999999999999289e+00 -1.000000000000000000e+00 1.418999999999999950e+01 1.490000000000000036e+01
-1.000000000000000000e+00 9.580000000000000071e+00 8.769999999999999574e+00 4.419999999999999929e+00 3.600000000000000089e+00 1.687999999999999901e+01 8.679999999999999716e+00 -1.000000000000000000e+00 1.423000000000000043e+01 1.491000000000000014e+01
-1.000000000000000000e+00 9.580000000000000071e+00 8.830000000000000071e+00 4.400000000000000355e+00 3.689999999999999947e+00 1.682999999999999829e+01 8.710000000000000853e+00 -1.000000000000000000e+00 1.419999999999999929e+01 1.489000000000000057e+01
-1.000000000000000000e+00 9.529999999999999361e+00 8.779999999999999361e+00 4.320000000000000284e+00 3.700000000000000178e+00 1.682999999999999829e+01 8.699999999999999289e+00 -1.000000000000000000e+00 1.422000000000000064e+01 1.491999999999999993e+01
-1.000000000000000000e+00 9.500000000000000000e+00 8.679999999999999716e+00 4.370000000000000107e+00 3.729999999999999982e+00 1.683999999999999986e+01 8.660000000000000142e+00 -1.000000000000000000e+00 1.421000000000000085e+01 1.490000000000000036e+01
-1.000000000000000000e+00 9.539999999999999147e+00 8.779999999999999361e+00 4.450000000000000178e+00 3.660000000000000142e+00 1.682000000000000028e+01 8.689999999999999503e+00 -1.000000000000000000e+00 1.425000000000000000e+01 1.491000000000000014e+01
