-1.000000000000000000e+00 -1.000000000000000000e+00 -1.000000000000000000e+00 -1.000000000000000000e+00 -1.000000000000000000e+00 -1.000000000000000000e+00 -1.000000000000000000e+00 -1.000000000000000000e+00 -1.000000000000000000e+00 -1.000000000000000000e+00
3.770000000000000018e+00 8.859999999999999432e+00 9.519999999999999574e+00 5.759999999999999787e+00 -1.000000000000000000e+00 -1.000000000000000000e+00 5.049999999999999822e+00 1.014000000000000057e+01 1.046000000000000085e+01 1.139000000000000057e+01
3.720000000000000195e+00 8.890000000000000568e+00 9.429999999999999716e+00 5.730000000000000426e+00 -1.000000000000000000e+00 -1.000000000000000000e+00 5.070000000000000284e+00 1.018999999999999950e+01 1.042999999999999972e+01 1.138000000000000078e+01
3.689999999999999947e+00 8.750000000000000000e+00 9.509999999999999787e+00 5.769999999999999574e+00 -1.000000000000000000e+00 -1.000000000000000000e+00 5.089999999999999858e+00 1.015000000000000036e+01 1.049000000000000021e+01 1.136999999999999922e+01
3.729999999999999982e+00 8.810000000000000497e+00 9.550000000000000711e+00 5.769999999999999574e+00 -1.000000000000000000e+00 -1.000000000000000000e+00 5.099999999999999645e+00 1.013000000000000078e+01 1.044999999999999929e+01 1.133999999999999986e+01
3.709999999999999964e+00 8.830000000000000071e+00 9.619999999999999218e+00 5.799999999999999822e+00 -1.000000000000000000e+00 -1.000000000000000000e+00 5.040000000000000036e+00 1.021000000000000085e+01 1.044999999999999929e+01 1.134999999999999964e+01
3.729999999999999982e+00 8.789999999999999147e+00 9.449999999999999289e+00 5.759999999999999787e+00 -1.000000000000000000e+00 -1.000000000000000000e+00 5.150000000000000355e+00 1.016999999999999993e+01 1.048000000000000043e+01 1.134999999999999964e+01
3.770000000000000018e+00 8.900000000000000355e+00 9.470000000000000639e+00 5.740000000000000213e+00 -1.000000000000000000e+00 -1.000000000000000000e+00 5.089999999999999858e+00 1.018999999999999950e+01 1.048000000000000043e+01 1.135999999999999943e+01
3.720000000000000195e+00 8.869999999999999218e+00 9.500000000000000000e+00 5.769999999999999574e+00 -1.000000000000000000e+00 -1.000000000000000000e+00 5.040000000000000036e+00 1.013000000000000078e+01 1.048000000000000043e+01 1.139000000000000057e+01
3.740000000000000213e+00 8.820000000000000284e+00 9.519999999999999574e+00 5.790000000000000036e+00 -1.000000000000000000e+00 -1.000000000000000000e+00 5.110000000000000320e+00 1.013000000000000078e+01 1.044999999999999929e+01 1.138000000000000078e+01
3.740000000000000213e+00 8.779999999999999361e+00 9.500000000000000000e+00 5.780000000000000249e+00 -1.000000000000000000e+00 -1.000000000000000000e+00 5.110000000000000320e+00 1.019999999999999929e+01 1.041000000000000014e+01 1.138000000000000078e+01
3.720000000000000195e+00 8.800000000000000711e+00 9.410000000000000142e+00 5.759999999999999787e+00 -1.000000000000000000e+00 -1.000000000000000000e+00 5.099999999999999645e+00 1.009999999999999964e+01 1.050000000000000000e+01 1.133999999999999986e+01
3.689999999999999947e+00 8.779999999999999361e+00 9.570000000000000284e+00 5.780000000000000249e+00 -1.000000000000000000e+00 -1.000000000000000000e+00 5.179999999999999716e+00 1.016000000000000014e+01 1.050000000000000000e+01 1.134999999999999964e+01
3.729999999999999982e+00 8.849999999999999645e+00 9.500000000000000000e+00 5.759999999999999787e+00 -1.000000000000000000e+00 -1.000000000000000000e+00 5.089999999999999858e+00 1.016999999999999993e+01 1.043999999999999950e+01 1.139000000000000057e+01
3.729999999999999982e+00 8.859999999999999432e+00 9.539999999999999147e+00 5.769999999999999574e+00 -1.000000000000000000e+00 -1.000000000000000000e+00 5.120000000000000107e+00 1.017999999999999972e+01 1.046000000000000085e+01 1.134999999999999964e+01
3.700000000000000178e+00 8.830000000000000071e+00 9.539999999999999147e+00 5.740000000000000213e+00 -1.000000000000000000e+00 -1.000000000000000000e+00 5.150000000000000355e+00 1.023000000000000043e+01 1.041999999999999993e+01 1.135999999999999943e+01
3.740000000000000213e+00 8.849999999999999645e+00 9.519999999999999574e+00 5.719999999999999751e+00 -1.000000000000000000e+00 -1.000000000000000000e+00 5.089999999999999858e+00 1.025000000000000000e+01 1.048000000000000043e+01 1.133000000000000007e+01
3.680000000000000160e+00 8.900000000000000355e+00 9.460000000000000853e+00 5.759999999999999787e+00 -1.000000000000000000e+00 -1.000000000000000000e+00 5.089999999999999858e+00 1.016000000000000014e+01 1.051999999999999957e+01 1.139000000000000057e+01
3.750000000000000000e+00 8.910000000000000142e+00 9.599999999999999645e+00 5.780000000000000249e+00 -1.000000000000000000e+00 -1.000000000000000000e+00 5.129999999999999893e+00 1.015000000000000036e+01 1.046000000000000085e+01 1.133999999999999986e+01
3.720000000000000195e+00 8.830000000000000071e+00 9.599999999999999645e+00 5.719999999999999751e+00 -1.000000000000000000e+00 -1.000000000000000000e+00 5.200000000000000178e+00 1.013000000000000078e+01 1.050999999999999979e+01 1.140000000000000036e+01
3.700000000000000178e+00 8.789999999999999147e+00 9.550000000000000711e+00 5.740000000000000213e+00 -1.000000000000000000e+00 -1.000000000000000000e+00 5.070000000000000284e+00 1.016999999999999993e+01 1.049000000000000021e+01 1.135999999999999943e+01
3.720000000000000195e+00 8.789999999999999147e+00 9.349999999999999645e+00 5.799999999999999822e+00 -1.000000000000000000e+00 -1.000000000000000000e+00 5.080000000000000071e+00 1.014000000000000057e+01 1.046000000000000085e+01 1.133999999999999986e+01
3.759999999999999787e+00 8.779999999999999361e+00 9.560000000000000497e+00 5.759999999999999787e+00 -1.000000000000000000e+00 -1.000000000000000000e+00 5.059999999999999609e+00 1.015000000000000036e+01 1.043999999999999950e+01 1.134999999999999964e+01
3.720000000000000195e+00 8.800000000000000711e+00 9.500000000000000000e+00 5.750000000000000000e+00 -1.000000000000000000e+00 -1.000000000000000000e+00 5.160000000000000142e+00 1.019999999999999929e+01 1.050000000000000000e+01 1.135999999999999943e+01
3.709999999999999964e+00 8.779999999999999361e+00 9.449999999999999289e+00 5.759999999999999787e+00 -1.000000000000000000e+00 -1.000000000000000000e+00 5.099999999999999645e+00 1.014000000000000057e+01 1.047000000000000064e+01 1.133999999999999986e+01
3.700000000000000178e+00 8.820000000000000284e+00 9.439999999999999503e+00 5.730000000000000426e+00 -1.000000000000000000e+00 -1.000000000000000000e+00 5.139999999999999680e+00 1.016999999999999993e+01 1.050000000000000000e+01 1.138000000000000078e+01
3.740000000000000213e+00 8.890000000000000568e+00 9.460000000000000853e+00 5.750000000000000000e+00 -1.000000000000000000e+00 -1.000000000000000000e+00 5.169999999999999929e+00 1.016000000000000014e+01 1.050000000000000000e+01 1.136999999999999922e+01
3.729999999999999982e+00 8.849999999999999645e+00 9.609999999999999432e+00 5.759999999999999787e+00 -1.000000000000000000e+00 -1.000000000000000000e+00 5.110000000000000320e+00 1.011999999999999922e+01 1.051999999999999957e+01 1.138000000000000078e+01
3.680000000000000160e+00 8.839999999999999858e+00 9.490000000000000213e+00 5.740000000000000213e+00 -1.000000000000000000e+00 -1.000000000000000000e+00 5.099999999999999645e+00 1.014000000000000057e+01 1.047000000000000064e+01 1.132000000000000028e+01
3.689999999999999947e+00 8.820000000000000284e+00 9.460000000000000853e+00 5.780000000000000249e+00 -1.000000000000000000e+00 -1.000000000000000000e+00 5.089999999999999858e+00 1.015000000000000036e+01 1.046000000000000085e+01 1.134999999999999964e+01
3.790000000000000036e+00 8.769999999999999574e+00 9.490000000000000213e+00 5.780000000000000249e+00 -1.000000000000000000e+00 -1.000000000000000000e+00 5.059999999999999609e+00 1.014000000000000057e+01 1.046000000000000085e+01 1.135999999999999943e+01
3.770000000000000018e+00 8.779999999999999361e+00 9.529999999999999361e+00 5.790000000000000036e+00 -1.000000000000000000e+00 -1.000000000000000000e+00 5.040000000000000036e+00 1.016000000000000014e+01 1.043999999999999950e+01 1.133999999999999986e+01
3.700000000000000178e+00 8.769999999999999574e+00 9.519999999999999574e+00 5.780000000000000249e+00 -1.000000000000000000e+00 -1.000000000000000000e+00 5.099999999999999645e+00 1.018999999999999950e+01 1.046000000000000085e+01 1.138000000000000078e+01
3.740000000000000213e+00 8.910000000000000142e+00 9.539999999999999147e+00 5.780000000000000249e+00 -1.000000000000000000e+00 -1.000000000000000000e+00 5.080000000000000071e+00 1.016999999999999993e+01 1.043999999999999950e+01 1.135999999999999943e+01
3.720000000000000195e+00 8.779999999999999361e+00 9.419999999999999929e+00 5.769999999999999574e+00 -1.000000000000000000e+00 -1.000000000000000000e+00 5.099999999999999645e+00 1.016000000000000014e+01 1.049000000000000021e+01 1.134999999999999964e+01
3.779999999999999805e+00 8.789999999999999147e+00 9.480000000000000426e+00 5.780000000000000249e+00 -1.000000000000000000e+00 -1.000000000000000000e+00 5.089999999999999858e+00 1.024000000000000021e+01 1.051999999999999957e+01 1.133999999999999986e+01
3.660000000000000142e+00 8.820000000000000284e+00 9.500000000000000000e+00 5.769999999999999574e+00 -1.000000000000000000e+00 -1.000000000000000000e+00 5.139999999999999680e+00 1.015000000000000036e+01 1.047000000000000064e+01 1.135999999999999943e+01
3.709999999999999964e+00 8.890000000000000568e+00 9.390000000000000568e+00 5.759999999999999787e+00 -1.000000000000000000e+00 -1.000000000000000000e+00 5.030000000000000249e+00 1.011999999999999922e+01 1.049000000000000021e+01 1.136999999999999922e+01
3.790000000000000036e+00 8.789999999999999147e+00 9.599999999999999645e+00 5.790000000000000036e+00 -1.000000000000000000e+00 -1.000000000000000000e+00 5.080000000000000071e+00 1.010999999999999943e+01 1.046000000000000085e+01 1.136999999999999922e+01
3.689999999999999947e+00 8.810000000000000497e+00 9.509999999999999787e+00 5.790000000000000036e+00 -1.000000000000000000e+00 -1.000000000000000000e+00 5.120000000000000107e+00 1.013000000000000078e+01 1.049000000000000021e+01 1.135999999999999943e+01
3.720000000000000195e+00 8.839999999999999858e+00 9.519999999999999574e+00 5.759999999999999787e+00 -1.000000000000000000e+00 -1.000000000000000000e+00 5.000000000000000000e+00 1.016999999999999993e+01 1.050000000000000000e+01 1.133000000000000007e+01
3.660000000000000142e+00 8.820000000000000284e+00 9.519999999999999574e+00 5.730000000000000426e+00 -1.000000000000000000e+00 -1.000000000000000000e+00 5.080000000000000071e+00 1.013000000000000078e+01 1.043999999999999950e+01 1.130000000000000071e+01
3.729999999999999982e+00 8.800000000000000711e+00 9.580000000000000071e+00 5.740000000000000213e+00 -1.000000000000000000e+00 -1.000000000000000000e+00 5.089999999999999858e+00 1.005000000000000071e+01 1.047000000000000064e+01 1.135999999999999943e+01
3.759999999999999787e+00 8.869999999999999218e+00 9.539999999999999147e+00 5.780000000000000249e+00 -1.000000000000000000e+00 -1.000000000000000000e+00 5.089999999999999858e+00 1.022000000000000064e+01 1.046000000000000085e+01 1.136999999999999922e+01
3.740000000000000213e+00 8.810000000000000497e+00 9.529999999999999361e+00 5.740000000000000213e+00 -1.000000000000000000e+00 -1.000000000000000000e+00 5.120000000000000107e+00 1.015000000000000036e+01 1.042999999999999972e+01 1.136999999999999922e+01
3.689999999999999947e+00 8.830000000000000071e+00 9.560000000000000497e+00 5.759999999999999787e+00 -1.000000000000000000e+00 -1.000000000000000000e+00 5.070000000000000284e+00 1.016999999999999993e+01 1.047000000000000064e+01 1.133000000000000007e+01
3.790000000000000036e+00 8.830000000000000071e+00 9.519999999999999574e+00 5.750000000000000000e+00 -1.000000000000000000e+00 -1.000000000000000000e+00 5.059999999999999609e+00 1.011999999999999922e+01 1.044999999999999929e+01 1.135999999999999943e+01
3.770000000000000018e+00 8.830000000000000071e+00 9.529999999999999361e+00 5.740000000000000213e+00 -1.000000000000000000e+00 -1.000000000000000000e+00 5.200000000000000178e+00 1.013000000000000078e+01 1.050000000000000000e+01 1.136999999999999922e+01
3.799999999999999822e+00 8.800000000000000711e+00 9.380000000000000782e+00 5.740000000000000213e+00 -1.000000000000000000e+00 -1.000000000000000000e+00 5.099999999999999645e+00 1.011999999999999922e+01 1.057000000000000028e+01 1.139000000000000057e+01
3.720000000000000195e+00 8.830000000000000071e+00 9.480000000000000426e+00 5.759999999999999787e+00 -1.000000000000000000e+00 -1.000000000000000000e+00 5.070000000000000284e+00 1.015000000000000036e+01 1.047000000000000064e+01 1.134999999999999964e+01
3.729999999999999982e+00 8.789999999999999147e+00 9.470000000000000639e+00 5.799999999999999822e+00 -1.000000000000000000e+00 -1.000000000000000000e+00 5.190000000000000391e+00 1.014000000000000057e+01 1.044999999999999929e+01 1.133000000000000007e+01
3.740000000000000213e+00 8.759999999999999787e+00 9.449999999999999289e+00 5.750000000000000000e+00 -1.000000000000000000e+00 -1.000000000000000000e+00 5.089999999999999858e+00 1.021000000000000085e+01 1.050999999999999979e+01 1.136999999999999922e+01
3.740000000000000213e+00 8.779999999999999361e+00 9.599999999999999645e+00 5.799999999999999822e+00 -1.000000000000000000e+00 -1.000000000000000000e+00 5.019999999999999574e+00 1.008999999999999986e+01 1.048000000000000043e+01 1.134999999999999964e+01
3.759999999999999787e+00 8.759999999999999787e+00 9.439999999999999503e+00 5.790000000000000036e+00 -1.000000000000000000e+00 -1.000000000000000000e+00 5.070000000000000284e+00 1.014000000000000057e+01 1.050999999999999979e+01 1.132000000000000028e+01
3.689999999999999947e+00 8.750000000000000000e+00 9.480000000000000426e+00 5.750000000000000000e+00 -1.000000000000000000e+00 -1.000000000000000000e+00 5.070000000000000284e+00 1.018999999999999950e+01 1.047000000000000064e+01 1.134999999999999964e+01
3.729999999999999982e+00 8.820000000000000284e+00 9.519999999999999574e+00 5.709999999999999964e+00 -1.000000000000000000e+00 -1.000000000000000000e+00 5.049999999999999822e+00 1.016999999999999993e+01 1.050999999999999979e+01 1.136999999999999922e+01
3.779999999999999805e+00 8.800000000000000711e+00 9.439999999999999503e+00 5.799999999999999822e+00 -1.000000000000000000e+00 -1.000000000000000000e+00 5.049999999999999822e+00 1.008000000000000007e+01 1.041999999999999993e+01 1.136999999999999922e+01
3.729999999999999982e+00 8.750000000000000000e+00 9.589999999999999858e+00 5.719999999999999751e+00 -1.000000000000000000e+00 -1.000000000000000000e+00 5.089999999999999858e+00 1.017999999999999972e+01 1.044999999999999929e+01 1.134999999999999964e+01
3.779999999999999805e+00 8.839999999999999858e+00 9.500000000000000000e+00 5.769999999999999574e+00 -1.000000000000000000e+00 -1.000000000000000000e+00 5.120000000000000107e+00 1.016000000000000014e+01 1.043999999999999950e+01 1.135999999999999943e+01
3.700000000000000178e+00 8.869999999999999218e+00 9.359999999999999432e+00 5.719999999999999751e+00 -1.000000000000000000e+00 -1.000000000000000000e+00 5.059999999999999609e+00 1.016000000000000014e+01 1.046000000000000085e+01 1.133000000000000007e+01
3.720000000000000195e+00 8.800000000000000711e+00 9.509999999999999787e+00 5.769999999999999574e+00 -1.000000000000000000e+00 -1.000000000000000000e+00 5.049999999999999822e+00 1.016999999999999993e+01 1.047000000000000064e+01 1.139000000000000057e+01
3.729999999999999982e+00 8.759999999999999787e+00 9.439999999999999503e+00 5.740000000000000213e+00 -1.000000000000000000e+00 -1.000000000000000000e+00 5.110000000000000320e+00 1.022000000000000064e+01 -1.000000000000000000e+00 1.134999999999999964e+01
3.689999999999999947e+00 8.859999999999999432e+00 9.429999999999999716e+00 5.780000000000000249e+00 -1.000000000000000000e+00 -1.000000000000000000e+00 5.049999999999999822e+00 1.017999999999999972e+01 1.050000000000000000e+01 1.140000000000000036e+01
3.729999999999999982e+00 8.890000000000000568e+00 9.589999999999999858e+00 5.780000000000000249e+00 -1.000000000000000000e+00 -1.000000000000000000e+00 5.120000000000000107e+00 1.015000000000000036e+01 1.048000000000000043e+01 1.134999999999999964e+01
3.720000000000000195e+00 8.830000000000000071e+00 9.500000000000000000e+00 5.790000000000000036e+00 -1.000000000000000000e+00 -1.000000000000000000e+00 5.150000000000000355e+00 1.010999999999999943e+01 1.048000000000000043e+01 1.139000000000000057e+01
3.709999999999999964e+00 8.849999999999999645e+00 9.460000000000000853e+00 5.730000000000000426e+00 -1.000000000000000000e+00 -1.000000000000000000e+00 5.040000000000000036e+00 1.014000000000000057e+01 1.048000000000000043e+01 1.136999999999999922e+01
3.720000000000000195e+00 8.789999999999999147e+00 9.480000000000000426e+00 5.750000000000000000e+00 -1.000000000000000000e+00 -1.000000000000000000e+00 5.009999999999999787e+00 1.008999999999999986e+01 1.050000000000000000e+01 1.140000000000000036e+01
3.750000000000000000e+00 8.839999999999999858e+00 9.509999999999999787e+00 5.790000000000000036e+00 -1.000000000000000000e+00 -1.000000000000000000e+00 5.070000000000000284e+00 1.021000000000000085e+01 1.048000000000000043e+01 1.139000000000000057e+01
3.790000000000000036e+00 8.839999999999999858e+00 9.470000000000000639e+00 5.769999999999999574e+00 -1.000000000000000000e+00 -1.000000000000000000e+00 5.089999999999999858e+00 1.013000000000000078e+01 1.043999999999999950e+01 1.134999999999999964e+01
3.689999999999999947e+00 8.759999999999999787e+00 9.560000000000000497e+00 5.759999999999999787e+00 -1.000000000000000000e+00 -1.000000000000000000e+00 5.139999999999999680e+00 1.019999999999999929e+01 1.050000000000000000e+01 1.133999999999999986e+01
3.729999999999999982e+00 8.810000000000000497e+00 9.580000000000000071e+00 5.780000000000000249e+00 -1.000000000000000000e+00 -1.000000000000000000e+00 5.030000000000000249e+00 1.010999999999999943e+01 1.042999999999999972e+01 1.133999999999999986e+01
3.740000000000000213e+00 8.810000000000000497e+00 9.480000000000000426e+00 5.769999999999999574e+00 -1.000000000000000000e+00 -1.000000000000000000e+00 5.030000000000000249e+00 1.017999999999999972e+01 1.043999999999999950e+01 1.136999999999999922e+01
3.700000000000000178e+00 8.789999999999999147e+00 9.519999999999999574e+00 5.780000000000000249e+00 -1.000000000000000000e+00 -1.000000000000000000e+00 5.089999999999999858e+00 1.013000000000000078e+01 1.047000000000000064e+01 1.133000000000000007e+01
3.720000000000000195e+00 8.849999999999999645e+00 9.429999999999999716e+00 5.730000000000000426e+00 -1.000000000000000000e+00 -1.000000000000000000e+00 5.099999999999999645e+00 1.016999999999999993e+01 1.048000000000000043e+01 1.139000000000000057e+01
3.759999999999999787e+00 8.830000000000000071e+00 9.380000000000000782e+00 5.750000000000000000e+00 -1.000000000000000000e+00 -1.000000000000000000e+00 5.150000000000000355e+00 1.016999999999999993e+01 1.043999999999999950e+01 1.133999999999999986e+01
3.709999999999999964e+00 8.820000000000000284e+00 9.539999999999999147e+00 5.750000000000000000e+00 -1.000000000000000000e+00 -1.000000000000000000e+00 5.040000000000000036e+00 1.016000000000000014e+01 1.049000000000000021e+01 1.134999999999999964e+01
3.729999999999999982e+00 8.710000000000000853e+00 9.539999999999999147e+00 5.719999999999999751e+00 -1.000000000000000000e+00 -1.000000000000000000e+00 5.110000000000000320e+00 1.016999999999999993e+01 1.048000000000000043e+01 1.134999999999999964e+01
3.709999999999999964e+00 8.800000000000000711e+00 9.410000000000000142e+00 5.759999999999999787e+00 -1.000000000000000000e+00 -1.000000000000000000e+00 5.120000000000000107e+00 1.013000000000000078e+01 1.050999999999999979e+01 1.132000000000000028e+01
3.729999999999999982e+00 8.869999999999999218e+00 9.580000000000000071e+00 5.740000000000000213e+00 -1.000000000000000000e+00 -1.000000000000000000e+00 5.049999999999999822e+00 1.014000000000000057e+01 1.049000000000000021e+01 1.133999999999999986e+01
3.720000000000000195e+00 8.900000000000000355e+00 9.519999999999999574e+00 5.769999999999999574e+00 -1.000000000000000000e+00 -1.000000000000000000e+00 5.120000000000000107e+00 1.011999999999999922e+01 1.050000000000000000e+01 1.135999999999999943e+01
3.790000000000000036e+00 8.880000000000000782e+00 9.570000000000000284e+00 5.740000000000000213e+00 -1.000000000000000000e+00 -1.000000000000000000e+00 5.070000000000000284e+00 1.013000000000000078e+01 1.048000000000000043e+01 1.133999999999999986e+01
3.740000000000000213e+00 8.779999999999999361e+00 9.509999999999999787e+00 5.769999999999999574e+00 -1.000000000000000000e+00 -1.000000000000000000e+00 5.080000000000000071e+00 1.018999999999999950e+01 1.050000000000000000e+01 1.131000000000000050e+01
3.720000000000000195e+00 8.779999999999999361e+00 9.599999999999999645e+00 5.780000000000000249e+00 -1.000000000000000000e+00 -1.000000000000000000e+00 5.179999999999999716e+00 1.018999999999999950e+01 1.043999999999999950e+01 1.136999999999999922e+01
3.700000000000000178e+00 8.820000000000000284e+00 9.500000000000000000e+00 5.769999999999999574e+00 -1.000000000000000000e+00 -1.000000000000000000e+00 5.009999999999999787e+00 1.021000000000000085e+01 1.047000000000000064e+01 1.135999999999999943e+01
3.640000000000000124e+00 8.830000000000000071e+00 9.480000000000000426e+00 5.730000000000000426e+00 -1.000000000000000000e+00 -1.000000000000000000e+00 5.000000000000000000e+00 1.018999999999999950e+01 1.044999999999999929e+01 1.133999999999999986e+01
3.700000000000000178e+00 8.800000000000000711e+00 9.410000000000000142e+00 5.759999999999999787e+00 -1.000000000000000000e+00 -1.000000000000000000e+00 5.099999999999999645e+00 1.011999999999999922e+01 1.042999999999999972e+01 1.133999999999999986e+01
3.740000000000000213e+00 8.810000000000000497e+00 9.539999999999999147e+00 5.750000000000000000e+00 -1.000000000000000000e+00 -1.000000000000000000e+00 5.139999999999999680e+00 1.016000000000000014e+01 1.046000000000000085e+01 1.133999999999999986e+01
3.709999999999999964e+00 8.830000000000000071e+00 9.500000000000000000e+00 5.790000000000000036e+00 -1.000000000000000000e+00 -1.000000000000000000e+00 5.099999999999999645e+00 1.011999999999999922e+01 1.047000000000000064e+01 1.133000000000000007e+01
3.660000000000000142e+00 8.779999999999999361e+00 9.490000000000000213e+00 5.790000000000000036e+00 -1.000000000000000000e+00 -1.000000000000000000e+00 5.139999999999999680e+00 1.016999999999999993e+01 1.050000000000000000e+01 1.133999999999999986e+01
3.709999999999999964e+00 8.839999999999999858e+00 9.560000000000000497e+00 5.719999999999999751e+00 -1.000000000000000000e+00 -1.000000000000000000e+00 5.099999999999999645e+00 1.017999999999999972e+01 1.048000000000000043e+01 1.133000000000000007e+01
3.750000000000000000e+00 8.779999999999999361e+00 9.490000000000000213e+00 5.730000000000000426e+00 -1.000000000000000000e+00 -1.000000000000000000e+00 5.139999999999999680e+00 1.013000000000000078e+01 1.042999999999999972e+01 1.135999999999999943e+01
3.770000000000000018e+00 8.869999999999999218e+00 9.439999999999999503e+00 5.780000000000000249e+00 -1.000000000000000000e+00 -1.000000000000000000e+00 5.070000000000000284e+00 1.014000000000000057e+01 1.040000000000000036e+01 1.133999999999999986e+01
3.770000000000000018e+00 8.800000000000000711e+00 9.400000000000000355e+00 5.750000000000000000e+00 -1.000000000000000000e+00 -1.000000000000000000e+00 5.190000000000000391e+00 1.023000000000000043e+01 1.041999999999999993e+01 1.133999999999999986e+01
3.779999999999999805e+00 8.830000000000000071e+00 9.490000000000000213e+00 5.780000000000000249e+00 -1.000000000000000000e+00 -1.000000000000000000e+00 5.059999999999999609e+00 1.014000000000000057e+01 1.052999999999999936e+01 1.133000000000000007e+01
3.779999999999999805e+00 8.730000000000000426e+00 9.539999999999999147e+00 5.759999999999999787e+00 -1.000000000000000000e+00 -1.000000000000000000e+00 5.089999999999999858e+00 1.008999999999999986e+01 1.049000000000000021e+01 1.141000000000000014e+01
3.709999999999999964e+00 8.880000000000000782e+00 9.460000000000000853e+00 5.780000000000000249e+00 -1.000000000000000000e+00 -1.000000000000000000e+00 5.129999999999999893e+00 1.007000000000000028e+01 1.044999999999999929e+01 1.133999999999999986e+01
3.750000000000000000e+00 8.859999999999999432e+00 9.640000000000000568e+00 5.719999999999999751e+00 -1.000000000000000000e+00 -1.000000000000000000e+00 5.099999999999999645e+00 1.016000000000000014e+01 1.046000000000000085e+01 1.135999999999999943e+01
3.709999999999999964e+00 8.880000000000000782e+00 9.550000000000000711e+00 5.750000000000000000e+00 -1.000000000000000000e+00 -1.000000000000000000e+00 5.030000000000000249e+00 1.016999999999999993e+01 1.049000000000000021e+01 1.134999999999999964e+01
3.740000000000000213e+00 8.779999999999999361e+00 9.500000000000000000e+00 5.759999999999999787e+00 -1.000000000000000000e+00 -1.000000000000000000e+00 5.070000000000000284e+00 1.016000000000000014e+01 1.043999999999999950e+01 1.133000000000000007e+01
3.720000000000000195e+00 8.839999999999999858e+00 9.490000000000000213e+00 5.790000000000000036e+00 -1.000000000000000000e+00 -1.000000000000000000e+00 5.139999999999999680e+00 1.015000000000000036e+01 1.049000000000000021e+01 1.136999999999999922e+01
