-1.000000000000000000e+00 -1.000000000000000000e+00 -1.000000000000000000e+00 -1.000000000000000000e+00 -1.000000000000000000e+00 -1.000000000000000000e+00 -1.000000000000000000e+00 -1.000000000000000000e+00 -1.000000000000000000e+00 -1.000000000000000000e+00
1.491999999999999993e+01 1.125000000000000000e+01 -1.000000000000000000e+00 1.416999999999999993e+01 1.134999999999999964e+01 4.349999999999999645e+00 6.830000000000000071e+00 6.889999999999999680e+00 4.370000000000000107e+00 -1.000000000000000000e+00
1.491999999999999993e+01 1.125000000000000000e+01 -1.000000000000000000e+00 1.418999999999999950e+01 1.125999999999999979e+01 4.370000000000000107e+00 6.839999999999999858e+00 6.830000000000000071e+00 4.419999999999999929e+00 -1.000000000000000000e+00
1.491999999999999993e+01 1.124000000000000021e+01 -1.000000000000000000e+00 1.416000000000000014e+01 1.128999999999999915e+01 4.389999999999999680e+00 6.870000000000000107e+00 6.900000000000000355e+00 4.400000000000000355e+00 -1.000000000000000000e+00
1.488000000000000078e+01 1.123000000000000043e+01 -1.000000000000000000e+00 1.411999999999999922e+01 1.127999999999999936e+01 4.330000000000000071e+00 6.879999999999999893e+00 6.860000000000000320e+00 4.370000000000000107e+00 -1.000000000000000000e+00
1.491999999999999993e+01 1.121000000000000085e+01 -1.000000000000000000e+00 1.417999999999999972e+01 1.134999999999999964e+01 4.379999999999999893e+00 6.839999999999999858e+00 6.839999999999999858e+00 4.339999999999999858e+00 -1.000000000000000000e+00
1.491000000000000014e+01 1.125999999999999979e+01 -1.000000000000000000e+00 1.418999999999999950e+01 1.130000000000000071e+01 4.389999999999999680e+00 6.839999999999999858e+00 6.919999999999999929e+00 4.379999999999999893e+00 -1.000000000000000000e+00
-1.000000000000000000e+00 1.133000000000000007e+01 -1.000000000000000000e+00 1.416000000000000014e+01 1.127999999999999936e+01 4.330000000000000071e+00 6.849999999999999645e+00 6.830000000000000071e+00 4.379999999999999893e+00 -1.000000000000000000e+00
1.491999999999999993e+01 1.125000000000000000e+01 -1.000000000000000000e+00 1.413000000000000078e+01 1.133999999999999986e+01 4.360000000000000320e+00 6.900000000000000355e+00 6.929999999999999716e+00 4.379999999999999893e+00 -1.000000000000000000e+00
1.490000000000000036e+01 1.128999999999999915e+01 -1.000000000000000000e+00 1.416999999999999993e+01 1.134999999999999964e+01 4.370000000000000107e+00 6.860000000000000320e+00 6.919999999999999929e+00 4.400000000000000355e+00 -1.000000000000000000e+00
1.491999999999999993e+01 1.128999999999999915e+01 -1.000000000000000000e+00 1.415000000000000036e+01 1.127999999999999936e+01 4.389999999999999680e+00 6.860000000000000320e+00 6.889999999999999680e+00 4.379999999999999893e+00 -1.000000000000000000e+00
1.492999999999999972e+01 1.127999999999999936e+01 -1.000000000000000000e+00 1.416999999999999993e+01 1.133999999999999986e+01 4.339999999999999858e+00 6.809999999999999609e+00 6.919999999999999929e+00 4.379999999999999893e+00 -1.000000000000000000e+00
1.488000000000000078e+01 1.125000000000000000e+01 -1.000000000000000000e+00 1.416999999999999993e+01 1.130000000000000071e+01 4.379999999999999893e+00 6.900000000000000355e+00 6.839999999999999858e+00 4.389999999999999680e+00 -1.000000000000000000e+00
1.491999999999999993e+01 1.132000000000000028e+01 -1.000000000000000000e+00 1.414000000000000057e+01 1.132000000000000028e+01 4.320000000000000284e+00 6.910000000000000142e+00 6.900000000000000355e+00 4.349999999999999645e+00 -1.000000000000000000e+00
1.496000000000000085e+01 1.124000000000000021e+01 -1.000000000000000000e+00 1.416000000000000014e+01 1.132000000000000028e+01 4.379999999999999893e+00 6.889999999999999680e+00 6.849999999999999645e+00 4.389999999999999680e+00 -1.000000000000000000e+00
1.491000000000000014e+01 1.124000000000000021e+01 -1.000000000000000000e+00 1.414000000000000057e+01 1.131000000000000050e+01 4.269999999999999574e+00 6.830000000000000071e+00 6.839999999999999858e+00 4.419999999999999929e+00 -1.000000000000000000e+00
1.492999999999999972e+01 1.127999999999999936e+01 -1.000000000000000000e+00 1.418999999999999950e+01 1.127999999999999936e+01 4.419999999999999929e+00 6.929999999999999716e+00 6.870000000000000107e+00 4.349999999999999645e+00 -1.000000000000000000e+00
1.492999999999999972e+01 1.128999999999999915e+01 -1.000000000000000000e+00 1.414000000000000057e+01 1.134999999999999964e+01 4.419999999999999929e+00 6.870000000000000107e+00 6.900000000000000355e+00 4.389999999999999680e+00 -1.000000000000000000e+00
1.492999999999999972e+01 1.132000000000000028e+01 -1.000000000000000000e+00 1.414000000000000057e+01 1.133999999999999986e+01 4.330000000000000071e+00 6.830000000000000071e+00 6.860000000000000320e+00 4.370000000000000107e+00 -1.000000000000000000e+00
1.491000000000000014e+01 1.130000000000000071e+01 -1.000000000000000000e+00 1.416000000000000014e+01 1.136999999999999922e+01 4.400000000000000355e+00 6.839999999999999858e+00 6.910000000000000142e+00 4.429999999999999716e+00 -1.000000000000000000e+00
1.491999999999999993e+01 1.128999999999999915e+01 -1.000000000000000000e+00 1.411999999999999922e+01 1.130000000000000071e+01 4.370000000000000107e+00 6.919999999999999929e+00 6.870000000000000107e+00 4.339999999999999858e+00 -1.000000000000000000e+00
1.489000000000000057e+01 1.133000000000000007e+01 -1.000000000000000000e+00 1.417999999999999972e+01 1.132000000000000028e+01 4.349999999999999645e+00 6.809999999999999609e+00 6.830000000000000071e+00 4.370000000000000107e+00 -1.000000000000000000e+00
1.491999999999999993e+01 1.125999999999999979e+01 -1.000000000000000000e+00 1.414000000000000057e+01 1.131000000000000050e+01 4.360000000000000320e+00 6.809999999999999609e+00 6.900000000000000355e+00 4.360000000000000320e+00 -1.000000000000000000e+00
1.490000000000000036e+01 1.121000000000000085e+01 -1.000000000000000000e+00 1.418999999999999950e+01 1.132000000000000028e+01 4.379999999999999893e+00 6.879999999999999893e+00 6.879999999999999893e+00 4.389999999999999680e+00 -1.000000000000000000e+00
1.493999999999999950e+01 1.125999999999999979e+01 -1.000000000000000000e+00 1.419999999999999929e+01 1.132000000000000028e+01 4.379999999999999893e+00 6.860000000000000320e+00 6.839999999999999858e+00 4.360000000000000320e+00 -1.000000000000000000e+00
1.492999999999999972e+01 1.125999999999999979e+01 -1.000000000000000000e+00 1.413000000000000078e+01 1.132000000000000028e+01 4.290000000000000036e+00 6.830000000000000071e+00 6.879999999999999893e+00 4.400000000000000355e+00 -1.000000000000000000e+00
1.492999999999999972e+01 1.126999999999999957e+01 -1.000000000000000000e+00 1.417999999999999972e+01 1.127999999999999936e+01 4.379999999999999893e+00 6.910000000000000142e+00 6.870000000000000107e+00 4.400000000000000355e+00 -1.000000000000000000e+00
1.491000000000000014e+01 1.130000000000000071e+01 -1.000000000000000000e+00 1.416000000000000014e+01 1.133000000000000007e+01 4.379999999999999893e+00 6.940000000000000391e+00 6.830000000000000071e+00 4.379999999999999893e+00 -1.000000000000000000e+00
1.489000000000000057e+01 1.115000000000000036e+01 -1.000000000000000000e+00 1.416999999999999993e+01 1.133999999999999986e+01 4.410000000000000142e+00 6.879999999999999893e+00 6.959999999999999964e+00 4.339999999999999858e+00 -1.000000000000000000e+00
1.492999999999999972e+01 1.127999999999999936e+01 -1.000000000000000000e+00 1.416999999999999993e+01 1.141000000000000014e+01 4.360000000000000320e+00 6.889999999999999680e+00 6.889999999999999680e+00 4.379999999999999893e+00 -1.000000000000000000e+00
1.490000000000000036e+01 1.128999999999999915e+01 -1.000000000000000000e+00 1.416999999999999993e+01 1.128999999999999915e+01 4.360000000000000320e+00 6.870000000000000107e+00 6.870000000000000107e+00 4.389999999999999680e+00 -1.000000000000000000e+00
1.490000000000000036e+01 1.133000000000000007e+01 -1.000000000000000000e+00 1.419999999999999929e+01 1.133000000000000007e+01 4.389999999999999680e+00 6.809999999999999609e+00 6.860000000000000320e+00 4.379999999999999893e+00 -1.000000000000000000e+00
1.493999999999999950e+01 1.126999999999999957e+01 -1.000000000000000000e+00 1.415000000000000036e+01 1.140000000000000036e+01 4.379999999999999893e+00 6.830000000000000071e+00 6.879999999999999893e+00 4.389999999999999680e+00 -1.000000000000000000e+00
1.490000000000000036e+01 1.123000000000000043e+01 -1.000000000000000000e+00 1.416000000000000014e+01 1.124000000000000021e+01 4.379999999999999893e+00 6.849999999999999645e+00 6.849999999999999645e+00 4.379999999999999893e+00 -1.000000000000000000e+00
1.492999999999999972e+01 1.121000000000000085e+01 -1.000000000000000000e+00 1.410999999999999943e+01 1.139000000000000057e+01 4.360000000000000320e+00 6.830000000000000071e+00 6.809999999999999609e+00 4.389999999999999680e+00 -1.000000000000000000e+00
1.488000000000000078e+01 1.125000000000000000e+01 -1.000000000000000000e+00 1.418999999999999950e+01 1.135999999999999943e+01 4.370000000000000107e+00 6.839999999999999858e+00 6.870000000000000107e+00 4.410000000000000142e+00 -1.000000000000000000e+00
1.493999999999999950e+01 1.128999999999999915e+01 -1.000000000000000000e+00 1.416000000000000014e+01 1.135999999999999943e+01 4.400000000000000355e+00 6.839999999999999858e+00 6.919999999999999929e+00 4.419999999999999929e+00 -1.000000000000000000e+00
1.490000000000000036e+01 1.128999999999999915e+01 -1.000000000000000000e+00 1.419999999999999929e+01 1.138000000000000078e+01 4.349999999999999645e+00 6.830000000000000071e+00 6.860000000000000320e+00 4.389999999999999680e+00 -1.000000000000000000e+00
1.489000000000000057e+01 1.125000000000000000e+01 -1.000000000000000000e+00 1.415000000000000036e+01 1.133999999999999986e+01 4.400000000000000355e+00 6.900000000000000355e+00 6.870000000000000107e+00 4.370000000000000107e+00 -1.000000000000000000e+00
1.491000000000000014e+01 1.124000000000000021e+01 -1.000000000000000000e+00 1.416000000000000014e+01 1.132000000000000028e+01 4.400000000000000355e+00 6.919999999999999929e+00 6.879999999999999893e+00 4.379999999999999893e+00 -1.000000000000000000e+00
1.490000000000000036e+01 1.130000000000000071e+01 -1.000000000000000000e+00 1.416000000000000014e+01 1.140000000000000036e+01 4.400000000000000355e+00 6.839999999999999858e+00 6.830000000000000071e+00 4.370000000000000107e+00 -1.000000000000000000e+00
1.493999999999999950e+01 1.128999999999999915e+01 -1.000000000000000000e+00 1.416999999999999993e+01 1.139000000000000057e+01 4.360000000000000320e+00 6.889999999999999680e+00 6.889999999999999680e+00 4.379999999999999893e+00 -1.000000000000000000e+00
1.490000000000000036e+01 1.126999999999999957e+01 -1.000000000000000000e+00 1.418999999999999950e+01 1.139000000000000057e+01 4.330000000000000071e+00 6.889999999999999680e+00 6.849999999999999645e+00 4.379999999999999893e+00 -1.000000000000000000e+00
1.492999999999999972e+01 1.126999999999999957e+01 -1.000000000000000000e+00 1.417999999999999972e+01 1.142999999999999972e+01 4.379999999999999893e+00 6.809999999999999609e+00 6.849999999999999645e+00 4.360000000000000320e+00 -1.000000000000000000e+00
1.492999999999999972e+01 1.127999999999999936e+01 -1.000000000000000000e+00 1.416000000000000014e+01 1.130000000000000071e+01 4.379999999999999893e+00 6.820000000000000284e+00 6.889999999999999680e+00 4.389999999999999680e+00 -1.000000000000000000e+00
1.492999999999999972e+01 1.128999999999999915e+01 -1.000000000000000000e+00 1.414000000000000057e+01 1.130000000000000071e+01 4.370000000000000107e+00 6.910000000000000142e+00 6.879999999999999893e+00 4.389999999999999680e+00 -1.000000000000000000e+00
1.492999999999999972e+01 1.125999999999999979e+01 -1.000000000000000000e+00 1.421000000000000085e+01 1.131000000000000050e+01 4.339999999999999858e+00 6.839999999999999858e+00 6.849999999999999645e+00 4.429999999999999716e+00 -1.000000000000000000e+00
1.490000000000000036e+01 1.125999999999999979e+01 -1.000000000000000000e+00 1.417999999999999972e+01 1.126999999999999957e+01 4.440000000000000391e+00 6.830000000000000071e+00 6.889999999999999680e+00 4.360000000000000320e+00 -1.000000000000000000e+00
1.489000000000000057e+01 1.130000000000000071e+01 -1.000000000000000000e+00 1.421000000000000085e+01 1.131000000000000050e+01 4.360000000000000320e+00 6.900000000000000355e+00 6.860000000000000320e+00 4.370000000000000107e+00 -1.000000000000000000e+00
1.492999999999999972e+01 1.125999999999999979e+01 -1.000000000000000000e+00 1.413000000000000078e+01 1.133000000000000007e+01 4.440000000000000391e+00 6.889999999999999680e+00 6.919999999999999929e+00 4.389999999999999680e+00 -1.000000000000000000e+00
1.494999999999999929e+01 1.124000000000000021e+01 -1.000000000000000000e+00 1.416000000000000014e+01 1.133999999999999986e+01 4.320000000000000284e+00 6.820000000000000284e+00 6.830000000000000071e+00 4.389999999999999680e+00 -1.000000000000000000e+00
1.492999999999999972e+01 1.121000000000000085e+01 -1.000000000000000000e+00 1.421000000000000085e+01 1.133999999999999986e+01 4.410000000000000142e+00 6.919999999999999929e+00 6.950000000000000178e+00 4.379999999999999893e+00 -1.000000000000000000e+00
1.489000000000000057e+01 1.125999999999999979e+01 -1.000000000000000000e+00 1.419999999999999929e+01 1.133000000000000007e+01 4.360000000000000320e+00 6.839999999999999858e+00 6.900000000000000355e+00 4.360000000000000320e+00 -1.000000000000000000e+00
1.490000000000000036e+01 1.128999999999999915e+01 -1.000000000000000000e+00 1.419999999999999929e+01 1.133000000000000007e+01 4.320000000000000284e+00 6.820000000000000284e+00 6.900000000000000355e+00 4.429999999999999716e+00 -1.000000000000000000e+00
1.491000000000000014e+01 1.133999999999999986e+01 -1.000000000000000000e+00 1.416000000000000014e+01 1.132000000000000028e+01 4.299999999999999822e+00 6.889999999999999680e+00 6.969999999999999751e+00 4.400000000000000355e+00 -1.000000000000000000e+00
1.492999999999999972e+01 1.127999999999999936e+01 -1.000000000000000000e+00 1.416000000000000014e+01 1.141000000000000014e+01 4.370000000000000107e+00 6.860000000000000320e+00 6.860000000000000320e+00 4.370000000000000107e+00 -1.000000000000000000e+00
1.491000000000000014e+01 1.128999999999999915e+01 -1.000000000000000000e+00 1.417999999999999972e+01 1.131000000000000050e+01 4.309999999999999609e+00 6.870000000000000107e+00 6.900000000000000355e+00 4.379999999999999893e+00 -1.000000000000000000e+00
1.491000000000000014e+01 1.122000000000000064e+01 -1.000000000000000000e+00 1.413000000000000078e+01 1.125000000000000000e+01 4.370000000000000107e+00 6.849999999999999645e+00 6.950000000000000178e+00 4.379999999999999893e+00 -1.000000000000000000e+00
1.492999999999999972e+01 1.126999999999999957e+01 -1.000000000000000000e+00 1.415000000000000036e+01 1.125999999999999979e+01 4.410000000000000142e+00 6.830000000000000071e+00 6.849999999999999645e+00 4.400000000000000355e+00 -1.000000000000000000e+00
1.492999999999999972e+01 1.131000000000000050e+01 -1.000000000000000000e+00 1.417999999999999972e+01 1.132000000000000028e+01 4.360000000000000320e+00 6.820000000000000284e+00 6.790000000000000036e+00 4.429999999999999716e+00 -1.000000000000000000e+00
1.493999999999999950e+01 1.130000000000000071e+01 -1.000000000000000000e+00 1.418999999999999950e+01 1.126999999999999957e+01 4.379999999999999893e+00 6.900000000000000355e+00 6.870000000000000107e+00 4.410000000000000142e+00 -1.000000000000000000e+00
1.491000000000000014e+01 1.127999999999999936e+01 -1.000000000000000000e+00 1.418999999999999950e+01 1.135999999999999943e+01 4.370000000000000107e+00 6.839999999999999858e+00 6.849999999999999645e+00 4.389999999999999680e+00 -1.000000000000000000e+00
1.492999999999999972e+01 1.126999999999999957e+01 -1.000000000000000000e+00 1.422000000000000064e+01 1.131000000000000050e+01 4.379999999999999893e+00 6.839999999999999858e+00 6.879999999999999893e+00 4.389999999999999680e+00 -1.000000000000000000e+00
1.491000000000000014e+01 1.118999999999999950e+01 -1.000000000000000000e+00 1.414000000000000057e+01 1.136999999999999922e+01 4.379999999999999893e+00 6.879999999999999893e+00 6.849999999999999645e+00 4.370000000000000107e+00 -1.000000000000000000e+00
1.493999999999999950e+01 1.121000000000000085e+01 -1.000000000000000000e+00 1.413000000000000078e+01 1.130000000000000071e+01 4.339999999999999858e+00 6.879999999999999893e+00 6.900000000000000355e+00 4.389999999999999680e+00 -1.000000000000000000e+00
1.491999999999999993e+01 1.132000000000000028e+01 -1.000000000000000000e+00 1.418999999999999950e+01 1.133000000000000007e+01 4.379999999999999893e+00 6.820000000000000284e+00 6.860000000000000320e+00 4.389999999999999680e+00 -1.000000000000000000e+00
1.491999999999999993e+01 1.125000000000000000e+01 -1.000000000000000000e+00 1.419999999999999929e+01 1.131000000000000050e+01 4.339999999999999858e+00 6.919999999999999929e+00 6.860000000000000320e+00 4.389999999999999680e+00 -1.000000000000000000e+00
1.496000000000000085e+01 1.124000000000000021e+01 -1.000000000000000000e+00 1.413000000000000078e+01 1.131000000000000050e+01 4.330000000000000071e+00 6.940000000000000391e+00 6.849999999999999645e+00 4.410000000000000142e+00 -1.000000000000000000e+00
1.488000000000000078e+01 1.130000000000000071e+01 -1.000000000000000000e+00 1.416000000000000014e+01 1.133000000000000007e+01 4.320000000000000284e+00 6.929999999999999716e+00 6.889999999999999680e+00 4.370000000000000107e+00 -1.000000000000000000e+00
1.491999999999999993e+01 1.123000000000000043e+01 -1.000000000000000000e+00 1.418999999999999950e+01 1.139000000000000057e+01 4.360000000000000320e+00 6.830000000000000071e+00 6.889999999999999680e+00 4.339999999999999858e+00 -1.000000000000000000e+00
1.490000000000000036e+01 1.130000000000000071e+01 -1.000000000000000000e+00 1.414000000000000057e+01 1.127999999999999936e+01 4.379999999999999893e+00 6.889999999999999680e+00 6.889999999999999680e+00 4.389999999999999680e+00 -1.000000000000000000e+00
1.491999999999999993e+01 1.117999999999999972e+01 -1.000000000000000000e+00 1.417999999999999972e+01 1.133000000000000007e+01 4.419999999999999929e+00 6.870000000000000107e+00 6.879999999999999893e+00 4.379999999999999893e+00 -1.000000000000000000e+00
1.492999999999999972e+01 1.119999999999999929e+01 -1.000000000000000000e+00 1.414000000000000057e+01 1.133000000000000007e+01 4.379999999999999893e+00 6.830000000000000071e+00 6.879999999999999893e+00 4.429999999999999716e+00 -1.000000000000000000e+00
1.491000000000000014e+01 1.126999999999999957e+01 -1.000000000000000000e+00 1.419999999999999929e+01 1.132000000000000028e+01 4.339999999999999858e+00 6.830000000000000071e+00 6.830000000000000071e+00 4.400000000000000355e+00 -1.000000000000000000e+00
1.488000000000000078e+01 1.122000000000000064e+01 -1.000000000000000000e+00 1.418999999999999950e+01 1.131000000000000050e+01 4.450000000000000178e+00 6.929999999999999716e+00 6.889999999999999680e+00 4.370000000000000107e+00 -1.000000000000000000e+00
1.491000000000000014e+01 1.127999999999999936e+01 -1.000000000000000000e+00 1.416999999999999993e+01 1.133000000000000007e+01 4.379999999999999893e+00 6.839999999999999858e+00 6.910000000000000142e+00 4.360000000000000320e+00 -1.000000000000000000e+00
1.491000000000000014e+01 1.125000000000000000e+01 -1.000000000000000000e+00 1.419999999999999929e+01 1.133999999999999986e+01 4.379999999999999893e+00 6.849999999999999645e+00 6.839999999999999858e+00 4.370000000000000107e+00 -1.000000000000000000e+00
1.491999999999999993e+01 1.122000000000000064e+01 -1.000000000000000000e+00 1.418999999999999950e+01 1.134999999999999964e+01 4.349999999999999645e+00 6.870000000000000107e+00 6.879999999999999893e+00 4.419999999999999929e+00 -1.000000000000000000e+00
1.494999999999999929e+01 1.125999999999999979e+01 -1.000000000000000000e+00 1.416999999999999993e+01 1.126999999999999957e+01 4.309999999999999609e+00 6.900000000000000355e+00 6.889999999999999680e+00 4.410000000000000142e+00 -1.000000000000000000e+00
1.493999999999999950e+01 1.139000000000000057e+01 -1.000000000000000000e+00 1.419999999999999929e+01 1.130000000000000071e+01 4.370000000000000107e+00 6.929999999999999716e+00 6.849999999999999645e+00 4.400000000000000355e+00 -1.000000000000000000e+00
1.488000000000000078e+01 1.123000000000000043e+01 -1.000000000000000000e+00 1.419999999999999929e+01 1.128999999999999915e+01 4.360000000000000320e+00 6.879999999999999893e+00 6.940000000000000391e+00 4.400000000000000355e+00 -1.000000000000000000e+00
1.491999999999999993e+01 1.125000000000000000e+01 -1.000000000000000000e+00 1.413000000000000078e+01 1.136999999999999922e+01 4.339999999999999858e+00 6.870000000000000107e+00 6.849999999999999645e+00 4.400000000000000355e+00 -1.000000000000000000e+00
1.493999999999999950e+01 1.124000000000000021e+01 -1.000000000000000000e+00 1.416000000000000014e+01 1.136999999999999922e+01 4.389999999999999680e+00 6.830000000000000071e+00 6.849999999999999645e+00 4.419999999999999929e+00 -1.000000000000000000e+00
1.492999999999999972e+01 1.125000000000000000e+01 -1.000000000000000000e+00 1.422000000000000064e+01 1.133999999999999986e+01 4.379999999999999893e+00 6.919999999999999929e+00 6.950000000000000178e+00 4.429999999999999716e+00 -1.000000000000000000e+00
1.491999999999999993e+01 1.124000000000000021e+01 -1.000000000000000000e+00 1.413000000000000078e+01 1.133999999999999986e+01 4.410000000000000142e+00 6.919999999999999929e+00 6.870000000000000107e+00 4.379999999999999893e+00 -1.000000000000000000e+00
1.496000000000000085e+01 1.130000000000000071e+01 -1.000000000000000000e+00 1.416000000000000014e+01 1.133000000000000007e+01 4.320000000000000284e+00 6.830000000000000071e+00 6.839999999999999858e+00 4.389999999999999680e+00 -1.000000000000000000e+00
1.490000000000000036e+01 1.126999999999999957e+01 -1.000000000000000000e+00 1.413000000000000078e+01 1.136999999999999922e+01 4.330000000000000071e+00 6.839999999999999858e+00 6.919999999999999929e+00 4.370000000000000107e+00 -1.000000000000000000e+00
1.496000000000000085e+01 1.125000000000000000e+01 -1.000000000000000000e+00 1.414000000000000057e+01 1.138000000000000078e+01 4.309999999999999609e+00 6.839999999999999858e+00 6.849999999999999645e+00 4.379999999999999893e+00 -1.000000000000000000e+00
1.490000000000000036e+01 1.121000000000000085e+01 -1.000000000000000000e+00 1.422000000000000064e+01 1.125999999999999979e+01 4.320000000000000284e+00 6.929999999999999716e+00 6.889999999999999680e+00 4.330000000000000071e+00 -1.000000000000000000e+00
1.490000000000000036e+01 1.117999999999999972e+01 -1.000000000000000000e+00 1.415000000000000036e+01 1.131000000000000050e+01 4.419999999999999929e+00 6.870000000000000107e+00 6.839999999999999858e+00 4.360000000000000320e+00 -1.000000000000000000e+00
1.489000000000000057e+01 1.128999999999999915e+01 -1.000000000000000000e+00 1.422000000000000064e+01 1.133000000000000007e+01 4.370000000000000107e+00 6.830000000000000071e+00 6.830000000000000071e+00 4.379999999999999893e+00 -1.000000000000000000e+00
1.492999999999999972e+01 1.128999999999999915e+01 -1.000000000000000000e+00 1.416000000000000014e+01 1.128999999999999915e+01 4.320000000000000284e+00 6.879999999999999893e+00 6.889999999999999680e+00 4.400000000000000355e+00 -1.000000000000000000e+00
1.491000000000000014e+01 1.125000000000000000e+01 -1.000000000000000000e+00 1.414000000000000057e+01 1.136999999999999922e+01 4.389999999999999680e+00 6.809999999999999609e+00 6.849999999999999645e+00 4.400000000000000355e+00 -1.000000000000000000e+00
1.489000000000000057e+01 1.124000000000000021e+01 -1.000000000000000000e+00 1.416000000000000014e+01 1.131000000000000050e+01 4.389999999999999680e+00 6.870000000000000107e+00 6.849999999999999645e+00 4.400000000000000355e+00 -1.000000000000000000e+00
1.491999999999999993e+01 1.125000000000000000e+01 -1.000000000000000000e+00 1.415000000000000036e+01 1.133000000000000007e+01 4.370000000000000107e+00 6.860000000000000320e+00 6.889999999999999680e+00 4.349999999999999645e+00 -1.000000000000000000e+00
1.491000000000000014e+01 1.128999999999999915e+01 -1.000000000000000000e+00 1.418999999999999950e+01 1.128999999999999915e+01 4.379999999999999893e+00 6.809999999999999609e+00 6.879999999999999893e+00 4.410000000000000142e+00 -1.000000000000000000e+00
1.491000000000000014e+01 1.125999999999999979e+01 -1.000000000000000000e+00 1.422000000000000064e+01 1.136999999999999922e+01 4.370000000000000107e+00 6.919999999999999929e+00 6.839999999999999858e+00 4.429999999999999716e+00 -1.000000000000000000e+00
1.494999999999999929e+01 1.128999999999999915e+01 -1.000000000000000000e+00 1.419999999999999929e+01 1.131000000000000050e+01 4.360000000000000320e+00 6.849999999999999645e+00 6.940000000000000391e+00 4.360000000000000320e+00 -1.000000000000000000e+00
1.490000000000000036e+01 1.130000000000000071e+01 -1.000000000000000000e+00 1.423000000000000043e+01 1.133999999999999986e+01 4.349999999999999645e+00 6.820000000000000284e+00 6.910000000000000142e+00 4.339999999999999858e+00 -1.000000000000000000e+00
1.492999999999999972e+01 1.128999999999999915e+01 -1.000000000000000000e+00 1.418999999999999950e+01 1.134999999999999964e+01 4.429999999999999716e+00 6.860000000000000320e+00 6.830000000000000071e+00 4.400000000000000355e+00 -1.000000000000000000e+00
