-1.000000000000000000e+00 -1.000000000000000000e+00 -1.000000000000000000e+00 -1.000000000000000000e+00 -1.000000000000000000e+00 -1.000000000000000000e+00 -1.000000000000000000e+00 -1.000000000000000000e+00 -1.000000000000000000e+00 -1.000000000000000000e+00
9.539999999999999147e+00 -1.000000000000000000e+00 3.720000000000000195e+00 5.570000000000000284e+00 8.830000000000000071e+00 1.057000000000000028e+01 1.014000000000000057e+01 -1.000000000000000000e+00 1.368999999999999950e+01 1.128999999999999915e+01
9.470000000000000639e+00 -1.000000000000000000e+00 3.640000000000000124e+00 5.610000000000000320e+00 8.789999999999999147e+00 1.036999999999999922e+01 1.016000000000000014e+01 -1.000000000000000000e+00 1.368999999999999950e+01 1.125000000000000000e+01
9.480000000000000426e+00 -1.000000000000000000e+00 3.660000000000000142e+00 5.589999999999999858e+00 8.820000000000000284e+00 1.058000000000000007e+01 1.011999999999999922e+01 -1.000000000000000000e+00 1.366000000000000014e+01 1.131000000000000050e+01
9.509999999999999787e+00 -1.000000000000000000e+00 3.669999999999999929e+00 5.599999999999999645e+00 8.839999999999999858e+00 1.049000000000000021e+01 1.018999999999999950e+01 -1.000000000000000000e+00 1.366999999999999993e+01 1.124000000000000021e+01
9.509999999999999787e+00 -1.000000000000000000e+00 3.660000000000000142e+00 5.610000000000000320e+00 8.869999999999999218e+00 1.051999999999999957e+01 1.015000000000000036e+01 -1.000000000000000000e+00 1.366000000000000014e+01 1.130000000000000071e+01
9.560000000000000497e+00 -1.000000000000000000e+00 3.680000000000000160e+00 5.589999999999999858e+00 8.810000000000000497e+00 1.046000000000000085e+01 1.014000000000000057e+01 -1.000000000000000000e+00 1.366000000000000014e+01 1.125999999999999979e+01
9.560000000000000497e+00 -1.000000000000000000e+00 3.660000000000000142e+00 5.599999999999999645e+00 8.769999999999999574e+00 1.057000000000000028e+01 1.013000000000000078e+01 -1.000000000000000000e+00 1.367999999999999972e+01 1.132000000000000028e+01
9.509999999999999787e+00 -1.000000000000000000e+00 3.669999999999999929e+00 5.639999999999999680e+00 8.810000000000000497e+00 1.048000000000000043e+01 1.015000000000000036e+01 -1.000000000000000000e+00 1.361999999999999922e+01 1.127999999999999936e+01
9.609999999999999432e+00 -1.000000000000000000e+00 3.629999999999999893e+00 5.589999999999999858e+00 8.830000000000000071e+00 1.050000000000000000e+01 1.014000000000000057e+01 -1.000000000000000000e+00 1.363000000000000078e+01 1.130000000000000071e+01
9.539999999999999147e+00 -1.000000000000000000e+00 3.649999999999999911e+00 5.629999999999999893e+00 8.820000000000000284e+00 1.052999999999999936e+01 1.016999999999999993e+01 -1.000000000000000000e+00 1.366999999999999993e+01 1.128999999999999915e+01
9.529999999999999361e+00 -1.000000000000000000e+00 3.629999999999999893e+00 5.629999999999999893e+00 8.820000000000000284e+00 1.051999999999999957e+01 1.016999999999999993e+01 -1.000000000000000000e+00 1.364000000000000057e+01 1.125000000000000000e+01
9.509999999999999787e+00 -1.000000000000000000e+00 3.709999999999999964e+00 5.639999999999999680e+00 8.839999999999999858e+00 1.044999999999999929e+01 1.015000000000000036e+01 -1.000000000000000000e+00 1.367999999999999972e+01 1.130000000000000071e+01
9.580000000000000071e+00 -1.000000000000000000e+00 3.649999999999999911e+00 5.610000000000000320e+00 8.779999999999999361e+00 1.055000000000000071e+01 1.016999999999999993e+01 -1.000000000000000000e+00 1.361999999999999922e+01 1.126999999999999957e+01
9.500000000000000000e+00 -1.000000000000000000e+00 3.649999999999999911e+00 5.660000000000000142e+00 8.769999999999999574e+00 1.050000000000000000e+01 1.010999999999999943e+01 -1.000000000000000000e+00 1.371000000000000085e+01 1.128999999999999915e+01
9.550000000000000711e+00 -1.000000000000000000e+00 3.689999999999999947e+00 5.629999999999999893e+00 8.830000000000000071e+00 1.050000000000000000e+01 1.016000000000000014e+01 -1.000000000000000000e+00 1.369999999999999929e+01 1.130000000000000071e+01
9.550000000000000711e+00 -1.000000000000000000e+00 3.660000000000000142e+00 5.629999999999999893e+00 8.779999999999999361e+00 1.048000000000000043e+01 1.016000000000000014e+01 -1.000000000000000000e+00 1.363000000000000078e+01 1.131000000000000050e+01
9.589999999999999858e+00 -1.000000000000000000e+00 3.700000000000000178e+00 5.599999999999999645e+00 8.759999999999999787e+00 1.052999999999999936e+01 1.016000000000000014e+01 -1.000000000000000000e+00 1.374000000000000021e+01 1.131000000000000050e+01
9.529999999999999361e+00 -1.000000000000000000e+00 3.709999999999999964e+00 5.570000000000000284e+00 8.800000000000000711e+00 1.052999999999999936e+01 1.014000000000000057e+01 -1.000000000000000000e+00 1.366000000000000014e+01 1.131000000000000050e+01
9.539999999999999147e+00 -1.000000000000000000e+00 3.609999999999999876e+00 5.620000000000000107e+00 8.759999999999999787e+00 1.050000000000000000e+01 1.021000000000000085e+01 -1.000000000000000000e+00 1.366000000000000014e+01 1.125000000000000000e+01
9.580000000000000071e+00 -1.000000000000000000e+00 3.629999999999999893e+00 5.629999999999999893e+00 8.869999999999999218e+00 1.052999999999999936e+01 1.013000000000000078e+01 -1.000000000000000000e+00 1.365000000000000036e+01 1.128999999999999915e+01
9.519999999999999574e+00 -1.000000000000000000e+00 3.689999999999999947e+00 5.589999999999999858e+00 8.839999999999999858e+00 1.050000000000000000e+01 1.016000000000000014e+01 -1.000000000000000000e+00 1.365000000000000036e+01 1.127999999999999936e+01
9.529999999999999361e+00 -1.000000000000000000e+00 3.629999999999999893e+00 5.620000000000000107e+00 8.810000000000000497e+00 1.051999999999999957e+01 1.015000000000000036e+01 -1.000000000000000000e+00 1.363000000000000078e+01 1.132000000000000028e+01
9.550000000000000711e+00 -1.000000000000000000e+00 3.640000000000000124e+00 5.580000000000000071e+00 8.769999999999999574e+00 1.049000000000000021e+01 1.016999999999999993e+01 -1.000000000000000000e+00 1.366999999999999993e+01 1.130000000000000071e+01
9.490000000000000213e+00 -1.000000000000000000e+00 3.700000000000000178e+00 5.639999999999999680e+00 8.779999999999999361e+00 1.050000000000000000e+01 1.013000000000000078e+01 -1.000000000000000000e+00 1.367999999999999972e+01 1.128999999999999915e+01
9.550000000000000711e+00 -1.000000000000000000e+00 3.660000000000000142e+00 5.589999999999999858e+00 8.800000000000000711e+00 1.050000000000000000e+01 1.013000000000000078e+01 -1.000000000000000000e+00 1.361999999999999922e+01 1.132000000000000028e+01
9.589999999999999858e+00 -1.000000000000000000e+00 3.609999999999999876e+00 5.610000000000000320e+00 8.830000000000000071e+00 1.048000000000000043e+01 1.011999999999999922e+01 -1.000000000000000000e+00 1.367999999999999972e+01 1.130000000000000071e+01
9.539999999999999147e+00 -1.000000000000000000e+00 3.640000000000000124e+00 5.620000000000000107e+00 8.849999999999999645e+00 1.048000000000000043e+01 1.016999999999999993e+01 -1.000000000000000000e+00 1.365000000000000036e+01 1.132000000000000028e+01
9.539999999999999147e+00 -1.000000000000000000e+00 3.620000000000000107e+00 5.570000000000000284e+00 8.800000000000000711e+00 1.050000000000000000e+01 1.013000000000000078e+01 -1.000000000000000000e+00 1.367999999999999972e+01 1.132000000000000028e+01
9.529999999999999361e+00 -1.000000000000000000e+00 3.669999999999999929e+00 5.589999999999999858e+00 8.849999999999999645e+00 1.056000000000000050e+01 1.016999999999999993e+01 -1.000000000000000000e+00 1.366000000000000014e+01 1.131000000000000050e+01
9.550000000000000711e+00 -1.000000000000000000e+00 3.669999999999999929e+00 5.589999999999999858e+00 8.830000000000000071e+00 1.044999999999999929e+01 1.009999999999999964e+01 -1.000000000000000000e+00 1.366999999999999993e+01 1.128999999999999915e+01
9.550000000000000711e+00 -1.000000000000000000e+00 3.660000000000000142e+00 5.599999999999999645e+00 8.810000000000000497e+00 1.048000000000000043e+01 1.016000000000000014e+01 -1.000000000000000000e+00 1.361999999999999922e+01 1.126999999999999957e+01
9.550000000000000711e+00 -1.000000000000000000e+00 3.629999999999999893e+00 5.589999999999999858e+00 8.890000000000000568e+00 1.052999999999999936e+01 1.011999999999999922e+01 -1.000000000000000000e+00 1.366000000000000014e+01 1.123000000000000043e+01
9.560000000000000497e+00 -1.000000000000000000e+00 3.640000000000000124e+00 5.589999999999999858e+00 8.830000000000000071e+00 1.051999999999999957e+01 1.014000000000000057e+01 -1.000000000000000000e+00 1.365000000000000036e+01 1.133000000000000007e+01
9.580000000000000071e+00 -1.000000000000000000e+00 3.620000000000000107e+00 -1.000000000000000000e+00 8.789999999999999147e+00 1.051999999999999957e+01 1.016999999999999993e+01 -1.000000000000000000e+00 1.367999999999999972e+01 1.126999999999999957e+01
9.519999999999999574e+00 -1.000000000000000000e+00 3.660000000000000142e+00 5.570000000000000284e+00 8.839999999999999858e+00 1.057000000000000028e+01 -1.000000000000000000e+00 -1.000000000000000000e+00 1.366999999999999993e+01 1.131000000000000050e+01
9.509999999999999787e+00 -1.000000000000000000e+00 3.709999999999999964e+00 5.589999999999999858e+00 8.759999999999999787e+00 -1.000000000000000000e+00 1.011999999999999922e+01 4.910000000000000142e+00 1.366999999999999993e+01 1.127999999999999936e+01
9.500000000000000000e+00 -1.000000000000000000e+00 3.640000000000000124e+00 5.580000000000000071e+00 8.810000000000000497e+00 -1.000000000000000000e+00 1.014000000000000057e+01 4.980000000000000426e+00 1.366999999999999993e+01 1.130000000000000071e+01
9.519999999999999574e+00 -1.000000000000000000e+00 3.689999999999999947e+00 5.610000000000000320e+00 8.820000000000000284e+00 -1.000000000000000000e+00 1.013000000000000078e+01 4.959999999999999964e+00 1.366999999999999993e+01 1.126999999999999957e+01
9.570000000000000284e+00 -1.000000000000000000e+00 3.680000000000000160e+00 5.599999999999999645e+00 8.919999999999999929e+00 -1.000000000000000000e+00 1.016000000000000014e+01 4.919999999999999929e+00 1.369999999999999929e+01 1.126999999999999957e+01
9.500000000000000000e+00 -1.000000000000000000e+00 3.660000000000000142e+00 5.620000000000000107e+00 8.810000000000000497e+00 -1.000000000000000000e+00 1.016999999999999993e+01 5.009999999999999787e+00 1.364000000000000057e+01 1.125999999999999979e+01
9.529999999999999361e+00 -1.000000000000000000e+00 3.640000000000000124e+00 5.639999999999999680e+00 8.740000000000000213e+00 -1.000000000000000000e+00 1.011999999999999922e+01 4.889999999999999680e+00 1.368999999999999950e+01 1.125000000000000000e+01
9.490000000000000213e+00 -1.000000000000000000e+00 3.669999999999999929e+00 5.589999999999999858e+00 8.779999999999999361e+00 -1.000000000000000000e+00 1.019999999999999929e+01 4.959999999999999964e+00 1.368999999999999950e+01 1.125999999999999979e+01
9.500000000000000000e+00 -1.000000000000000000e+00 3.629999999999999893e+00 5.589999999999999858e+00 8.730000000000000426e+00 -1.000000000000000000e+00 1.014000000000000057e+01 5.019999999999999574e+00 1.363000000000000078e+01 1.126999999999999957e+01
9.519999999999999574e+00 -1.000000000000000000e+00 3.589999999999999858e+00 5.589999999999999858e+00 8.810000000000000497e+00 -1.000000000000000000e+00 1.014000000000000057e+01 5.000000000000000000e+00 1.365000000000000036e+01 1.130000000000000071e+01
9.529999999999999361e+00 -1.000000000000000000e+00 3.669999999999999929e+00 5.599999999999999645e+00 8.779999999999999361e+00 -1.000000000000000000e+00 1.011999999999999922e+01 4.889999999999999680e+00 1.368999999999999950e+01 1.125000000000000000e+01
9.580000000000000071e+00 -1.000000000000000000e+00 3.600000000000000089e+00 5.629999999999999893e+00 8.869999999999999218e+00 -1.000000000000000000e+00 1.009999999999999964e+01 4.870000000000000107e+00 1.367999999999999972e+01 1.128999999999999915e+01
9.500000000000000000e+00 -1.000000000000000000e+00 3.629999999999999893e+00 5.580000000000000071e+00 8.839999999999999858e+00 -1.000000000000000000e+00 1.011999999999999922e+01 4.969999999999999751e+00 1.367999999999999972e+01 1.130000000000000071e+01
9.550000000000000711e+00 -1.000000000000000000e+00 3.620000000000000107e+00 5.580000000000000071e+00 8.750000000000000000e+00 -1.000000000000000000e+00 1.022000000000000064e+01 4.830000000000000071e+00 1.366999999999999993e+01 1.125999999999999979e+01
9.460000000000000853e+00 -1.000000000000000000e+00 3.629999999999999893e+00 5.559999999999999609e+00 8.769999999999999574e+00 -1.000000000000000000e+00 1.013000000000000078e+01 4.980000000000000426e+00 1.367999999999999972e+01 1.131000000000000050e+01
9.529999999999999361e+00 -1.000000000000000000e+00 3.609999999999999876e+00 5.639999999999999680e+00 8.800000000000000711e+00 -1.000000000000000000e+00 1.008000000000000007e+01 5.000000000000000000e+00 1.371000000000000085e+01 1.131000000000000050e+01
9.560000000000000497e+00 -1.000000000000000000e+00 3.660000000000000142e+00 5.570000000000000284e+00 8.750000000000000000e+00 -1.000000000000000000e+00 1.016000000000000014e+01 4.950000000000000178e+00 1.368999999999999950e+01 1.126999999999999957e+01
9.539999999999999147e+00 -1.000000000000000000e+00 3.740000000000000213e+00 5.610000000000000320e+00 8.849999999999999645e+00 -1.000000000000000000e+00 1.010999999999999943e+01 4.790000000000000036e+00 1.367999999999999972e+01 1.126999999999999957e+01
9.519999999999999574e+00 -1.000000000000000000e+00 3.620000000000000107e+00 5.639999999999999680e+00 8.810000000000000497e+00 -1.000000000000000000e+00 1.016000000000000014e+01 4.860000000000000320e+00 1.368999999999999950e+01 1.131000000000000050e+01
9.570000000000000284e+00 -1.000000000000000000e+00 3.660000000000000142e+00 5.639999999999999680e+00 8.859999999999999432e+00 -1.000000000000000000e+00 1.010999999999999943e+01 4.959999999999999964e+00 1.371000000000000085e+01 1.135999999999999943e+01
9.490000000000000213e+00 -1.000000000000000000e+00 3.629999999999999893e+00 5.599999999999999645e+00 8.820000000000000284e+00 -1.000000000000000000e+00 1.016000000000000014e+01 4.969999999999999751e+00 1.363000000000000078e+01 1.127999999999999936e+01
9.509999999999999787e+00 -1.000000000000000000e+00 3.640000000000000124e+00 5.620000000000000107e+00 8.779999999999999361e+00 -1.000000000000000000e+00 1.010999999999999943e+01 4.929999999999999716e+00 1.366000000000000014e+01 1.119999999999999929e+01
9.539999999999999147e+00 -1.000000000000000000e+00 3.620000000000000107e+00 5.570000000000000284e+00 8.800000000000000711e+00 -1.000000000000000000e+00 1.011999999999999922e+01 4.950000000000000178e+00 1.367999999999999972e+01 1.133999999999999986e+01
9.529999999999999361e+00 -1.000000000000000000e+00 3.629999999999999893e+00 5.629999999999999893e+00 8.830000000000000071e+00 -1.000000000000000000e+00 1.016000000000000014e+01 4.929999999999999716e+00 1.365000000000000036e+01 1.130000000000000071e+01
9.560000000000000497e+00 -1.000000000000000000e+00 3.640000000000000124e+00 5.599999999999999645e+00 8.759999999999999787e+00 -1.000000000000000000e+00 1.007000000000000028e+01 4.910000000000000142e+00 1.368999999999999950e+01 1.130000000000000071e+01
9.539999999999999147e+00 -1.000000000000000000e+00 3.689999999999999947e+00 5.610000000000000320e+00 8.849999999999999645e+00 -1.000000000000000000e+00 1.014000000000000057e+01 4.780000000000000249e+00 1.371000000000000085e+01 1.132000000000000028e+01
9.599999999999999645e+00 -1.000000000000000000e+00 3.640000000000000124e+00 5.610000000000000320e+00 8.890000000000000568e+00 -1.000000000000000000e+00 1.011999999999999922e+01 4.919999999999999929e+00 1.372000000000000064e+01 1.131000000000000050e+01
9.460000000000000853e+00 -1.000000000000000000e+00 3.740000000000000213e+00 5.599999999999999645e+00 8.849999999999999645e+00 -1.000000000000000000e+00 1.008999999999999986e+01 4.959999999999999964e+00 1.361999999999999922e+01 1.132000000000000028e+01
9.599999999999999645e+00 -1.000000000000000000e+00 3.640000000000000124e+00 5.589999999999999858e+00 8.890000000000000568e+00 -1.000000000000000000e+00 1.010999999999999943e+01 4.919999999999999929e+00 1.367999999999999972e+01 1.131000000000000050e+01
9.500000000000000000e+00 -1.000000000000000000e+00 3.640000000000000124e+00 5.610000000000000320e+00 8.890000000000000568e+00 -1.000000000000000000e+00 1.016999999999999993e+01 4.860000000000000320e+00 1.368999999999999950e+01 1.124000000000000021e+01
9.560000000000000497e+00 -1.000000000000000000e+00 3.640000000000000124e+00 5.629999999999999893e+00 8.880000000000000782e+00 -1.000000000000000000e+00 1.009999999999999964e+01 4.830000000000000071e+00 1.366999999999999993e+01 1.132000000000000028e+01
9.550000000000000711e+00 -1.000000000000000000e+00 3.629999999999999893e+00 5.580000000000000071e+00 8.789999999999999147e+00 -1.000000000000000000e+00 1.013000000000000078e+01 4.950000000000000178e+00 1.369999999999999929e+01 1.126999999999999957e+01
9.550000000000000711e+00 -1.000000000000000000e+00 3.640000000000000124e+00 5.599999999999999645e+00 8.830000000000000071e+00 -1.000000000000000000e+00 1.013000000000000078e+01 4.940000000000000391e+00 1.368999999999999950e+01 1.127999999999999936e+01
9.560000000000000497e+00 -1.000000000000000000e+00 3.669999999999999929e+00 5.589999999999999858e+00 8.800000000000000711e+00 -1.000000000000000000e+00 1.015000000000000036e+01 4.959999999999999964e+00 1.366000000000000014e+01 1.128999999999999915e+01
9.529999999999999361e+00 -1.000000000000000000e+00 3.640000000000000124e+00 5.610000000000000320e+00 8.849999999999999645e+00 -1.000000000000000000e+00 1.018999999999999950e+01 4.969999999999999751e+00 1.372000000000000064e+01 1.127999999999999936e+01
9.599999999999999645e+00 -1.000000000000000000e+00 3.629999999999999893e+00 5.589999999999999858e+00 8.830000000000000071e+00 -1.000000000000000000e+00 1.014000000000000057e+01 4.940000000000000391e+00 1.369999999999999929e+01 1.127999999999999936e+01
9.529999999999999361e+00 -1.000000000000000000e+00 3.640000000000000124e+00 5.620000000000000107e+00 8.830000000000000071e+00 -1.000000000000000000e+00 1.008999999999999986e+01 4.950000000000000178e+00 1.365000000000000036e+01 1.126999999999999957e+01
9.599999999999999645e+00 -1.000000000000000000e+00 3.620000000000000107e+00 5.610000000000000320e+00 8.869999999999999218e+00 -1.000000000000000000e+00 1.018999999999999950e+01 4.950000000000000178e+00 1.365000000000000036e+01 1.127999999999999936e+01
9.580000000000000071e+00 -1.000000000000000000e+00 3.640000000000000124e+00 5.639999999999999680e+00 8.789999999999999147e+00 -1.000000000000000000e+00 1.011999999999999922e+01 4.910000000000000142e+00 1.365000000000000036e+01 1.124000000000000021e+01
9.539999999999999147e+00 -1.000000000000000000e+00 3.589999999999999858e+00 5.629999999999999893e+00 8.810000000000000497e+00 -1.000000000000000000e+00 1.003999999999999915e+01 4.879999999999999893e+00 1.366999999999999993e+01 1.133000000000000007e+01
9.500000000000000000e+00 -1.000000000000000000e+00 3.649999999999999911e+00 5.599999999999999645e+00 8.789999999999999147e+00 -1.000000000000000000e+00 1.014000000000000057e+01 4.900000000000000355e+00 1.366999999999999993e+01 1.128999999999999915e+01
9.539999999999999147e+00 -1.000000000000000000e+00 3.689999999999999947e+00 5.620000000000000107e+00 8.789999999999999147e+00 -1.000000000000000000e+00 1.016999999999999993e+01 4.929999999999999716e+00 1.365000000000000036e+01 1.133000000000000007e+01
9.570000000000000284e+00 -1.000000000000000000e+00 3.660000000000000142e+00 5.599999999999999645e+00 8.929999999999999716e+00 -1.000000000000000000e+00 1.013000000000000078e+01 4.919999999999999929e+00 1.368999999999999950e+01 1.131000000000000050e+01
9.550000000000000711e+00 -1.000000000000000000e+00 3.660000000000000142e+00 5.629999999999999893e+00 8.779999999999999361e+00 -1.000000000000000000e+00 1.008000000000000007e+01 4.860000000000000320e+00 1.369999999999999929e+01 1.131000000000000050e+01
9.570000000000000284e+00 -1.000000000000000000e+00 3.640000000000000124e+00 5.610000000000000320e+00 8.740000000000000213e+00 -1.000000000000000000e+00 1.008999999999999986e+01 4.910000000000000142e+00 1.367999999999999972e+01 1.125999999999999979e+01
9.539999999999999147e+00 -1.000000000000000000e+00 3.709999999999999964e+00 5.639999999999999680e+00 8.839999999999999858e+00 -1.000000000000000000e+00 1.009999999999999964e+01 5.040000000000000036e+00 1.368999999999999950e+01 1.125000000000000000e+01
9.560000000000000497e+00 -1.000000000000000000e+00 3.669999999999999929e+00 5.559999999999999609e+00 8.769999999999999574e+00 -1.000000000000000000e+00 1.010999999999999943e+01 4.940000000000000391e+00 1.367999999999999972e+01 1.123000000000000043e+01
9.509999999999999787e+00 -1.000000000000000000e+00 3.669999999999999929e+00 5.580000000000000071e+00 8.830000000000000071e+00 -1.000000000000000000e+00 1.013000000000000078e+01 4.879999999999999893e+00 1.368999999999999950e+01 1.132000000000000028e+01
9.519999999999999574e+00 -1.000000000000000000e+00 3.669999999999999929e+00 5.589999999999999858e+00 8.869999999999999218e+00 -1.000000000000000000e+00 1.007000000000000028e+01 4.910000000000000142e+00 1.363000000000000078e+01 1.134999999999999964e+01
9.570000000000000284e+00 -1.000000000000000000e+00 3.640000000000000124e+00 5.589999999999999858e+00 8.750000000000000000e+00 -1.000000000000000000e+00 1.014000000000000057e+01 4.910000000000000142e+00 1.366999999999999993e+01 1.125000000000000000e+01
9.550000000000000711e+00 -1.000000000000000000e+00 3.709999999999999964e+00 5.599999999999999645e+00 8.789999999999999147e+00 -1.000000000000000000e+00 1.013000000000000078e+01 4.969999999999999751e+00 1.361999999999999922e+01 1.126999999999999957e+01
9.580000000000000071e+00 -1.000000000000000000e+00 3.629999999999999893e+00 5.639999999999999680e+00 8.830000000000000071e+00 -1.000000000000000000e+00 1.010999999999999943e+01 4.959999999999999964e+00 1.365000000000000036e+01 1.125000000000000000e+01
9.519999999999999574e+00 -1.000000000000000000e+00 3.669999999999999929e+00 5.580000000000000071e+00 8.859999999999999432e+00 -1.000000000000000000e+00 1.016999999999999993e+01 4.940000000000000391e+00 1.363000000000000078e+01 1.131000000000000050e+01
9.539999999999999147e+00 -1.000000000000000000e+00 3.629999999999999893e+00 5.570000000000000284e+00 8.740000000000000213e+00 -1.000000000000000000e+00 1.014000000000000057e+01 4.889999999999999680e+00 1.364000000000000057e+01 1.133999999999999986e+01
9.560000000000000497e+00 -1.000000000000000000e+00 3.689999999999999947e+00 5.589999999999999858e+00 8.810000000000000497e+00 -1.000000000000000000e+00 1.005000000000000071e+01 4.910000000000000142e+00 1.366999999999999993e+01 1.130000000000000071e+01
9.519999999999999574e+00 -1.000000000000000000e+00 3.680000000000000160e+00 5.639999999999999680e+00 8.769999999999999574e+00 -1.000000000000000000e+00 1.014000000000000057e+01 4.860000000000000320e+00 1.367999999999999972e+01 1.125000000000000000e+01
9.480000000000000426e+00 -1.000000000000000000e+00 3.640000000000000124e+00 5.599999999999999645e+00 8.869999999999999218e+00 -1.000000000000000000e+00 1.010999999999999943e+01 4.910000000000000142e+00 1.369999999999999929e+01 1.133000000000000007e+01
9.609999999999999432e+00 -1.000000000000000000e+00 3.720000000000000195e+00 5.570000000000000284e+00 8.759999999999999787e+00 -1.000000000000000000e+00 1.008999999999999986e+01 4.889999999999999680e+00 1.361999999999999922e+01 1.133000000000000007e+01
9.509999999999999787e+00 -1.000000000000000000e+00 3.620000000000000107e+00 5.559999999999999609e+00 8.800000000000000711e+00 -1.000000000000000000e+00 1.013000000000000078e+01 4.900000000000000355e+00 1.365000000000000036e+01 1.124000000000000021e+01
9.480000000000000426e+00 -1.000000000000000000e+00 3.569999999999999840e+00 5.570000000000000284e+00 8.830000000000000071e+00 -1.000000000000000000e+00 1.008999999999999986e+01 4.969999999999999751e+00 1.363000000000000078e+01 1.124000000000000021e+01
9.560000000000000497e+00 -1.000000000000000000e+00 3.640000000000000124e+00 5.610000000000000320e+00 8.880000000000000782e+00 -1.000000000000000000e+00 1.016000000000000014e+01 4.860000000000000320e+00 1.369999999999999929e+01 1.133000000000000007e+01
9.570000000000000284e+00 -1.000000000000000000e+00 3.629999999999999893e+00 5.599999999999999645e+00 8.869999999999999218e+00 -1.000000000000000000e+00 1.010999999999999943e+01 5.009999999999999787e+00 1.368999999999999950e+01 1.133000000000000007e+01
9.509999999999999787e+00 -1.000000000000000000e+00 3.669999999999999929e+00 5.589999999999999858e+00 8.880000000000000782e+00 -1.000000000000000000e+00 1.016999999999999993e+01 4.959999999999999964e+00 1.369999999999999929e+01 1.127999999999999936e+01
9.539999999999999147e+00 -1.000000000000000000e+00 3.620000000000000107e+00 5.639999999999999680e+00 8.820000000000000284e+00 -1.000000000000000000e+00 1.016999999999999993e+01 4.910000000000000142e+00 1.365000000000000036e+01 1.131000000000000050e+01
9.589999999999999858e+00 -1.000000000000000000e+00 3.740000000000000213e+00 5.610000000000000320e+00 8.779999999999999361e+00 -1.000000000000000000e+00 1.010999999999999943e+01 4.910000000000000142e+00 1.366000000000000014e+01 1.131000000000000050e+01
