-1.000000000000000000e+00 -1.000000000000000000e+00 -1.000000000000000000e+00 -1.000000000000000000e+00 -1.000000000000000000e+00 -1.000000000000000000e+00 -1.000000000000000000e+00 -1.000000000000000000e+00 -1.000000000000000000e+00 -1.000000000000000000e+00
1.426999999999999957e+01 1.360999999999999943e+01 -1.000000000000000000e+00 1.489000000000000057e+01 1.047000000000000064e+01 8.750000000000000000e+00 5.419999999999999929e+00 1.018999999999999950e+01 -1.000000000000000000e+00 4.379999999999999893e+00
1.425000000000000000e+01 1.364000000000000057e+01 -1.000000000000000000e+00 1.482000000000000028e+01 1.044999999999999929e+01 8.800000000000000711e+00 5.410000000000000142e+00 1.018999999999999950e+01 -1.000000000000000000e+00 4.360000000000000320e+00
1.426999999999999957e+01 1.366000000000000014e+01 -1.000000000000000000e+00 1.482000000000000028e+01 1.036999999999999922e+01 8.720000000000000639e+00 5.360000000000000320e+00 1.016999999999999993e+01 -1.000000000000000000e+00 4.339999999999999858e+00
1.430000000000000071e+01 1.366999999999999993e+01 -1.000000000000000000e+00 1.485999999999999943e+01 -1.000000000000000000e+00 8.740000000000000213e+00 5.440000000000000391e+00 1.018999999999999950e+01 -1.000000000000000000e+00 4.309999999999999609e+00
1.426999999999999957e+01 1.365000000000000036e+01 -1.000000000000000000e+00 1.484999999999999964e+01 1.044999999999999929e+01 8.810000000000000497e+00 5.419999999999999929e+00 1.014000000000000057e+01 -1.000000000000000000e+00 4.339999999999999858e+00
1.425000000000000000e+01 1.366000000000000014e+01 -1.000000000000000000e+00 1.489000000000000057e+01 1.048000000000000043e+01 8.730000000000000426e+00 5.389999999999999680e+00 1.019999999999999929e+01 -1.000000000000000000e+00 4.389999999999999680e+00
1.425000000000000000e+01 1.366000000000000014e+01 -1.000000000000000000e+00 1.483999999999999986e+01 1.042999999999999972e+01 8.710000000000000853e+00 5.339999999999999858e+00 1.018999999999999950e+01 -1.000000000000000000e+00 4.299999999999999822e+00
1.424000000000000021e+01 1.366000000000000014e+01 -1.000000000000000000e+00 1.484999999999999964e+01 1.040000000000000036e+01 8.789999999999999147e+00 5.330000000000000071e+00 1.024000000000000021e+01 -1.000000000000000000e+00 4.370000000000000107e+00
1.423000000000000043e+01 1.363000000000000078e+01 -1.000000000000000000e+00 1.486999999999999922e+01 1.042999999999999972e+01 8.650000000000000355e+00 5.339999999999999858e+00 1.016000000000000014e+01 -1.000000000000000000e+00 4.360000000000000320e+00
1.424000000000000021e+01 1.369999999999999929e+01 -1.000000000000000000e+00 1.484999999999999964e+01 1.044999999999999929e+01 8.820000000000000284e+00 5.410000000000000142e+00 1.021000000000000085e+01 -1.000000000000000000e+00 4.379999999999999893e+00
1.425999999999999979e+01 1.369999999999999929e+01 -1.000000000000000000e+00 1.483999999999999986e+01 1.046000000000000085e+01 8.750000000000000000e+00 5.389999999999999680e+00 1.021000000000000085e+01 -1.000000000000000000e+00 4.320000000000000284e+00
1.426999999999999957e+01 1.363000000000000078e+01 -1.000000000000000000e+00 1.490000000000000036e+01 1.041999999999999993e+01 8.740000000000000213e+00 5.370000000000000107e+00 1.016999999999999993e+01 -1.000000000000000000e+00 4.360000000000000320e+00
1.426999999999999957e+01 1.367999999999999972e+01 -1.000000000000000000e+00 1.483999999999999986e+01 1.046000000000000085e+01 8.830000000000000071e+00 5.389999999999999680e+00 1.023000000000000043e+01 -1.000000000000000000e+00 4.360000000000000320e+00
1.426999999999999957e+01 1.371000000000000085e+01 -1.000000000000000000e+00 1.486999999999999922e+01 1.042999999999999972e+01 8.720000000000000639e+00 5.379999999999999893e+00 1.017999999999999972e+01 -1.000000000000000000e+00 4.379999999999999893e+00
1.426999999999999957e+01 1.367999999999999972e+01 -1.000000000000000000e+00 1.481000000000000050e+01 1.043999999999999950e+01 8.750000000000000000e+00 5.339999999999999858e+00 1.022000000000000064e+01 -1.000000000000000000e+00 4.330000000000000071e+00
1.427999999999999936e+01 1.366000000000000014e+01 -1.000000000000000000e+00 1.482000000000000028e+01 1.052999999999999936e+01 8.779999999999999361e+00 5.379999999999999893e+00 1.023000000000000043e+01 -1.000000000000000000e+00 4.370000000000000107e+00
1.425999999999999979e+01 1.367999999999999972e+01 -1.000000000000000000e+00 1.485999999999999943e+01 1.041999999999999993e+01 8.800000000000000711e+00 5.389999999999999680e+00 1.019999999999999929e+01 -1.000000000000000000e+00 4.400000000000000355e+00
1.425000000000000000e+01 1.366000000000000014e+01 -1.000000000000000000e+00 1.485999999999999943e+01 1.043999999999999950e+01 8.730000000000000426e+00 5.379999999999999893e+00 1.015000000000000036e+01 -1.000000000000000000e+00 4.370000000000000107e+00
1.425999999999999979e+01 1.359999999999999964e+01 -1.000000000000000000e+00 1.483000000000000007e+01 1.050000000000000000e+01 8.730000000000000426e+00 5.339999999999999858e+00 1.024000000000000021e+01 -1.000000000000000000e+00 4.370000000000000107e+00
1.424000000000000021e+01 1.366000000000000014e+01 -1.000000000000000000e+00 1.483999999999999986e+01 1.043999999999999950e+01 8.779999999999999361e+00 5.419999999999999929e+00 1.017999999999999972e+01 -1.000000000000000000e+00 4.379999999999999893e+00
1.425999999999999979e+01 1.366999999999999993e+01 -1.000000000000000000e+00 1.485999999999999943e+01 1.042999999999999972e+01 8.779999999999999361e+00 5.309999999999999609e+00 1.016999999999999993e+01 -1.000000000000000000e+00 4.360000000000000320e+00
1.424000000000000021e+01 1.365000000000000036e+01 -1.000000000000000000e+00 1.483999999999999986e+01 1.048000000000000043e+01 8.800000000000000711e+00 5.339999999999999858e+00 1.016000000000000014e+01 -1.000000000000000000e+00 4.349999999999999645e+00
1.426999999999999957e+01 1.364000000000000057e+01 -1.000000000000000000e+00 1.488000000000000078e+01 1.044999999999999929e+01 8.830000000000000071e+00 5.410000000000000142e+00 1.016999999999999993e+01 -1.000000000000000000e+00 4.320000000000000284e+00
1.426999999999999957e+01 1.366999999999999993e+01 -1.000000000000000000e+00 1.480000000000000071e+01 1.042999999999999972e+01 8.779999999999999361e+00 5.360000000000000320e+00 1.013000000000000078e+01 -1.000000000000000000e+00 4.379999999999999893e+00
1.426999999999999957e+01 1.366000000000000014e+01 -1.000000000000000000e+00 1.488000000000000078e+01 1.046000000000000085e+01 8.759999999999999787e+00 5.299999999999999822e+00 1.016999999999999993e+01 -1.000000000000000000e+00 4.400000000000000355e+00
1.424000000000000021e+01 1.368999999999999950e+01 -1.000000000000000000e+00 1.482000000000000028e+01 1.049000000000000021e+01 8.769999999999999574e+00 5.339999999999999858e+00 1.022000000000000064e+01 -1.000000000000000000e+00 4.330000000000000071e+00
1.424000000000000021e+01 1.364000000000000057e+01 -1.000000000000000000e+00 1.489000000000000057e+01 1.041999999999999993e+01 8.730000000000000426e+00 5.389999999999999680e+00 1.017999999999999972e+01 -1.000000000000000000e+00 4.339999999999999858e+00
1.422000000000000064e+01 1.365000000000000036e+01 -1.000000000000000000e+00 1.482000000000000028e+01 1.043999999999999950e+01 8.820000000000000284e+00 5.410000000000000142e+00 1.017999999999999972e+01 -1.000000000000000000e+00 4.389999999999999680e+00
1.428999999999999915e+01 1.366000000000000014e+01 -1.000000000000000000e+00 1.483999999999999986e+01 1.041999999999999993e+01 8.830000000000000071e+00 5.419999999999999929e+00 1.025000000000000000e+01 -1.000000000000000000e+00 4.370000000000000107e+00
1.425000000000000000e+01 1.367999999999999972e+01 -1.000000000000000000e+00 1.484999999999999964e+01 1.044999999999999929e+01 8.750000000000000000e+00 5.429999999999999716e+00 1.019999999999999929e+01 -1.000000000000000000e+00 4.360000000000000320e+00
1.424000000000000021e+01 1.369999999999999929e+01 -1.000000000000000000e+00 1.483000000000000007e+01 1.044999999999999929e+01 8.789999999999999147e+00 5.360000000000000320e+00 1.015000000000000036e+01 -1.000000000000000000e+00 4.349999999999999645e+00
1.425000000000000000e+01 1.366000000000000014e+01 -1.000000000000000000e+00 1.483000000000000007e+01 1.044999999999999929e+01 8.789999999999999147e+00 5.339999999999999858e+00 1.025000000000000000e+01 -1.000000000000000000e+00 4.400000000000000355e+00
1.425999999999999979e+01 1.364000000000000057e+01 -1.000000000000000000e+00 1.485999999999999943e+01 1.041999999999999993e+01 8.869999999999999218e+00 5.379999999999999893e+00 1.022000000000000064e+01 -1.000000000000000000e+00 4.379999999999999893e+00
1.424000000000000021e+01 1.363000000000000078e+01 -1.000000000000000000e+00 1.483999999999999986e+01 1.041999999999999993e+01 8.779999999999999361e+00 5.429999999999999716e+00 1.021000000000000085e+01 -1.000000000000000000e+00 4.389999999999999680e+00
1.427999999999999936e+01 1.368999999999999950e+01 -1.000000000000000000e+00 1.483000000000000007e+01 1.042999999999999972e+01 8.740000000000000213e+00 5.370000000000000107e+00 1.018999999999999950e+01 -1.000000000000000000e+00 4.330000000000000071e+00
1.425000000000000000e+01 1.366000000000000014e+01 -1.000000000000000000e+00 1.483000000000000007e+01 1.047000000000000064e+01 8.789999999999999147e+00 5.419999999999999929e+00 1.015000000000000036e+01 -1.000000000000000000e+00 4.370000000000000107e+00
1.424000000000000021e+01 1.358999999999999986e+01 -1.000000000000000000e+00 1.484999999999999964e+01 1.050000000000000000e+01 8.759999999999999787e+00 5.360000000000000320e+00 1.022000000000000064e+01 -1.000000000000000000e+00 4.349999999999999645e+00
1.425000000000000000e+01 1.366999999999999993e+01 -1.000000000000000000e+00 1.483999999999999986e+01 1.042999999999999972e+01 8.810000000000000497e+00 5.389999999999999680e+00 1.023000000000000043e+01 -1.000000000000000000e+00 4.379999999999999893e+00
1.423000000000000043e+01 1.366000000000000014e+01 -1.000000000000000000e+00 1.481000000000000050e+01 1.044999999999999929e+01 8.779999999999999361e+00 5.349999999999999645e+00 1.021000000000000085e+01 -1.000000000000000000e+00 4.330000000000000071e+00
1.426999999999999957e+01 1.364000000000000057e+01 -1.000000000000000000e+00 1.486999999999999922e+01 1.041999999999999993e+01 8.740000000000000213e+00 5.379999999999999893e+00 1.016999999999999993e+01 -1.000000000000000000e+00 4.360000000000000320e+00
1.425999999999999979e+01 1.364000000000000057e+01 -1.000000000000000000e+00 1.483999999999999986e+01 1.043999999999999950e+01 8.849999999999999645e+00 5.400000000000000355e+00 1.017999999999999972e+01 -1.000000000000000000e+00 4.349999999999999645e+00
1.419999999999999929e+01 1.367999999999999972e+01 -1.000000000000000000e+00 1.483999999999999986e+01 1.042999999999999972e+01 8.800000000000000711e+00 5.400000000000000355e+00 1.024000000000000021e+01 -1.000000000000000000e+00 4.330000000000000071e+00
1.425000000000000000e+01 1.366999999999999993e+01 -1.000000000000000000e+00 1.485999999999999943e+01 1.039000000000000057e+01 8.759999999999999787e+00 5.379999999999999893e+00 1.021000000000000085e+01 -1.000000000000000000e+00 4.320000000000000284e+00
1.426999999999999957e+01 1.368999999999999950e+01 -1.000000000000000000e+00 1.484999999999999964e+01 1.043999999999999950e+01 8.769999999999999574e+00 5.360000000000000320e+00 1.025000000000000000e+01 -1.000000000000000000e+00 4.360000000000000320e+00
1.425000000000000000e+01 1.364000000000000057e+01 -1.000000000000000000e+00 1.483000000000000007e+01 1.044999999999999929e+01 8.730000000000000426e+00 5.389999999999999680e+00 1.023000000000000043e+01 -1.000000000000000000e+00 4.339999999999999858e+00
1.425000000000000000e+01 1.364000000000000057e+01 -1.000000000000000000e+00 1.489000000000000057e+01 1.043999999999999950e+01 8.769999999999999574e+00 5.339999999999999858e+00 1.021000000000000085e+01 -1.000000000000000000e+00 4.389999999999999680e+00
1.426999999999999957e+01 1.364000000000000057e+01 -1.000000000000000000e+00 1.485999999999999943e+01 1.049000000000000021e+01 8.740000000000000213e+00 5.370000000000000107e+00 1.022000000000000064e+01 -1.000000000000000000e+00 4.320000000000000284e+00
1.426999999999999957e+01 1.364000000000000057e+01 -1.000000000000000000e+00 1.484999999999999964e+01 1.041999999999999993e+01 8.769999999999999574e+00 5.370000000000000107e+00 1.018999999999999950e+01 -1.000000000000000000e+00 4.400000000000000355e+00
1.424000000000000021e+01 1.359999999999999964e+01 -1.000000000000000000e+00 1.484999999999999964e+01 1.046000000000000085e+01 8.740000000000000213e+00 5.379999999999999893e+00 1.014000000000000057e+01 -1.000000000000000000e+00 4.389999999999999680e+00
1.424000000000000021e+01 1.363000000000000078e+01 -1.000000000000000000e+00 1.490000000000000036e+01 1.047000000000000064e+01 8.810000000000000497e+00 5.349999999999999645e+00 1.022000000000000064e+01 -1.000000000000000000e+00 4.389999999999999680e+00
1.425999999999999979e+01 1.363000000000000078e+01 -1.000000000000000000e+00 1.488000000000000078e+01 1.042999999999999972e+01 8.779999999999999361e+00 5.370000000000000107e+00 1.018999999999999950e+01 -1.000000000000000000e+00 4.379999999999999893e+00
1.425999999999999979e+01 1.367999999999999972e+01 -1.000000000000000000e+00 1.484999999999999964e+01 1.044999999999999929e+01 8.839999999999999858e+00 5.440000000000000391e+00 -1.000000000000000000e+00 -1.000000000000000000e+00 4.410000000000000142e+00
1.427999999999999936e+01 1.368999999999999950e+01 -1.000000000000000000e+00 1.482000000000000028e+01 1.046000000000000085e+01 8.750000000000000000e+00 5.389999999999999680e+00 1.016000000000000014e+01 -1.000000000000000000e+00 4.299999999999999822e+00
1.425999999999999979e+01 1.366000000000000014e+01 -1.000000000000000000e+00 1.485999999999999943e+01 1.042999999999999972e+01 8.789999999999999147e+00 5.400000000000000355e+00 1.018999999999999950e+01 -1.000000000000000000e+00 4.370000000000000107e+00
1.425999999999999979e+01 1.374000000000000021e+01 -1.000000000000000000e+00 1.483999999999999986e+01 1.048000000000000043e+01 8.800000000000000711e+00 5.339999999999999858e+00 1.022000000000000064e+01 -1.000000000000000000e+00 4.349999999999999645e+00
1.424000000000000021e+01 1.369999999999999929e+01 -1.000000000000000000e+00 1.486999999999999922e+01 1.041000000000000014e+01 8.750000000000000000e+00 5.400000000000000355e+00 1.016999999999999993e+01 -1.000000000000000000e+00 4.339999999999999858e+00
1.425000000000000000e+01 1.364000000000000057e+01 -1.000000000000000000e+00 1.489000000000000057e+01 1.049000000000000021e+01 8.740000000000000213e+00 5.389999999999999680e+00 1.024000000000000021e+01 -1.000000000000000000e+00 4.349999999999999645e+00
1.423000000000000043e+01 1.361999999999999922e+01 -1.000000000000000000e+00 1.485999999999999943e+01 1.047000000000000064e+01 8.769999999999999574e+00 5.330000000000000071e+00 1.024000000000000021e+01 -1.000000000000000000e+00 4.370000000000000107e+00
1.423000000000000043e+01 1.366000000000000014e+01 -1.000000000000000000e+00 1.480000000000000071e+01 1.044999999999999929e+01 8.750000000000000000e+00 5.379999999999999893e+00 1.022000000000000064e+01 -1.000000000000000000e+00 4.330000000000000071e+00
1.425000000000000000e+01 1.369999999999999929e+01 -1.000000000000000000e+00 1.483000000000000007e+01 1.046000000000000085e+01 8.759999999999999787e+00 5.339999999999999858e+00 1.017999999999999972e+01 -1.000000000000000000e+00 4.379999999999999893e+00
1.425999999999999979e+01 1.365000000000000036e+01 -1.000000000000000000e+00 1.488000000000000078e+01 1.041000000000000014e+01 8.789999999999999147e+00 5.379999999999999893e+00 1.018999999999999950e+01 -1.000000000000000000e+00 4.370000000000000107e+00
1.424000000000000021e+01 1.364000000000000057e+01 -1.000000000000000000e+00 1.482000000000000028e+01 1.046000000000000085e+01 8.779999999999999361e+00 5.379999999999999893e+00 1.022000000000000064e+01 -1.000000000000000000e+00 4.389999999999999680e+00
1.426999999999999957e+01 1.366999999999999993e+01 -1.000000000000000000e+00 1.484999999999999964e+01 1.046000000000000085e+01 8.759999999999999787e+00 5.379999999999999893e+00 1.016999999999999993e+01 -1.000000000000000000e+00 4.349999999999999645e+00
1.427999999999999936e+01 1.365000000000000036e+01 -1.000000000000000000e+00 1.484999999999999964e+01 1.048000000000000043e+01 8.779999999999999361e+00 5.360000000000000320e+00 1.027999999999999936e+01 -1.000000000000000000e+00 4.339999999999999858e+00
1.424000000000000021e+01 1.364000000000000057e+01 -1.000000000000000000e+00 1.488000000000000078e+01 1.043999999999999950e+01 8.720000000000000639e+00 5.370000000000000107e+00 1.016999999999999993e+01 -1.000000000000000000e+00 4.370000000000000107e+00
1.426999999999999957e+01 1.365000000000000036e+01 -1.000000000000000000e+00 1.483000000000000007e+01 1.046000000000000085e+01 8.830000000000000071e+00 5.379999999999999893e+00 1.023000000000000043e+01 -1.000000000000000000e+00 4.400000000000000355e+00
1.428999999999999915e+01 1.369999999999999929e+01 -1.000000000000000000e+00 1.485999999999999943e+01 1.047000000000000064e+01 8.779999999999999361e+00 5.400000000000000355e+00 1.022000000000000064e+01 -1.000000000000000000e+00 4.339999999999999858e+00
1.425999999999999979e+01 1.366999999999999993e+01 -1.000000000000000000e+00 1.488000000000000078e+01 1.036999999999999922e+01 8.759999999999999787e+00 5.360000000000000320e+00 1.019999999999999929e+01 -1.000000000000000000e+00 4.389999999999999680e+00
1.426999999999999957e+01 1.364000000000000057e+01 -1.000000000000000000e+00 1.488000000000000078e+01 1.041999999999999993e+01 8.769999999999999574e+00 5.360000000000000320e+00 1.023000000000000043e+01 -1.000000000000000000e+00 4.379999999999999893e+00
1.425999999999999979e+01 1.367999999999999972e+01 -1.000000000000000000e+00 1.491000000000000014e+01 1.049000000000000021e+01 8.810000000000000497e+00 5.360000000000000320e+00 -1.000000000000000000e+00 -1.000000000000000000e+00 4.370000000000000107e+00
1.425999999999999979e+01 1.366000000000000014e+01 -1.000000000000000000e+00 1.484999999999999964e+01 1.041999999999999993e+01 8.750000000000000000e+00 5.379999999999999893e+00 1.018999999999999950e+01 -1.000000000000000000e+00 4.360000000000000320e+00
1.425000000000000000e+01 1.368999999999999950e+01 -1.000000000000000000e+00 1.488000000000000078e+01 1.044999999999999929e+01 8.779999999999999361e+00 5.349999999999999645e+00 1.018999999999999950e+01 -1.000000000000000000e+00 4.379999999999999893e+00
1.426999999999999957e+01 1.361999999999999922e+01 -1.000000000000000000e+00 1.483000000000000007e+01 1.043999999999999950e+01 8.779999999999999361e+00 5.389999999999999680e+00 1.019999999999999929e+01 -1.000000000000000000e+00 4.379999999999999893e+00
1.425000000000000000e+01 1.358000000000000007e+01 -1.000000000000000000e+00 1.483999999999999986e+01 1.050000000000000000e+01 8.759999999999999787e+00 5.370000000000000107e+00 1.016999999999999993e+01 -1.000000000000000000e+00 4.400000000000000355e+00
1.424000000000000021e+01 1.366999999999999993e+01 -1.000000000000000000e+00 1.488000000000000078e+01 1.042999999999999972e+01 8.730000000000000426e+00 5.389999999999999680e+00 1.021000000000000085e+01 -1.000000000000000000e+00 4.349999999999999645e+00
1.425000000000000000e+01 1.368999999999999950e+01 -1.000000000000000000e+00 1.483000000000000007e+01 1.043999999999999950e+01 8.789999999999999147e+00 5.360000000000000320e+00 1.025000000000000000e+01 -1.000000000000000000e+00 4.360000000000000320e+00
1.426999999999999957e+01 1.359999999999999964e+01 -1.000000000000000000e+00 1.482000000000000028e+01 1.047000000000000064e+01 8.820000000000000284e+00 5.389999999999999680e+00 1.013000000000000078e+01 -1.000000000000000000e+00 4.339999999999999858e+00
1.424000000000000021e+01 1.358999999999999986e+01 -1.000000000000000000e+00 1.491999999999999993e+01 1.046000000000000085e+01 8.730000000000000426e+00 5.349999999999999645e+00 1.019999999999999929e+01 -1.000000000000000000e+00 4.349999999999999645e+00
1.423000000000000043e+01 1.361999999999999922e+01 -1.000000000000000000e+00 1.484999999999999964e+01 1.042999999999999972e+01 8.820000000000000284e+00 5.429999999999999716e+00 1.021000000000000085e+01 -1.000000000000000000e+00 4.379999999999999893e+00
1.426999999999999957e+01 1.363000000000000078e+01 -1.000000000000000000e+00 1.482000000000000028e+01 1.050000000000000000e+01 8.759999999999999787e+00 5.410000000000000142e+00 1.022000000000000064e+01 -1.000000000000000000e+00 4.360000000000000320e+00
1.428999999999999915e+01 1.360999999999999943e+01 -1.000000000000000000e+00 1.483999999999999986e+01 1.039000000000000057e+01 8.830000000000000071e+00 5.379999999999999893e+00 1.016999999999999993e+01 -1.000000000000000000e+00 4.360000000000000320e+00
1.421000000000000085e+01 1.367999999999999972e+01 -1.000000000000000000e+00 1.484999999999999964e+01 1.041999999999999993e+01 8.810000000000000497e+00 5.349999999999999645e+00 1.021000000000000085e+01 -1.000000000000000000e+00 4.379999999999999893e+00
1.431000000000000050e+01 1.366000000000000014e+01 -1.000000000000000000e+00 1.482000000000000028e+01 1.041999999999999993e+01 8.740000000000000213e+00 5.379999999999999893e+00 1.016000000000000014e+01 -1.000000000000000000e+00 4.379999999999999893e+00
1.425999999999999979e+01 1.364000000000000057e+01 -1.000000000000000000e+00 1.488000000000000078e+01 1.047000000000000064e+01 8.820000000000000284e+00 5.400000000000000355e+00 1.023000000000000043e+01 -1.000000000000000000e+00 4.360000000000000320e+00
1.424000000000000021e+01 1.371000000000000085e+01 -1.000000000000000000e+00 1.488000000000000078e+01 1.041999999999999993e+01 8.779999999999999361e+00 5.389999999999999680e+00 1.016999999999999993e+01 -1.000000000000000000e+00 4.379999999999999893e+00
1.423000000000000043e+01 1.365000000000000036e+01 -1.000000000000000000e+00 1.485999999999999943e+01 1.041999999999999993e+01 8.789999999999999147e+00 5.339999999999999858e+00 1.021000000000000085e+01 -1.000000000000000000e+00 4.360000000000000320e+00
1.425000000000000000e+01 1.363000000000000078e+01 -1.000000000000000000e+00 1.486999999999999922e+01 1.047000000000000064e+01 8.740000000000000213e+00 5.379999999999999893e+00 1.022000000000000064e+01 -1.000000000000000000e+00 4.339999999999999858e+00
1.428999999999999915e+01 1.361999999999999922e+01 -1.000000000000000000e+00 1.484999999999999964e+01 1.040000000000000036e+01 8.789999999999999147e+00 5.339999999999999858e+00 1.022000000000000064e+01 -1.000000000000000000e+00 4.349999999999999645e+00
1.426999999999999957e+01 1.360999999999999943e+01 -1.000000000000000000e+00 1.486999999999999922e+01 1.049000000000000021e+01 8.759999999999999787e+00 5.400000000000000355e+00 1.018999999999999950e+01 -1.000000000000000000e+00 4.400000000000000355e+00
1.426999999999999957e+01 1.365000000000000036e+01 -1.000000000000000000e+00 1.488000000000000078e+01 1.046000000000000085e+01 8.710000000000000853e+00 5.379999999999999893e+00 1.025000000000000000e+01 -1.000000000000000000e+00 4.339999999999999858e+00
1.425000000000000000e+01 1.365000000000000036e+01 -1.000000000000000000e+00 1.483999999999999986e+01 1.043999999999999950e+01 8.740000000000000213e+00 5.429999999999999716e+00 1.014000000000000057e+01 -1.000000000000000000e+00 4.360000000000000320e+00
1.425000000000000000e+01 1.368999999999999950e+01 -1.000000000000000000e+00 1.483000000000000007e+01 1.041999999999999993e+01 8.740000000000000213e+00 5.379999999999999893e+00 1.018999999999999950e+01 -1.000000000000000000e+00 4.370000000000000107e+00
1.423000000000000043e+01 1.371000000000000085e+01 -1.000000000000000000e+00 1.489000000000000057e+01 1.044999999999999929e+01 8.730000000000000426e+00 5.400000000000000355e+00 1.025999999999999979e+01 -1.000000000000000000e+00 4.349999999999999645e+00
1.426999999999999957e+01 1.365000000000000036e+01 -1.000000000000000000e+00 1.486999999999999922e+01 1.035999999999999943e+01 8.800000000000000711e+00 5.360000000000000320e+00 1.023000000000000043e+01 -1.000000000000000000e+00 4.339999999999999858e+00
1.425000000000000000e+01 1.367999999999999972e+01 -1.000000000000000000e+00 1.488000000000000078e+01 1.041999999999999993e+01 8.820000000000000284e+00 5.389999999999999680e+00 1.016999999999999993e+01 -1.000000000000000000e+00 4.370000000000000107e+00
1.425000000000000000e+01 1.366999999999999993e+01 -1.000000000000000000e+00 1.481000000000000050e+01 1.044999999999999929e+01 8.820000000000000284e+00 5.339999999999999858e+00 1.018999999999999950e+01 -1.000000000000000000e+00 4.370000000000000107e+00
1.425000000000000000e+01 1.367999999999999972e+01 -1.000000000000000000e+00 1.489000000000000057e+01 1.044999999999999929e+01 8.779999999999999361e+00 5.379999999999999893e+00 1.024000000000000021e+01 -1.000000000000000000e+00 4.339999999999999858e+00
1.425999999999999979e+01 1.360999999999999943e+01 -1.000000000000000000e+00 1.483999999999999986e+01 1.038000000000000078e+01 8.750000000000000000e+00 5.349999999999999645e+00 1.025000000000000000e+01 -1.000000000000000000e+00 4.389999999999999680e+00
1.426999999999999957e+01 1.369999999999999929e+01 -1.000000000000000000e+00 1.486999999999999922e+01 1.041999999999999993e+01 8.750000000000000000e+00 5.389999999999999680e+00 1.023000000000000043e+01 -1.000000000000000000e+00 4.379999999999999893e+00
