-1.000000000000000000e+00 -1.000000000000000000e+00 -1.000000000000000000e+00 -1.000000000000000000e+00 -1.000000000000000000e+00 -1.000000000000000000e+00 -1.000000000000000000e+00 -1.000000000000000000e+00 -1.000000000000000000e+00 -1.000000000000000000e+00
4.320000000000000284e+00 5.549999999999999822e+00 4.309999999999999609e+00 -1.000000000000000000e+00 5.769999999999999574e+00 1.483000000000000007e+01 9.660000000000000142e+00 -1.000000000000000000e+00 1.484999999999999964e+01 1.414000000000000057e+01
4.330000000000000071e+00 5.660000000000000142e+00 4.290000000000000036e+00 -1.000000000000000000e+00 5.730000000000000426e+00 1.482000000000000028e+01 9.750000000000000000e+00 -1.000000000000000000e+00 1.481000000000000050e+01 1.418999999999999950e+01
4.370000000000000107e+00 5.589999999999999858e+00 4.309999999999999609e+00 -1.000000000000000000e+00 5.750000000000000000e+00 1.483999999999999986e+01 9.720000000000000639e+00 -1.000000000000000000e+00 1.490000000000000036e+01 1.418999999999999950e+01
4.370000000000000107e+00 5.570000000000000284e+00 4.269999999999999574e+00 -1.000000000000000000e+00 5.759999999999999787e+00 1.485999999999999943e+01 9.730000000000000426e+00 -1.000000000000000000e+00 1.482000000000000028e+01 1.416999999999999993e+01
4.349999999999999645e+00 5.559999999999999609e+00 4.349999999999999645e+00 -1.000000000000000000e+00 5.790000000000000036e+00 1.485999999999999943e+01 9.740000000000000213e+00 -1.000000000000000000e+00 1.485999999999999943e+01 1.419999999999999929e+01
4.360000000000000320e+00 5.559999999999999609e+00 4.320000000000000284e+00 -1.000000000000000000e+00 5.820000000000000284e+00 1.484999999999999964e+01 9.750000000000000000e+00 -1.000000000000000000e+00 1.488000000000000078e+01 1.419999999999999929e+01
4.360000000000000320e+00 5.650000000000000355e+00 4.330000000000000071e+00 -1.000000000000000000e+00 5.690000000000000391e+00 1.477999999999999936e+01 9.679999999999999716e+00 -1.000000000000000000e+00 1.489000000000000057e+01 1.418999999999999950e+01
4.360000000000000320e+00 5.509999999999999787e+00 4.309999999999999609e+00 -1.000000000000000000e+00 5.799999999999999822e+00 1.483000000000000007e+01 9.669999999999999929e+00 -1.000000000000000000e+00 1.483999999999999986e+01 1.416999999999999993e+01
4.389999999999999680e+00 5.580000000000000071e+00 4.269999999999999574e+00 -1.000000000000000000e+00 5.719999999999999751e+00 1.490000000000000036e+01 9.779999999999999361e+00 -1.000000000000000000e+00 1.489000000000000057e+01 1.417999999999999972e+01
4.330000000000000071e+00 5.629999999999999893e+00 4.280000000000000249e+00 -1.000000000000000000e+00 5.750000000000000000e+00 1.483000000000000007e+01 9.640000000000000568e+00 -1.000000000000000000e+00 1.488000000000000078e+01 1.421000000000000085e+01
4.419999999999999929e+00 5.580000000000000071e+00 4.280000000000000249e+00 -1.000000000000000000e+00 5.769999999999999574e+00 1.490000000000000036e+01 9.669999999999999929e+00 -1.000000000000000000e+00 1.486999999999999922e+01 1.418999999999999950e+01
4.410000000000000142e+00 5.639999999999999680e+00 4.290000000000000036e+00 -1.000000000000000000e+00 5.750000000000000000e+00 1.477999999999999936e+01 9.720000000000000639e+00 -1.000000000000000000e+00 1.476999999999999957e+01 1.418999999999999950e+01
4.349999999999999645e+00 5.629999999999999893e+00 4.309999999999999609e+00 -1.000000000000000000e+00 5.769999999999999574e+00 1.489000000000000057e+01 9.669999999999999929e+00 -1.000000000000000000e+00 1.493999999999999950e+01 1.418999999999999950e+01
4.360000000000000320e+00 5.559999999999999609e+00 4.290000000000000036e+00 -1.000000000000000000e+00 5.679999999999999716e+00 1.483999999999999986e+01 9.689999999999999503e+00 -1.000000000000000000e+00 1.483000000000000007e+01 1.418999999999999950e+01
4.360000000000000320e+00 5.549999999999999822e+00 4.290000000000000036e+00 -1.000000000000000000e+00 5.809999999999999609e+00 1.481000000000000050e+01 9.740000000000000213e+00 -1.000000000000000000e+00 1.484999999999999964e+01 1.416999999999999993e+01
4.339999999999999858e+00 5.559999999999999609e+00 4.240000000000000213e+00 -1.000000000000000000e+00 5.700000000000000178e+00 1.485999999999999943e+01 9.689999999999999503e+00 -1.000000000000000000e+00 1.491000000000000014e+01 1.416000000000000014e+01
4.360000000000000320e+00 5.540000000000000036e+00 4.259999999999999787e+00 -1.000000000000000000e+00 5.750000000000000000e+00 1.483000000000000007e+01 9.699999999999999289e+00 -1.000000000000000000e+00 1.482000000000000028e+01 1.418999999999999950e+01
4.349999999999999645e+00 5.610000000000000320e+00 4.320000000000000284e+00 -1.000000000000000000e+00 5.809999999999999609e+00 1.488000000000000078e+01 9.669999999999999929e+00 -1.000000000000000000e+00 1.484999999999999964e+01 1.416999999999999993e+01
4.349999999999999645e+00 5.599999999999999645e+00 4.339999999999999858e+00 -1.000000000000000000e+00 5.660000000000000142e+00 1.482000000000000028e+01 9.730000000000000426e+00 -1.000000000000000000e+00 1.485999999999999943e+01 1.418999999999999950e+01
4.410000000000000142e+00 5.570000000000000284e+00 4.230000000000000426e+00 -1.000000000000000000e+00 5.750000000000000000e+00 1.482000000000000028e+01 9.660000000000000142e+00 -1.000000000000000000e+00 1.483999999999999986e+01 1.416000000000000014e+01
4.349999999999999645e+00 5.559999999999999609e+00 4.339999999999999858e+00 -1.000000000000000000e+00 5.730000000000000426e+00 1.488000000000000078e+01 9.769999999999999574e+00 -1.000000000000000000e+00 1.488000000000000078e+01 1.417999999999999972e+01
4.389999999999999680e+00 5.620000000000000107e+00 4.269999999999999574e+00 -1.000000000000000000e+00 5.799999999999999822e+00 1.484999999999999964e+01 9.730000000000000426e+00 -1.000000000000000000e+00 1.488000000000000078e+01 1.422000000000000064e+01
4.370000000000000107e+00 5.559999999999999609e+00 4.299999999999999822e+00 -1.000000000000000000e+00 5.769999999999999574e+00 1.483000000000000007e+01 9.679999999999999716e+00 -1.000000000000000000e+00 1.488000000000000078e+01 1.419999999999999929e+01
4.360000000000000320e+00 5.580000000000000071e+00 4.320000000000000284e+00 -1.000000000000000000e+00 5.780000000000000249e+00 1.484999999999999964e+01 9.730000000000000426e+00 -1.000000000000000000e+00 1.480000000000000071e+01 1.416999999999999993e+01
4.370000000000000107e+00 5.519999999999999574e+00 4.250000000000000000e+00 -1.000000000000000000e+00 5.750000000000000000e+00 1.475999999999999979e+01 9.679999999999999716e+00 -1.000000000000000000e+00 1.483999999999999986e+01 1.417999999999999972e+01
4.299999999999999822e+00 5.589999999999999858e+00 4.299999999999999822e+00 -1.000000000000000000e+00 5.709999999999999964e+00 1.478999999999999915e+01 9.689999999999999503e+00 -1.000000000000000000e+00 1.483000000000000007e+01 1.416999999999999993e+01
4.339999999999999858e+00 5.559999999999999609e+00 4.280000000000000249e+00 -1.000000000000000000e+00 5.709999999999999964e+00 1.488000000000000078e+01 9.660000000000000142e+00 -1.000000000000000000e+00 1.489000000000000057e+01 1.423000000000000043e+01
4.349999999999999645e+00 5.629999999999999893e+00 4.320000000000000284e+00 -1.000000000000000000e+00 5.790000000000000036e+00 1.485999999999999943e+01 9.669999999999999929e+00 -1.000000000000000000e+00 1.489000000000000057e+01 1.418999999999999950e+01
4.330000000000000071e+00 5.570000000000000284e+00 4.299999999999999822e+00 -1.000000000000000000e+00 5.780000000000000249e+00 1.485999999999999943e+01 9.660000000000000142e+00 -1.000000000000000000e+00 1.484999999999999964e+01 1.417999999999999972e+01
4.379999999999999893e+00 5.580000000000000071e+00 4.259999999999999787e+00 -1.000000000000000000e+00 5.700000000000000178e+00 1.490000000000000036e+01 9.640000000000000568e+00 -1.000000000000000000e+00 1.486999999999999922e+01 1.418999999999999950e+01
4.370000000000000107e+00 5.589999999999999858e+00 4.339999999999999858e+00 -1.000000000000000000e+00 5.740000000000000213e+00 1.480000000000000071e+01 9.710000000000000853e+00 -1.000000000000000000e+00 1.488000000000000078e+01 1.419999999999999929e+01
4.330000000000000071e+00 5.559999999999999609e+00 4.299999999999999822e+00 -1.000000000000000000e+00 5.809999999999999609e+00 1.488000000000000078e+01 9.710000000000000853e+00 -1.000000000000000000e+00 1.486999999999999922e+01 1.418999999999999950e+01
4.379999999999999893e+00 5.679999999999999716e+00 4.269999999999999574e+00 -1.000000000000000000e+00 5.790000000000000036e+00 1.488000000000000078e+01 9.710000000000000853e+00 -1.000000000000000000e+00 1.485999999999999943e+01 1.422000000000000064e+01
4.339999999999999858e+00 5.599999999999999645e+00 4.250000000000000000e+00 -1.000000000000000000e+00 5.759999999999999787e+00 1.484999999999999964e+01 9.710000000000000853e+00 -1.000000000000000000e+00 1.486999999999999922e+01 1.415000000000000036e+01
4.339999999999999858e+00 5.589999999999999858e+00 4.250000000000000000e+00 -1.000000000000000000e+00 5.730000000000000426e+00 1.483000000000000007e+01 9.720000000000000639e+00 -1.000000000000000000e+00 1.485999999999999943e+01 1.417999999999999972e+01
4.320000000000000284e+00 5.610000000000000320e+00 4.290000000000000036e+00 -1.000000000000000000e+00 5.750000000000000000e+00 1.488000000000000078e+01 9.720000000000000639e+00 -1.000000000000000000e+00 1.488000000000000078e+01 1.418999999999999950e+01
4.360000000000000320e+00 5.540000000000000036e+00 4.339999999999999858e+00 -1.000000000000000000e+00 5.769999999999999574e+00 1.488000000000000078e+01 9.710000000000000853e+00 -1.000000000000000000e+00 1.488000000000000078e+01 1.418999999999999950e+01
4.360000000000000320e+00 5.570000000000000284e+00 4.299999999999999822e+00 -1.000000000000000000e+00 5.730000000000000426e+00 1.484999999999999964e+01 9.720000000000000639e+00 -1.000000000000000000e+00 1.484999999999999964e+01 1.419999999999999929e+01
4.330000000000000071e+00 5.490000000000000213e+00 4.230000000000000426e+00 -1.000000000000000000e+00 5.790000000000000036e+00 1.488000000000000078e+01 9.710000000000000853e+00 -1.000000000000000000e+00 1.483999999999999986e+01 1.419999999999999929e+01
4.330000000000000071e+00 5.559999999999999609e+00 4.309999999999999609e+00 -1.000000000000000000e+00 5.759999999999999787e+00 1.483999999999999986e+01 9.730000000000000426e+00 -1.000000000000000000e+00 1.486999999999999922e+01 1.419999999999999929e+01
4.330000000000000071e+00 5.589999999999999858e+00 4.269999999999999574e+00 -1.000000000000000000e+00 5.750000000000000000e+00 1.481000000000000050e+01 9.779999999999999361e+00 -1.000000000000000000e+00 1.485999999999999943e+01 1.418999999999999950e+01
4.309999999999999609e+00 5.570000000000000284e+00 4.389999999999999680e+00 -1.000000000000000000e+00 5.799999999999999822e+00 1.486999999999999922e+01 9.759999999999999787e+00 -1.000000000000000000e+00 1.489000000000000057e+01 1.417999999999999972e+01
4.349999999999999645e+00 5.660000000000000142e+00 4.290000000000000036e+00 -1.000000000000000000e+00 5.790000000000000036e+00 1.480000000000000071e+01 9.689999999999999503e+00 -1.000000000000000000e+00 1.486999999999999922e+01 1.421000000000000085e+01
4.339999999999999858e+00 5.559999999999999609e+00 4.349999999999999645e+00 -1.000000000000000000e+00 5.700000000000000178e+00 1.489000000000000057e+01 9.759999999999999787e+00 -1.000000000000000000e+00 1.480000000000000071e+01 1.416999999999999993e+01
4.360000000000000320e+00 5.530000000000000249e+00 4.250000000000000000e+00 -1.000000000000000000e+00 5.679999999999999716e+00 1.484999999999999964e+01 9.759999999999999787e+00 -1.000000000000000000e+00 1.482000000000000028e+01 1.423000000000000043e+01
4.400000000000000355e+00 5.580000000000000071e+00 4.360000000000000320e+00 -1.000000000000000000e+00 5.740000000000000213e+00 1.481000000000000050e+01 9.660000000000000142e+00 -1.000000000000000000e+00 1.488000000000000078e+01 1.415000000000000036e+01
4.320000000000000284e+00 5.559999999999999609e+00 4.309999999999999609e+00 -1.000000000000000000e+00 5.799999999999999822e+00 1.488000000000000078e+01 9.710000000000000853e+00 -1.000000000000000000e+00 1.489000000000000057e+01 1.421000000000000085e+01
4.379999999999999893e+00 5.519999999999999574e+00 4.330000000000000071e+00 -1.000000000000000000e+00 5.750000000000000000e+00 1.491000000000000014e+01 9.669999999999999929e+00 -1.000000000000000000e+00 1.484999999999999964e+01 1.418999999999999950e+01
4.370000000000000107e+00 5.580000000000000071e+00 4.330000000000000071e+00 -1.000000000000000000e+00 5.730000000000000426e+00 1.485999999999999943e+01 9.699999999999999289e+00 -1.000000000000000000e+00 1.484999999999999964e+01 1.423000000000000043e+01
4.339999999999999858e+00 5.610000000000000320e+00 4.299999999999999822e+00 -1.000000000000000000e+00 5.769999999999999574e+00 1.482000000000000028e+01 9.689999999999999503e+00 -1.000000000000000000e+00 1.483999999999999986e+01 1.416000000000000014e+01
4.330000000000000071e+00 5.610000000000000320e+00 4.379999999999999893e+00 -1.000000000000000000e+00 5.799999999999999822e+00 1.483999999999999986e+01 9.730000000000000426e+00 -1.000000000000000000e+00 1.480000000000000071e+01 1.416000000000000014e+01
4.389999999999999680e+00 5.599999999999999645e+00 4.309999999999999609e+00 -1.000000000000000000e+00 5.759999999999999787e+00 1.483999999999999986e+01 9.660000000000000142e+00 -1.000000000000000000e+00 1.490000000000000036e+01 1.417999999999999972e+01
4.339999999999999858e+00 5.549999999999999822e+00 4.290000000000000036e+00 -1.000000000000000000e+00 5.719999999999999751e+00 1.483000000000000007e+01 9.679999999999999716e+00 -1.000000000000000000e+00 1.483000000000000007e+01 1.417999999999999972e+01
4.379999999999999893e+00 5.589999999999999858e+00 4.299999999999999822e+00 -1.000000000000000000e+00 5.769999999999999574e+00 1.490000000000000036e+01 9.669999999999999929e+00 -1.000000000000000000e+00 1.488000000000000078e+01 1.421000000000000085e+01
4.339999999999999858e+00 5.570000000000000284e+00 4.320000000000000284e+00 -1.000000000000000000e+00 5.750000000000000000e+00 1.483999999999999986e+01 9.730000000000000426e+00 -1.000000000000000000e+00 1.491000000000000014e+01 1.419999999999999929e+01
4.389999999999999680e+00 5.540000000000000036e+00 4.349999999999999645e+00 -1.000000000000000000e+00 5.769999999999999574e+00 1.485999999999999943e+01 9.669999999999999929e+00 -1.000000000000000000e+00 1.481000000000000050e+01 1.416999999999999993e+01
4.389999999999999680e+00 5.620000000000000107e+00 4.250000000000000000e+00 -1.000000000000000000e+00 5.790000000000000036e+00 1.485999999999999943e+01 9.759999999999999787e+00 -1.000000000000000000e+00 1.489000000000000057e+01 1.421000000000000085e+01
4.400000000000000355e+00 5.610000000000000320e+00 4.309999999999999609e+00 -1.000000000000000000e+00 5.730000000000000426e+00 1.483000000000000007e+01 9.710000000000000853e+00 -1.000000000000000000e+00 1.488000000000000078e+01 1.425000000000000000e+01
4.339999999999999858e+00 5.620000000000000107e+00 4.299999999999999822e+00 -1.000000000000000000e+00 5.780000000000000249e+00 1.480000000000000071e+01 9.710000000000000853e+00 -1.000000000000000000e+00 1.483999999999999986e+01 1.419999999999999929e+01
4.370000000000000107e+00 5.599999999999999645e+00 4.309999999999999609e+00 -1.000000000000000000e+00 5.799999999999999822e+00 1.485999999999999943e+01 9.740000000000000213e+00 -1.000000000000000000e+00 1.485999999999999943e+01 1.419999999999999929e+01
4.339999999999999858e+00 5.610000000000000320e+00 4.309999999999999609e+00 -1.000000000000000000e+00 5.780000000000000249e+00 1.488000000000000078e+01 9.689999999999999503e+00 -1.000000000000000000e+00 1.491000000000000014e+01 1.416999999999999993e+01
4.349999999999999645e+00 5.620000000000000107e+00 4.339999999999999858e+00 -1.000000000000000000e+00 5.740000000000000213e+00 1.489000000000000057e+01 9.720000000000000639e+00 -1.000000000000000000e+00 1.488000000000000078e+01 1.416000000000000014e+01
4.330000000000000071e+00 5.570000000000000284e+00 4.379999999999999893e+00 -1.000000000000000000e+00 5.790000000000000036e+00 1.478999999999999915e+01 9.699999999999999289e+00 -1.000000000000000000e+00 1.489000000000000057e+01 1.422000000000000064e+01
4.339999999999999858e+00 5.610000000000000320e+00 4.290000000000000036e+00 -1.000000000000000000e+00 5.660000000000000142e+00 1.488000000000000078e+01 9.720000000000000639e+00 -1.000000000000000000e+00 1.486999999999999922e+01 1.417999999999999972e+01
4.379999999999999893e+00 5.580000000000000071e+00 4.250000000000000000e+00 -1.000000000000000000e+00 5.679999999999999716e+00 1.477999999999999936e+01 9.699999999999999289e+00 -1.000000000000000000e+00 1.481000000000000050e+01 1.419999999999999929e+01
4.339999999999999858e+00 5.540000000000000036e+00 4.280000000000000249e+00 -1.000000000000000000e+00 5.759999999999999787e+00 1.490000000000000036e+01 9.669999999999999929e+00 -1.000000000000000000e+00 1.489000000000000057e+01 1.418999999999999950e+01
4.320000000000000284e+00 5.530000000000000249e+00 4.320000000000000284e+00 -1.000000000000000000e+00 5.740000000000000213e+00 1.475999999999999979e+01 9.740000000000000213e+00 -1.000000000000000000e+00 1.483000000000000007e+01 1.416999999999999993e+01
4.360000000000000320e+00 5.549999999999999822e+00 4.400000000000000355e+00 -1.000000000000000000e+00 5.759999999999999787e+00 1.491999999999999993e+01 9.660000000000000142e+00 -1.000000000000000000e+00 1.482000000000000028e+01 1.418999999999999950e+01
4.330000000000000071e+00 5.599999999999999645e+00 4.320000000000000284e+00 -1.000000000000000000e+00 5.780000000000000249e+00 1.483999999999999986e+01 9.750000000000000000e+00 -1.000000000000000000e+00 1.483999999999999986e+01 1.417999999999999972e+01
4.379999999999999893e+00 5.639999999999999680e+00 4.280000000000000249e+00 -1.000000000000000000e+00 5.719999999999999751e+00 1.485999999999999943e+01 9.689999999999999503e+00 -1.000000000000000000e+00 1.485999999999999943e+01 1.422000000000000064e+01
4.389999999999999680e+00 5.650000000000000355e+00 4.240000000000000213e+00 -1.000000000000000000e+00 5.750000000000000000e+00 1.481000000000000050e+01 9.699999999999999289e+00 -1.000000000000000000e+00 1.491000000000000014e+01 1.418999999999999950e+01
4.330000000000000071e+00 5.570000000000000284e+00 4.250000000000000000e+00 -1.000000000000000000e+00 5.769999999999999574e+00 1.488000000000000078e+01 9.669999999999999929e+00 -1.000000000000000000e+00 1.488000000000000078e+01 1.421000000000000085e+01
4.339999999999999858e+00 5.549999999999999822e+00 4.250000000000000000e+00 -1.000000000000000000e+00 5.799999999999999822e+00 1.482000000000000028e+01 9.750000000000000000e+00 -1.000000000000000000e+00 1.488000000000000078e+01 1.419999999999999929e+01
4.419999999999999929e+00 5.580000000000000071e+00 4.299999999999999822e+00 -1.000000000000000000e+00 5.780000000000000249e+00 1.481000000000000050e+01 9.650000000000000355e+00 -1.000000000000000000e+00 1.482000000000000028e+01 1.423000000000000043e+01
4.379999999999999893e+00 5.580000000000000071e+00 4.259999999999999787e+00 -1.000000000000000000e+00 5.780000000000000249e+00 1.477999999999999936e+01 9.660000000000000142e+00 -1.000000000000000000e+00 1.485999999999999943e+01 1.423000000000000043e+01
4.389999999999999680e+00 5.530000000000000249e+00 4.269999999999999574e+00 -1.000000000000000000e+00 5.759999999999999787e+00 1.482000000000000028e+01 9.689999999999999503e+00 -1.000000000000000000e+00 1.484999999999999964e+01 1.416999999999999993e+01
4.379999999999999893e+00 5.570000000000000284e+00 4.280000000000000249e+00 -1.000000000000000000e+00 5.740000000000000213e+00 1.483000000000000007e+01 9.740000000000000213e+00 -1.000000000000000000e+00 1.489000000000000057e+01 1.416000000000000014e+01
4.370000000000000107e+00 5.570000000000000284e+00 4.370000000000000107e+00 -1.000000000000000000e+00 5.740000000000000213e+00 1.483999999999999986e+01 9.730000000000000426e+00 -1.000000000000000000e+00 1.484999999999999964e+01 1.419999999999999929e+01
4.339999999999999858e+00 5.599999999999999645e+00 4.299999999999999822e+00 -1.000000000000000000e+00 5.700000000000000178e+00 1.484999999999999964e+01 9.689999999999999503e+00 -1.000000000000000000e+00 1.485999999999999943e+01 1.413000000000000078e+01
4.379999999999999893e+00 5.650000000000000355e+00 4.330000000000000071e+00 -1.000000000000000000e+00 5.740000000000000213e+00 1.481000000000000050e+01 9.730000000000000426e+00 -1.000000000000000000e+00 1.484999999999999964e+01 1.419999999999999929e+01
4.349999999999999645e+00 5.530000000000000249e+00 4.269999999999999574e+00 -1.000000000000000000e+00 5.719999999999999751e+00 1.477999999999999936e+01 9.669999999999999929e+00 -1.000000000000000000e+00 1.486999999999999922e+01 1.419999999999999929e+01
4.389999999999999680e+00 5.589999999999999858e+00 4.349999999999999645e+00 -1.000000000000000000e+00 5.719999999999999751e+00 1.480000000000000071e+01 9.730000000000000426e+00 -1.000000000000000000e+00 1.481000000000000050e+01 1.415000000000000036e+01
4.360000000000000320e+00 5.639999999999999680e+00 4.349999999999999645e+00 -1.000000000000000000e+00 5.730000000000000426e+00 1.483999999999999986e+01 9.750000000000000000e+00 -1.000000000000000000e+00 1.485999999999999943e+01 1.415000000000000036e+01
4.320000000000000284e+00 5.629999999999999893e+00 4.320000000000000284e+00 -1.000000000000000000e+00 5.719999999999999751e+00 1.478999999999999915e+01 9.679999999999999716e+00 -1.000000000000000000e+00 1.490000000000000036e+01 1.419999999999999929e+01
4.360000000000000320e+00 5.599999999999999645e+00 4.299999999999999822e+00 -1.000000000000000000e+00 5.700000000000000178e+00 1.486999999999999922e+01 9.710000000000000853e+00 -1.000000000000000000e+00 1.490000000000000036e+01 1.416000000000000014e+01
4.349999999999999645e+00 5.589999999999999858e+00 4.280000000000000249e+00 -1.000000000000000000e+00 5.839999999999999858e+00 1.485999999999999943e+01 9.660000000000000142e+00 -1.000000000000000000e+00 1.484999999999999964e+01 1.417999999999999972e+01
4.389999999999999680e+00 5.620000000000000107e+00 4.290000000000000036e+00 -1.000000000000000000e+00 5.759999999999999787e+00 1.489000000000000057e+01 9.679999999999999716e+00 -1.000000000000000000e+00 1.491000000000000014e+01 1.422000000000000064e+01
4.379999999999999893e+00 5.599999999999999645e+00 4.299999999999999822e+00 -1.000000000000000000e+00 5.769999999999999574e+00 1.485999999999999943e+01 9.669999999999999929e+00 -1.000000000000000000e+00 1.491000000000000014e+01 1.422000000000000064e+01
4.349999999999999645e+00 5.509999999999999787e+00 4.339999999999999858e+00 -1.000000000000000000e+00 5.799999999999999822e+00 1.483000000000000007e+01 9.730000000000000426e+00 -1.000000000000000000e+00 1.483000000000000007e+01 1.417999999999999972e+01
4.349999999999999645e+00 5.519999999999999574e+00 4.290000000000000036e+00 -1.000000000000000000e+00 5.740000000000000213e+00 1.483000000000000007e+01 9.710000000000000853e+00 -1.000000000000000000e+00 1.483999999999999986e+01 1.416999999999999993e+01
4.330000000000000071e+00 5.589999999999999858e+00 4.330000000000000071e+00 -1.000000000000000000e+00 5.709999999999999964e+00 1.483000000000000007e+01 9.730000000000000426e+00 -1.000000000000000000e+00 1.488000000000000078e+01 1.419999999999999929e+01
4.379999999999999893e+00 5.570000000000000284e+00 4.280000000000000249e+00 -1.000000000000000000e+00 5.740000000000000213e+00 1.489000000000000057e+01 9.740000000000000213e+00 -1.000000000000000000e+00 1.488000000000000078e+01 1.416000000000000014e+01
4.339999999999999858e+00 5.490000000000000213e+00 4.280000000000000249e+00 -1.000000000000000000e+00 5.730000000000000426e+00 1.484999999999999964e+01 9.759999999999999787e+00 -1.000000000000000000e+00 1.486999999999999922e+01 1.418999999999999950e+01
4.339999999999999858e+00 5.620000000000000107e+00 4.309999999999999609e+00 -1.000000000000000000e+00 5.790000000000000036e+00 1.483999999999999986e+01 9.750000000000000000e+00 -1.000000000000000000e+00 1.488000000000000078e+01 1.419999999999999929e+01
4.370000000000000107e+00 5.620000000000000107e+00 4.299999999999999822e+00 -1.000000000000000000e+00 5.690000000000000391e+00 1.488000000000000078e+01 9.689999999999999503e+00 -1.000000000000000000e+00 1.486999999999999922e+01 1.416000000000000014e+01
4.330000000000000071e+00 5.660000000000000142e+00 4.339999999999999858e+00 -1.000000000000000000e+00 5.709999999999999964e+00 1.491999999999999993e+01 9.660000000000000142e+00 -1.000000000000000000e+00 1.489000000000000057e+01 1.416999999999999993e+01
4.309999999999999609e+00 5.589999999999999858e+00 4.269999999999999574e+00 -1.000000000000000000e+00 5.700000000000000178e+00 1.483000000000000007e+01 9.689999999999999503e+00 -1.000000000000000000e+00 1.489000000000000057e+01 1.422000000000000064e+01
4.370000000000000107e+00 5.639999999999999680e+00 4.290000000000000036e+00 -1.000000000000000000e+00 5.740000000000000213e+00 1.481000000000000050e+01 9.730000000000000426e+00 -1.000000000000000000e+00 1.483000000000000007e+01 1.422000000000000064e+01
4.299999999999999822e+00 5.559999999999999609e+00 4.269999999999999574e+00 -1.000000000000000000e+00 5.769999999999999574e+00 1.484999999999999964e+01 9.750000000000000000e+00 -1.000000000000000000e+00 1.478999999999999915e+01 1.417999999999999972e+01
