-1.000000000000000000e+00 -1.000000000000000000e+00 -1.000000000000000000e+00 -1.000000000000000000e+00 -1.000000000000000000e+00 -1.000000000000000000e+00 -1.000000000000000000e+00 -1.000000000000000000e+00 -1.000000000000000000e+00 -1.000000000000000000e+00
8.779999999999999361e+00 3.640000000000000124e+00 -1.000000000000000000e+00 4.269999999999999574e+00 9.640000000000000568e+00 1.418999999999999950e+01 1.244999999999999929e+01 -1.000000000000000000e+00 1.682000000000000028e+01 1.492999999999999972e+01
8.779999999999999361e+00 3.720000000000000195e+00 -1.000000000000000000e+00 4.240000000000000213e+00 9.580000000000000071e+00 1.418999999999999950e+01 1.238000000000000078e+01 -1.000000000000000000e+00 1.680000000000000071e+01 1.490000000000000036e+01
8.779999999999999361e+00 3.669999999999999929e+00 -1.000000000000000000e+00 4.269999999999999574e+00 9.509999999999999787e+00 1.425999999999999979e+01 1.242999999999999972e+01 -1.000000000000000000e+00 1.682000000000000028e+01 1.497000000000000064e+01
8.769999999999999574e+00 3.750000000000000000e+00 -1.000000000000000000e+00 4.230000000000000426e+00 9.529999999999999361e+00 1.425999999999999979e+01 -1.000000000000000000e+00 -1.000000000000000000e+00 1.680999999999999872e+01 1.489000000000000057e+01
8.769999999999999574e+00 3.660000000000000142e+00 -1.000000000000000000e+00 4.280000000000000249e+00 9.519999999999999574e+00 -1.000000000000000000e+00 1.243999999999999950e+01 8.839999999999999858e+00 1.683999999999999986e+01 1.490000000000000036e+01
8.830000000000000071e+00 3.700000000000000178e+00 -1.000000000000000000e+00 4.280000000000000249e+00 9.580000000000000071e+00 -1.000000000000000000e+00 1.243999999999999950e+01 8.750000000000000000e+00 1.682999999999999829e+01 1.488000000000000078e+01
8.859999999999999432e+00 3.689999999999999947e+00 -1.000000000000000000e+00 4.209999999999999964e+00 9.650000000000000355e+00 -1.000000000000000000e+00 1.240000000000000036e+01 8.669999999999999929e+00 1.682000000000000028e+01 1.491000000000000014e+01
8.779999999999999361e+00 3.660000000000000142e+00 -1.000000000000000000e+00 4.259999999999999787e+00 9.580000000000000071e+00 -1.000000000000000000e+00 1.242999999999999972e+01 8.710000000000000853e+00 1.680999999999999872e+01 1.490000000000000036e+01
8.759999999999999787e+00 3.729999999999999982e+00 -1.000000000000000000e+00 4.209999999999999964e+00 9.589999999999999858e+00 -1.000000000000000000e+00 1.248000000000000043e+01 8.720000000000000639e+00 1.682999999999999829e+01 1.488000000000000078e+01
8.759999999999999787e+00 3.629999999999999893e+00 -1.000000000000000000e+00 4.230000000000000426e+00 9.589999999999999858e+00 -1.000000000000000000e+00 1.244999999999999929e+01 8.740000000000000213e+00 1.678000000000000114e+01 1.496000000000000085e+01
8.779999999999999361e+00 3.709999999999999964e+00 -1.000000000000000000e+00 4.219999999999999751e+00 9.490000000000000213e+00 -1.000000000000000000e+00 1.246000000000000085e+01 8.720000000000000639e+00 1.683999999999999986e+01 1.486999999999999922e+01
8.779999999999999361e+00 3.660000000000000142e+00 -1.000000000000000000e+00 4.219999999999999751e+00 9.519999999999999574e+00 -1.000000000000000000e+00 1.241999999999999993e+01 8.679999999999999716e+00 1.683999999999999986e+01 1.491999999999999993e+01
8.859999999999999432e+00 3.680000000000000160e+00 -1.000000000000000000e+00 4.219999999999999751e+00 9.509999999999999787e+00 -1.000000000000000000e+00 1.246000000000000085e+01 8.650000000000000355e+00 1.680000000000000071e+01 1.491999999999999993e+01
8.769999999999999574e+00 3.720000000000000195e+00 -1.000000000000000000e+00 4.230000000000000426e+00 9.490000000000000213e+00 -1.000000000000000000e+00 1.249000000000000021e+01 8.740000000000000213e+00 1.685000000000000142e+01 1.490000000000000036e+01
8.779999999999999361e+00 3.700000000000000178e+00 -1.000000000000000000e+00 4.250000000000000000e+00 9.560000000000000497e+00 -1.000000000000000000e+00 1.241000000000000014e+01 8.740000000000000213e+00 1.683999999999999986e+01 1.490000000000000036e+01
8.830000000000000071e+00 3.709999999999999964e+00 -1.000000000000000000e+00 4.209999999999999964e+00 9.550000000000000711e+00 -1.000000000000000000e+00 1.242999999999999972e+01 8.759999999999999787e+00 1.685999999999999943e+01 1.488000000000000078e+01
8.779999999999999361e+00 3.700000000000000178e+00 -1.000000000000000000e+00 4.250000000000000000e+00 9.619999999999999218e+00 -1.000000000000000000e+00 1.244999999999999929e+01 8.810000000000000497e+00 1.682000000000000028e+01 1.490000000000000036e+01
8.869999999999999218e+00 3.689999999999999947e+00 -1.000000000000000000e+00 4.280000000000000249e+00 9.619999999999999218e+00 -1.000000000000000000e+00 1.249000000000000021e+01 8.669999999999999929e+00 1.683999999999999986e+01 1.485999999999999943e+01
8.810000000000000497e+00 3.720000000000000195e+00 -1.000000000000000000e+00 4.219999999999999751e+00 9.580000000000000071e+00 -1.000000000000000000e+00 1.246000000000000085e+01 8.800000000000000711e+00 1.683999999999999986e+01 1.493999999999999950e+01
8.820000000000000284e+00 3.680000000000000160e+00 -1.000000000000000000e+00 4.290000000000000036e+00 9.589999999999999858e+00 -1.000000000000000000e+00 1.241999999999999993e+01 8.730000000000000426e+00 1.683999999999999986e+01 1.493999999999999950e+01
8.789999999999999147e+00 3.709999999999999964e+00 -1.000000000000000000e+00 4.269999999999999574e+00 9.580000000000000071e+00 -1.000000000000000000e+00 1.246000000000000085e+01 8.779999999999999361e+00 1.685000000000000142e+01 1.489000000000000057e+01
8.740000000000000213e+00 3.729999999999999982e+00 -1.000000000000000000e+00 4.250000000000000000e+00 9.599999999999999645e+00 -1.000000000000000000e+00 1.242999999999999972e+01 8.710000000000000853e+00 1.682000000000000028e+01 1.490000000000000036e+01
8.849999999999999645e+00 3.680000000000000160e+00 -1.000000000000000000e+00 4.219999999999999751e+00 9.519999999999999574e+00 -1.000000000000000000e+00 1.238000000000000078e+01 8.630000000000000782e+00 1.682000000000000028e+01 1.491000000000000014e+01
8.830000000000000071e+00 3.660000000000000142e+00 -1.000000000000000000e+00 4.230000000000000426e+00 9.470000000000000639e+00 -1.000000000000000000e+00 1.238000000000000078e+01 8.640000000000000568e+00 1.678000000000000114e+01 1.492999999999999972e+01
8.839999999999999858e+00 3.709999999999999964e+00 -1.000000000000000000e+00 4.269999999999999574e+00 9.529999999999999361e+00 -1.000000000000000000e+00 1.241999999999999993e+01 8.800000000000000711e+00 1.682999999999999829e+01 1.486999999999999922e+01
8.779999999999999361e+00 3.689999999999999947e+00 -1.000000000000000000e+00 4.320000000000000284e+00 9.519999999999999574e+00 -1.000000000000000000e+00 1.246000000000000085e+01 8.669999999999999929e+00 1.682000000000000028e+01 1.492999999999999972e+01
8.830000000000000071e+00 3.700000000000000178e+00 -1.000000000000000000e+00 4.190000000000000391e+00 9.609999999999999432e+00 -1.000000000000000000e+00 1.241000000000000014e+01 8.679999999999999716e+00 1.683999999999999986e+01 1.494999999999999929e+01
8.820000000000000284e+00 3.689999999999999947e+00 -1.000000000000000000e+00 4.230000000000000426e+00 9.570000000000000284e+00 -1.000000000000000000e+00 1.241000000000000014e+01 8.720000000000000639e+00 1.682000000000000028e+01 1.492999999999999972e+01
8.800000000000000711e+00 3.660000000000000142e+00 -1.000000000000000000e+00 4.269999999999999574e+00 9.550000000000000711e+00 -1.000000000000000000e+00 1.241000000000000014e+01 8.740000000000000213e+00 1.685000000000000142e+01 1.489000000000000057e+01
8.759999999999999787e+00 3.729999999999999982e+00 -1.000000000000000000e+00 4.259999999999999787e+00 9.580000000000000071e+00 -1.000000000000000000e+00 1.244999999999999929e+01 8.710000000000000853e+00 1.683999999999999986e+01 1.491000000000000014e+01
8.800000000000000711e+00 3.720000000000000195e+00 -1.000000000000000000e+00 4.259999999999999787e+00 9.640000000000000568e+00 -1.000000000000000000e+00 1.243999999999999950e+01 8.759999999999999787e+00 1.680999999999999872e+01 1.489000000000000057e+01
8.779999999999999361e+00 3.689999999999999947e+00 -1.000000000000000000e+00 4.230000000000000426e+00 9.509999999999999787e+00 -1.000000000000000000e+00 1.241000000000000014e+01 8.710000000000000853e+00 1.683999999999999986e+01 1.493999999999999950e+01
8.769999999999999574e+00 3.689999999999999947e+00 -1.000000000000000000e+00 4.230000000000000426e+00 9.640000000000000568e+00 -1.000000000000000000e+00 1.248000000000000043e+01 8.779999999999999361e+00 1.683999999999999986e+01 1.491000000000000014e+01
8.820000000000000284e+00 3.709999999999999964e+00 -1.000000000000000000e+00 4.219999999999999751e+00 9.500000000000000000e+00 -1.000000000000000000e+00 1.242999999999999972e+01 8.789999999999999147e+00 1.683999999999999986e+01 1.486999999999999922e+01
8.859999999999999432e+00 3.729999999999999982e+00 -1.000000000000000000e+00 4.240000000000000213e+00 9.630000000000000782e+00 -1.000000000000000000e+00 1.238000000000000078e+01 8.660000000000000142e+00 1.680000000000000071e+01 1.496000000000000085e+01
8.810000000000000497e+00 3.729999999999999982e+00 -1.000000000000000000e+00 4.209999999999999964e+00 9.500000000000000000e+00 -1.000000000000000000e+00 1.242999999999999972e+01 8.660000000000000142e+00 1.685999999999999943e+01 1.491999999999999993e+01
8.779999999999999361e+00 3.660000000000000142e+00 -1.000000000000000000e+00 4.240000000000000213e+00 9.519999999999999574e+00 -1.000000000000000000e+00 1.240000000000000036e+01 8.689999999999999503e+00 1.683999999999999986e+01 1.485999999999999943e+01
8.810000000000000497e+00 3.649999999999999911e+00 -1.000000000000000000e+00 4.250000000000000000e+00 9.550000000000000711e+00 -1.000000000000000000e+00 1.246000000000000085e+01 8.710000000000000853e+00 1.685000000000000142e+01 1.491000000000000014e+01
8.769999999999999574e+00 3.689999999999999947e+00 -1.000000000000000000e+00 4.269999999999999574e+00 9.470000000000000639e+00 -1.000000000000000000e+00 1.243999999999999950e+01 8.769999999999999574e+00 1.687000000000000099e+01 1.490000000000000036e+01
8.750000000000000000e+00 3.750000000000000000e+00 -1.000000000000000000e+00 4.230000000000000426e+00 9.529999999999999361e+00 -1.000000000000000000e+00 1.243999999999999950e+01 8.689999999999999503e+00 1.678999999999999915e+01 1.489000000000000057e+01
8.789999999999999147e+00 3.720000000000000195e+00 -1.000000000000000000e+00 4.269999999999999574e+00 9.519999999999999574e+00 -1.000000000000000000e+00 1.243999999999999950e+01 8.640000000000000568e+00 1.682999999999999829e+01 1.489000000000000057e+01
8.859999999999999432e+00 3.740000000000000213e+00 -1.000000000000000000e+00 4.240000000000000213e+00 9.500000000000000000e+00 -1.000000000000000000e+00 1.246000000000000085e+01 8.779999999999999361e+00 1.685000000000000142e+01 1.492999999999999972e+01
8.769999999999999574e+00 3.750000000000000000e+00 -1.000000000000000000e+00 4.280000000000000249e+00 9.509999999999999787e+00 -1.000000000000000000e+00 1.242999999999999972e+01 8.740000000000000213e+00 1.685000000000000142e+01 1.494999999999999929e+01
8.779999999999999361e+00 3.729999999999999982e+00 -1.000000000000000000e+00 4.269999999999999574e+00 9.570000000000000284e+00 -1.000000000000000000e+00 1.241000000000000014e+01 8.669999999999999929e+00 1.682999999999999829e+01 1.488000000000000078e+01
8.779999999999999361e+00 3.689999999999999947e+00 -1.000000000000000000e+00 4.209999999999999964e+00 9.480000000000000426e+00 -1.000000000000000000e+00 1.241999999999999993e+01 8.730000000000000426e+00 1.680000000000000071e+01 1.488000000000000078e+01
8.800000000000000711e+00 3.720000000000000195e+00 -1.000000000000000000e+00 4.250000000000000000e+00 9.490000000000000213e+00 -1.000000000000000000e+00 1.246000000000000085e+01 8.640000000000000568e+00 1.682999999999999829e+01 1.490000000000000036e+01
8.779999999999999361e+00 3.720000000000000195e+00 -1.000000000000000000e+00 4.259999999999999787e+00 9.619999999999999218e+00 -1.000000000000000000e+00 1.244999999999999929e+01 8.730000000000000426e+00 1.682000000000000028e+01 1.490000000000000036e+01
8.800000000000000711e+00 3.759999999999999787e+00 -1.000000000000000000e+00 4.250000000000000000e+00 9.519999999999999574e+00 -1.000000000000000000e+00 1.244999999999999929e+01 8.699999999999999289e+00 1.683999999999999986e+01 1.490000000000000036e+01
8.779999999999999361e+00 3.709999999999999964e+00 -1.000000000000000000e+00 4.290000000000000036e+00 9.539999999999999147e+00 -1.000000000000000000e+00 1.248000000000000043e+01 8.669999999999999929e+00 1.682000000000000028e+01 1.489000000000000057e+01
8.830000000000000071e+00 3.700000000000000178e+00 -1.000000000000000000e+00 4.280000000000000249e+00 9.550000000000000711e+00 -1.000000000000000000e+00 1.246000000000000085e+01 8.740000000000000213e+00 1.685000000000000142e+01 1.490000000000000036e+01
8.740000000000000213e+00 3.640000000000000124e+00 -1.000000000000000000e+00 4.250000000000000000e+00 9.550000000000000711e+00 -1.000000000000000000e+00 1.246000000000000085e+01 8.769999999999999574e+00 1.678999999999999915e+01 1.491000000000000014e+01
8.849999999999999645e+00 3.770000000000000018e+00 -1.000000000000000000e+00 4.259999999999999787e+00 9.449999999999999289e+00 -1.000000000000000000e+00 1.242999999999999972e+01 8.769999999999999574e+00 1.680999999999999872e+01 1.493999999999999950e+01
8.779999999999999361e+00 3.720000000000000195e+00 -1.000000000000000000e+00 4.290000000000000036e+00 9.490000000000000213e+00 -1.000000000000000000e+00 1.240000000000000036e+01 8.769999999999999574e+00 1.678000000000000114e+01 1.488000000000000078e+01
8.830000000000000071e+00 3.770000000000000018e+00 -1.000000000000000000e+00 4.219999999999999751e+00 9.580000000000000071e+00 -1.000000000000000000e+00 1.239000000000000057e+01 8.720000000000000639e+00 1.678999999999999915e+01 1.491000000000000014e+01
8.800000000000000711e+00 3.720000000000000195e+00 -1.000000000000000000e+00 4.179999999999999716e+00 9.490000000000000213e+00 -1.000000000000000000e+00 1.243999999999999950e+01 8.769999999999999574e+00 1.682000000000000028e+01 1.492999999999999972e+01
8.839999999999999858e+00 3.640000000000000124e+00 -1.000000000000000000e+00 4.250000000000000000e+00 9.529999999999999361e+00 -1.000000000000000000e+00 1.242999999999999972e+01 8.699999999999999289e+00 1.683999999999999986e+01 1.491999999999999993e+01
8.789999999999999147e+00 3.729999999999999982e+00 -1.000000000000000000e+00 4.309999999999999609e+00 9.500000000000000000e+00 -1.000000000000000000e+00 1.244999999999999929e+01 8.720000000000000639e+00 1.678999999999999915e+01 1.490000000000000036e+01
8.859999999999999432e+00 3.660000000000000142e+00 -1.000000000000000000e+00 4.219999999999999751e+00 9.519999999999999574e+00 -1.000000000000000000e+00 1.246000000000000085e+01 8.710000000000000853e+00 1.682000000000000028e+01 1.491000000000000014e+01
8.830000000000000071e+00 3.709999999999999964e+00 -1.000000000000000000e+00 4.219999999999999751e+00 9.589999999999999858e+00 -1.000000000000000000e+00 1.244999999999999929e+01 8.660000000000000142e+00 1.685000000000000142e+01 1.493999999999999950e+01
8.859999999999999432e+00 3.689999999999999947e+00 -1.000000000000000000e+00 4.250000000000000000e+00 9.529999999999999361e+00 -1.000000000000000000e+00 1.242999999999999972e+01 8.589999999999999858e+00 1.680000000000000071e+01 1.492999999999999972e+01
8.849999999999999645e+00 3.709999999999999964e+00 -1.000000000000000000e+00 4.219999999999999751e+00 9.490000000000000213e+00 -1.000000000000000000e+00 1.240000000000000036e+01 8.720000000000000639e+00 1.678999999999999915e+01 1.489000000000000057e+01
8.769999999999999574e+00 3.709999999999999964e+00 -1.000000000000000000e+00 4.230000000000000426e+00 9.449999999999999289e+00 -1.000000000000000000e+00 1.242999999999999972e+01 8.630000000000000782e+00 1.685000000000000142e+01 1.488000000000000078e+01
8.800000000000000711e+00 3.680000000000000160e+00 -1.000000000000000000e+00 4.299999999999999822e+00 9.580000000000000071e+00 -1.000000000000000000e+00 1.244999999999999929e+01 8.630000000000000782e+00 1.682000000000000028e+01 1.488000000000000078e+01
8.810000000000000497e+00 3.729999999999999982e+00 -1.000000000000000000e+00 4.259999999999999787e+00 9.570000000000000284e+00 -1.000000000000000000e+00 1.241999999999999993e+01 8.720000000000000639e+00 1.682999999999999829e+01 1.491000000000000014e+01
8.750000000000000000e+00 3.689999999999999947e+00 -1.000000000000000000e+00 4.299999999999999822e+00 9.640000000000000568e+00 -1.000000000000000000e+00 1.243999999999999950e+01 8.820000000000000284e+00 1.682000000000000028e+01 1.485999999999999943e+01
8.830000000000000071e+00 3.689999999999999947e+00 -1.000000000000000000e+00 4.219999999999999751e+00 9.470000000000000639e+00 -1.000000000000000000e+00 1.246000000000000085e+01 8.710000000000000853e+00 1.682999999999999829e+01 1.490000000000000036e+01
8.769999999999999574e+00 3.740000000000000213e+00 -1.000000000000000000e+00 4.219999999999999751e+00 9.509999999999999787e+00 -1.000000000000000000e+00 1.241000000000000014e+01 8.730000000000000426e+00 1.678999999999999915e+01 1.490000000000000036e+01
8.779999999999999361e+00 3.759999999999999787e+00 -1.000000000000000000e+00 4.269999999999999574e+00 9.570000000000000284e+00 -1.000000000000000000e+00 1.239000000000000057e+01 8.679999999999999716e+00 1.685000000000000142e+01 1.488000000000000078e+01
8.769999999999999574e+00 3.729999999999999982e+00 -1.000000000000000000e+00 4.269999999999999574e+00 9.519999999999999574e+00 -1.000000000000000000e+00 1.243999999999999950e+01 8.769999999999999574e+00 1.678999999999999915e+01 1.492999999999999972e+01
8.800000000000000711e+00 3.669999999999999929e+00 -1.000000000000000000e+00 4.240000000000000213e+00 9.539999999999999147e+00 -1.000000000000000000e+00 1.240000000000000036e+01 8.679999999999999716e+00 1.682999999999999829e+01 1.490000000000000036e+01
8.730000000000000426e+00 3.779999999999999805e+00 -1.000000000000000000e+00 4.259999999999999787e+00 9.419999999999999929e+00 -1.000000000000000000e+00 -1.000000000000000000e+00 8.750000000000000000e+00 1.676999999999999957e+01 1.489000000000000057e+01
8.800000000000000711e+00 3.689999999999999947e+00 -1.000000000000000000e+00 4.259999999999999787e+00 9.539999999999999147e+00 -1.000000000000000000e+00 1.246000000000000085e+01 8.779999999999999361e+00 1.682000000000000028e+01 1.491000000000000014e+01
8.789999999999999147e+00 3.709999999999999964e+00 -1.000000000000000000e+00 4.250000000000000000e+00 9.519999999999999574e+00 -1.000000000000000000e+00 1.248000000000000043e+01 8.689999999999999503e+00 1.683999999999999986e+01 1.488000000000000078e+01
8.800000000000000711e+00 3.750000000000000000e+00 -1.000000000000000000e+00 4.269999999999999574e+00 9.589999999999999858e+00 -1.000000000000000000e+00 1.246000000000000085e+01 8.710000000000000853e+00 1.685000000000000142e+01 1.491000000000000014e+01
8.830000000000000071e+00 3.720000000000000195e+00 -1.000000000000000000e+00 4.230000000000000426e+00 9.519999999999999574e+00 -1.000000000000000000e+00 1.246000000000000085e+01 8.750000000000000000e+00 1.680000000000000071e+01 1.491999999999999993e+01
8.779999999999999361e+00 3.720000000000000195e+00 -1.000000000000000000e+00 4.280000000000000249e+00 9.589999999999999858e+00 -1.000000000000000000e+00 1.241000000000000014e+01 8.689999999999999503e+00 1.685000000000000142e+01 1.491000000000000014e+01
8.779999999999999361e+00 3.660000000000000142e+00 -1.000000000000000000e+00 4.250000000000000000e+00 9.589999999999999858e+00 -1.000000000000000000e+00 1.240000000000000036e+01 8.640000000000000568e+00 1.680000000000000071e+01 1.491000000000000014e+01
8.779999999999999361e+00 3.709999999999999964e+00 -1.000000000000000000e+00 4.259999999999999787e+00 9.490000000000000213e+00 -1.000000000000000000e+00 1.243999999999999950e+01 8.679999999999999716e+00 1.682999999999999829e+01 1.493999999999999950e+01
8.779999999999999361e+00 3.689999999999999947e+00 -1.000000000000000000e+00 4.259999999999999787e+00 9.490000000000000213e+00 -1.000000000000000000e+00 1.241999999999999993e+01 8.669999999999999929e+00 1.680999999999999872e+01 1.490000000000000036e+01
8.810000000000000497e+00 3.709999999999999964e+00 -1.000000000000000000e+00 4.290000000000000036e+00 9.509999999999999787e+00 -1.000000000000000000e+00 1.246000000000000085e+01 8.699999999999999289e+00 1.685000000000000142e+01 1.490000000000000036e+01
8.859999999999999432e+00 3.700000000000000178e+00 -1.000000000000000000e+00 4.250000000000000000e+00 9.500000000000000000e+00 -1.000000000000000000e+00 1.244999999999999929e+01 8.720000000000000639e+00 1.682999999999999829e+01 1.490000000000000036e+01
8.759999999999999787e+00 3.729999999999999982e+00 -1.000000000000000000e+00 4.230000000000000426e+00 9.419999999999999929e+00 -1.000000000000000000e+00 1.241999999999999993e+01 8.720000000000000639e+00 1.689000000000000057e+01 1.489000000000000057e+01
8.750000000000000000e+00 3.689999999999999947e+00 -1.000000000000000000e+00 4.230000000000000426e+00 9.500000000000000000e+00 -1.000000000000000000e+00 1.239000000000000057e+01 8.699999999999999289e+00 1.682000000000000028e+01 1.494999999999999929e+01
8.839999999999999858e+00 3.700000000000000178e+00 -1.000000000000000000e+00 4.230000000000000426e+00 9.519999999999999574e+00 -1.000000000000000000e+00 1.247000000000000064e+01 8.769999999999999574e+00 1.676000000000000156e+01 1.493999999999999950e+01
8.740000000000000213e+00 3.729999999999999982e+00 -1.000000000000000000e+00 4.259999999999999787e+00 9.460000000000000853e+00 -1.000000000000000000e+00 1.244999999999999929e+01 8.650000000000000355e+00 1.683999999999999986e+01 1.488000000000000078e+01
8.830000000000000071e+00 3.729999999999999982e+00 -1.000000000000000000e+00 4.250000000000000000e+00 9.490000000000000213e+00 -1.000000000000000000e+00 1.242999999999999972e+01 8.769999999999999574e+00 1.682000000000000028e+01 1.491000000000000014e+01
8.730000000000000426e+00 3.700000000000000178e+00 -1.000000000000000000e+00 4.200000000000000178e+00 9.560000000000000497e+00 -1.000000000000000000e+00 1.241000000000000014e+01 8.759999999999999787e+00 1.685000000000000142e+01 1.497000000000000064e+01
8.800000000000000711e+00 3.700000000000000178e+00 -1.000000000000000000e+00 4.230000000000000426e+00 9.480000000000000426e+00 -1.000000000000000000e+00 1.241000000000000014e+01 8.750000000000000000e+00 1.682000000000000028e+01 1.490000000000000036e+01
8.779999999999999361e+00 3.689999999999999947e+00 -1.000000000000000000e+00 4.240000000000000213e+00 9.589999999999999858e+00 -1.000000000000000000e+00 1.239000000000000057e+01 8.759999999999999787e+00 1.685000000000000142e+01 1.489000000000000057e+01
8.759999999999999787e+00 3.759999999999999787e+00 -1.000000000000000000e+00 4.230000000000000426e+00 9.529999999999999361e+00 -1.000000000000000000e+00 1.250000000000000000e+01 8.679999999999999716e+00 1.683999999999999986e+01 1.491000000000000014e+01
8.789999999999999147e+00 3.740000000000000213e+00 -1.000000000000000000e+00 4.250000000000000000e+00 9.660000000000000142e+00 -1.000000000000000000e+00 1.238000000000000078e+01 8.689999999999999503e+00 1.680999999999999872e+01 1.491999999999999993e+01
8.779999999999999361e+00 3.729999999999999982e+00 -1.000000000000000000e+00 4.230000000000000426e+00 9.560000000000000497e+00 -1.000000000000000000e+00 1.248000000000000043e+01 8.660000000000000142e+00 1.682999999999999829e+01 1.489000000000000057e+01
8.830000000000000071e+00 3.640000000000000124e+00 -1.000000000000000000e+00 4.259999999999999787e+00 9.519999999999999574e+00 -1.000000000000000000e+00 1.244999999999999929e+01 8.640000000000000568e+00 1.682999999999999829e+01 1.492999999999999972e+01
8.720000000000000639e+00 3.740000000000000213e+00 -1.000000000000000000e+00 4.259999999999999787e+00 9.550000000000000711e+00 -1.000000000000000000e+00 1.243999999999999950e+01 8.740000000000000213e+00 1.678000000000000114e+01 1.491000000000000014e+01
8.859999999999999432e+00 3.689999999999999947e+00 -1.000000000000000000e+00 4.219999999999999751e+00 9.609999999999999432e+00 -1.000000000000000000e+00 1.249000000000000021e+01 8.740000000000000213e+00 1.682000000000000028e+01 1.493999999999999950e+01
8.750000000000000000e+00 3.689999999999999947e+00 -1.000000000000000000e+00 4.230000000000000426e+00 9.519999999999999574e+00 -1.000000000000000000e+00 1.241000000000000014e+01 8.630000000000000782e+00 1.683999999999999986e+01 1.491999999999999993e+01
8.769999999999999574e+00 3.759999999999999787e+00 -1.000000000000000000e+00 4.230000000000000426e+00 9.650000000000000355e+00 -1.000000000000000000e+00 1.247000000000000064e+01 8.720000000000000639e+00 1.682999999999999829e+01 1.489000000000000057e+01
8.779999999999999361e+00 3.720000000000000195e+00 -1.000000000000000000e+00 4.309999999999999609e+00 9.560000000000000497e+00 -1.000000000000000000e+00 1.244999999999999929e+01 8.730000000000000426e+00 1.678999999999999915e+01 1.490000000000000036e+01
8.830000000000000071e+00 3.700000000000000178e+00 -1.000000000000000000e+00 4.219999999999999751e+00 9.550000000000000711e+00 -1.000000000000000000e+00 1.243999999999999950e+01 8.609999999999999432e+00 1.678999999999999915e+01 1.491000000000000014e+01
