-1.000000000000000000e+00 -1.000000000000000000e+00 -1.000000000000000000e+00 -1.000000000000000000e+00 -1.000000000000000000e+00 -1.000000000000000000e+00 -1.000000000000000000e+00 -1.000000000000000000e+00 -1.000000000000000000e+00 -1.000000000000000000e+00
8.789999999999999147e+00 1.010999999999999943e+01 -1.000000000000000000e+00 9.730000000000000426e+00 5.019999999999999574e+00 1.036999999999999922e+01 -1.000000000000000000e+00 8.830000000000000071e+00 5.419999999999999929e+00 6.839999999999999858e+00
8.769999999999999574e+00 1.014000000000000057e+01 -1.000000000000000000e+00 9.740000000000000213e+00 5.009999999999999787e+00 1.035999999999999943e+01 -1.000000000000000000e+00 8.779999999999999361e+00 5.410000000000000142e+00 6.839999999999999858e+00
8.769999999999999574e+00 1.011999999999999922e+01 -1.000000000000000000e+00 9.699999999999999289e+00 5.070000000000000284e+00 1.038000000000000078e+01 -1.000000000000000000e+00 8.750000000000000000e+00 5.440000000000000391e+00 6.830000000000000071e+00
8.779999999999999361e+00 1.016000000000000014e+01 -1.000000000000000000e+00 9.710000000000000853e+00 5.030000000000000249e+00 1.039000000000000057e+01 -1.000000000000000000e+00 8.789999999999999147e+00 5.450000000000000178e+00 6.839999999999999858e+00
8.810000000000000497e+00 1.013000000000000078e+01 -1.000000000000000000e+00 9.740000000000000213e+00 5.080000000000000071e+00 1.040000000000000036e+01 -1.000000000000000000e+00 8.810000000000000497e+00 5.440000000000000391e+00 6.849999999999999645e+00
8.820000000000000284e+00 1.007000000000000028e+01 -1.000000000000000000e+00 9.750000000000000000e+00 4.969999999999999751e+00 1.041000000000000014e+01 -1.000000000000000000e+00 8.669999999999999929e+00 5.459999999999999964e+00 6.849999999999999645e+00
8.769999999999999574e+00 1.006000000000000050e+01 -1.000000000000000000e+00 9.740000000000000213e+00 5.110000000000000320e+00 1.035999999999999943e+01 -1.000000000000000000e+00 8.699999999999999289e+00 5.469999999999999751e+00 6.820000000000000284e+00
8.759999999999999787e+00 1.006000000000000050e+01 -1.000000000000000000e+00 9.730000000000000426e+00 5.129999999999999893e+00 1.033000000000000007e+01 -1.000000000000000000e+00 8.740000000000000213e+00 5.469999999999999751e+00 6.839999999999999858e+00
8.779999999999999361e+00 1.000999999999999979e+01 -1.000000000000000000e+00 9.730000000000000426e+00 5.000000000000000000e+00 1.033999999999999986e+01 -1.000000000000000000e+00 8.789999999999999147e+00 5.490000000000000213e+00 6.879999999999999893e+00
8.769999999999999574e+00 1.016000000000000014e+01 -1.000000000000000000e+00 9.769999999999999574e+00 5.059999999999999609e+00 1.041000000000000014e+01 -1.000000000000000000e+00 8.800000000000000711e+00 5.530000000000000249e+00 6.830000000000000071e+00
8.789999999999999147e+00 1.006000000000000050e+01 -1.000000000000000000e+00 9.730000000000000426e+00 5.110000000000000320e+00 1.039000000000000057e+01 -1.000000000000000000e+00 8.789999999999999147e+00 5.490000000000000213e+00 6.900000000000000355e+00
8.779999999999999361e+00 1.009999999999999964e+01 -1.000000000000000000e+00 9.740000000000000213e+00 5.110000000000000320e+00 1.034999999999999964e+01 -1.000000000000000000e+00 8.759999999999999787e+00 5.509999999999999787e+00 6.879999999999999893e+00
8.810000000000000497e+00 1.016999999999999993e+01 -1.000000000000000000e+00 9.650000000000000355e+00 5.070000000000000284e+00 1.028999999999999915e+01 -1.000000000000000000e+00 8.779999999999999361e+00 5.500000000000000000e+00 6.839999999999999858e+00
8.779999999999999361e+00 1.015000000000000036e+01 -1.000000000000000000e+00 9.720000000000000639e+00 5.099999999999999645e+00 1.041999999999999993e+01 -1.000000000000000000e+00 8.779999999999999361e+00 5.459999999999999964e+00 6.879999999999999893e+00
8.740000000000000213e+00 1.016000000000000014e+01 -1.000000000000000000e+00 9.740000000000000213e+00 5.049999999999999822e+00 1.036999999999999922e+01 -1.000000000000000000e+00 8.789999999999999147e+00 5.450000000000000178e+00 6.839999999999999858e+00
8.769999999999999574e+00 1.009999999999999964e+01 -1.000000000000000000e+00 9.730000000000000426e+00 5.089999999999999858e+00 1.041999999999999993e+01 -1.000000000000000000e+00 8.820000000000000284e+00 5.450000000000000178e+00 6.860000000000000320e+00
8.769999999999999574e+00 1.009999999999999964e+01 -1.000000000000000000e+00 9.669999999999999929e+00 5.150000000000000355e+00 1.038000000000000078e+01 -1.000000000000000000e+00 8.779999999999999361e+00 5.440000000000000391e+00 6.889999999999999680e+00
8.759999999999999787e+00 1.015000000000000036e+01 -1.000000000000000000e+00 9.669999999999999929e+00 5.099999999999999645e+00 1.036999999999999922e+01 -1.000000000000000000e+00 8.789999999999999147e+00 5.410000000000000142e+00 6.839999999999999858e+00
8.759999999999999787e+00 1.008000000000000007e+01 -1.000000000000000000e+00 9.669999999999999929e+00 4.990000000000000213e+00 1.038000000000000078e+01 -1.000000000000000000e+00 8.710000000000000853e+00 5.440000000000000391e+00 6.839999999999999858e+00
8.750000000000000000e+00 1.008000000000000007e+01 -1.000000000000000000e+00 9.630000000000000782e+00 5.099999999999999645e+00 1.038000000000000078e+01 -1.000000000000000000e+00 8.759999999999999787e+00 5.490000000000000213e+00 6.849999999999999645e+00
8.779999999999999361e+00 1.008000000000000007e+01 -1.000000000000000000e+00 9.660000000000000142e+00 5.019999999999999574e+00 1.041000000000000014e+01 -1.000000000000000000e+00 8.839999999999999858e+00 5.379999999999999893e+00 6.830000000000000071e+00
8.730000000000000426e+00 1.005000000000000071e+01 -1.000000000000000000e+00 9.720000000000000639e+00 5.040000000000000036e+00 1.039000000000000057e+01 -1.000000000000000000e+00 8.769999999999999574e+00 5.450000000000000178e+00 6.870000000000000107e+00
8.779999999999999361e+00 1.007000000000000028e+01 -1.000000000000000000e+00 9.750000000000000000e+00 5.080000000000000071e+00 1.039000000000000057e+01 -1.000000000000000000e+00 8.769999999999999574e+00 5.469999999999999751e+00 6.839999999999999858e+00
8.769999999999999574e+00 1.003999999999999915e+01 -1.000000000000000000e+00 9.750000000000000000e+00 5.000000000000000000e+00 1.034999999999999964e+01 -1.000000000000000000e+00 8.750000000000000000e+00 5.370000000000000107e+00 6.879999999999999893e+00
8.789999999999999147e+00 1.008000000000000007e+01 -1.000000000000000000e+00 9.750000000000000000e+00 5.040000000000000036e+00 1.040000000000000036e+01 -1.000000000000000000e+00 8.849999999999999645e+00 5.450000000000000178e+00 6.889999999999999680e+00
8.779999999999999361e+00 1.014000000000000057e+01 -1.000000000000000000e+00 9.740000000000000213e+00 5.030000000000000249e+00 1.041999999999999993e+01 -1.000000000000000000e+00 8.830000000000000071e+00 5.370000000000000107e+00 6.889999999999999680e+00
8.750000000000000000e+00 1.010999999999999943e+01 -1.000000000000000000e+00 9.650000000000000355e+00 5.019999999999999574e+00 1.040000000000000036e+01 -1.000000000000000000e+00 8.779999999999999361e+00 5.400000000000000355e+00 6.860000000000000320e+00
8.750000000000000000e+00 1.007000000000000028e+01 -1.000000000000000000e+00 9.640000000000000568e+00 5.009999999999999787e+00 1.038000000000000078e+01 -1.000000000000000000e+00 8.710000000000000853e+00 5.440000000000000391e+00 6.830000000000000071e+00
8.769999999999999574e+00 1.016000000000000014e+01 -1.000000000000000000e+00 9.679999999999999716e+00 5.110000000000000320e+00 1.032000000000000028e+01 -1.000000000000000000e+00 8.779999999999999361e+00 5.459999999999999964e+00 6.860000000000000320e+00
8.769999999999999574e+00 1.005000000000000071e+01 -1.000000000000000000e+00 9.720000000000000639e+00 5.009999999999999787e+00 1.034999999999999964e+01 -1.000000000000000000e+00 8.779999999999999361e+00 5.419999999999999929e+00 6.889999999999999680e+00
8.769999999999999574e+00 1.013000000000000078e+01 -1.000000000000000000e+00 9.689999999999999503e+00 5.110000000000000320e+00 1.042999999999999972e+01 -1.000000000000000000e+00 8.779999999999999361e+00 5.440000000000000391e+00 6.860000000000000320e+00
8.779999999999999361e+00 1.006000000000000050e+01 -1.000000000000000000e+00 9.650000000000000355e+00 5.099999999999999645e+00 1.033000000000000007e+01 -1.000000000000000000e+00 8.800000000000000711e+00 5.389999999999999680e+00 6.900000000000000355e+00
8.759999999999999787e+00 1.013000000000000078e+01 -1.000000000000000000e+00 9.710000000000000853e+00 5.089999999999999858e+00 1.039000000000000057e+01 -1.000000000000000000e+00 8.750000000000000000e+00 5.429999999999999716e+00 6.870000000000000107e+00
8.759999999999999787e+00 1.010999999999999943e+01 -1.000000000000000000e+00 9.710000000000000853e+00 5.150000000000000355e+00 1.040000000000000036e+01 -1.000000000000000000e+00 8.779999999999999361e+00 5.469999999999999751e+00 6.830000000000000071e+00
8.810000000000000497e+00 1.010999999999999943e+01 -1.000000000000000000e+00 9.669999999999999929e+00 5.019999999999999574e+00 1.040000000000000036e+01 -1.000000000000000000e+00 8.720000000000000639e+00 5.400000000000000355e+00 6.860000000000000320e+00
8.769999999999999574e+00 1.018999999999999950e+01 -1.000000000000000000e+00 9.759999999999999787e+00 5.009999999999999787e+00 1.033999999999999986e+01 -1.000000000000000000e+00 8.820000000000000284e+00 5.450000000000000178e+00 6.860000000000000320e+00
8.789999999999999147e+00 1.007000000000000028e+01 -1.000000000000000000e+00 9.720000000000000639e+00 5.150000000000000355e+00 1.036999999999999922e+01 -1.000000000000000000e+00 8.750000000000000000e+00 5.440000000000000391e+00 6.879999999999999893e+00
8.750000000000000000e+00 1.010999999999999943e+01 -1.000000000000000000e+00 9.730000000000000426e+00 5.110000000000000320e+00 1.039000000000000057e+01 -1.000000000000000000e+00 8.769999999999999574e+00 5.459999999999999964e+00 6.849999999999999645e+00
8.769999999999999574e+00 1.009999999999999964e+01 -1.000000000000000000e+00 9.669999999999999929e+00 5.139999999999999680e+00 1.041999999999999993e+01 -1.000000000000000000e+00 8.869999999999999218e+00 5.389999999999999680e+00 6.849999999999999645e+00
8.769999999999999574e+00 1.013000000000000078e+01 -1.000000000000000000e+00 9.679999999999999716e+00 5.009999999999999787e+00 1.033999999999999986e+01 -1.000000000000000000e+00 8.750000000000000000e+00 5.419999999999999929e+00 6.860000000000000320e+00
8.779999999999999361e+00 1.006000000000000050e+01 -1.000000000000000000e+00 9.710000000000000853e+00 5.080000000000000071e+00 1.040000000000000036e+01 -1.000000000000000000e+00 8.660000000000000142e+00 5.480000000000000426e+00 6.860000000000000320e+00
8.789999999999999147e+00 1.013000000000000078e+01 -1.000000000000000000e+00 9.679999999999999716e+00 5.120000000000000107e+00 1.038000000000000078e+01 -1.000000000000000000e+00 8.759999999999999787e+00 5.469999999999999751e+00 6.849999999999999645e+00
8.769999999999999574e+00 1.014000000000000057e+01 -1.000000000000000000e+00 9.769999999999999574e+00 5.040000000000000036e+00 1.033000000000000007e+01 -1.000000000000000000e+00 8.779999999999999361e+00 5.490000000000000213e+00 6.870000000000000107e+00
8.810000000000000497e+00 1.013000000000000078e+01 -1.000000000000000000e+00 9.750000000000000000e+00 5.030000000000000249e+00 1.034999999999999964e+01 -1.000000000000000000e+00 8.810000000000000497e+00 5.530000000000000249e+00 6.839999999999999858e+00
8.779999999999999361e+00 1.009999999999999964e+01 -1.000000000000000000e+00 9.720000000000000639e+00 5.070000000000000284e+00 -1.000000000000000000e+00 -1.000000000000000000e+00 8.759999999999999787e+00 5.500000000000000000e+00 6.839999999999999858e+00
8.779999999999999361e+00 1.017999999999999972e+01 -1.000000000000000000e+00 9.689999999999999503e+00 5.040000000000000036e+00 1.034999999999999964e+01 -1.000000000000000000e+00 8.769999999999999574e+00 5.450000000000000178e+00 6.889999999999999680e+00
8.750000000000000000e+00 1.010999999999999943e+01 -1.000000000000000000e+00 9.679999999999999716e+00 5.099999999999999645e+00 1.033999999999999986e+01 -1.000000000000000000e+00 8.800000000000000711e+00 5.530000000000000249e+00 6.889999999999999680e+00
8.779999999999999361e+00 1.015000000000000036e+01 -1.000000000000000000e+00 9.759999999999999787e+00 5.110000000000000320e+00 1.044999999999999929e+01 -1.000000000000000000e+00 8.849999999999999645e+00 5.450000000000000178e+00 6.849999999999999645e+00
8.759999999999999787e+00 1.013000000000000078e+01 -1.000000000000000000e+00 9.720000000000000639e+00 5.120000000000000107e+00 1.039000000000000057e+01 -1.000000000000000000e+00 8.779999999999999361e+00 5.480000000000000426e+00 6.839999999999999858e+00
8.779999999999999361e+00 1.005000000000000071e+01 -1.000000000000000000e+00 9.679999999999999716e+00 5.059999999999999609e+00 1.041999999999999993e+01 -1.000000000000000000e+00 8.740000000000000213e+00 5.440000000000000391e+00 6.860000000000000320e+00
8.779999999999999361e+00 1.005000000000000071e+01 -1.000000000000000000e+00 9.699999999999999289e+00 5.110000000000000320e+00 1.035999999999999943e+01 -1.000000000000000000e+00 8.779999999999999361e+00 5.429999999999999716e+00 6.860000000000000320e+00
8.769999999999999574e+00 1.016000000000000014e+01 -1.000000000000000000e+00 9.750000000000000000e+00 5.099999999999999645e+00 1.034999999999999964e+01 -1.000000000000000000e+00 8.769999999999999574e+00 5.429999999999999716e+00 6.839999999999999858e+00
8.779999999999999361e+00 1.014000000000000057e+01 -1.000000000000000000e+00 9.640000000000000568e+00 5.049999999999999822e+00 1.039000000000000057e+01 -1.000000000000000000e+00 8.750000000000000000e+00 5.500000000000000000e+00 6.870000000000000107e+00
8.740000000000000213e+00 1.014000000000000057e+01 -1.000000000000000000e+00 9.759999999999999787e+00 5.129999999999999893e+00 1.038000000000000078e+01 -1.000000000000000000e+00 8.730000000000000426e+00 5.429999999999999716e+00 6.830000000000000071e+00
8.740000000000000213e+00 1.011999999999999922e+01 -1.000000000000000000e+00 9.699999999999999289e+00 5.160000000000000142e+00 1.041000000000000014e+01 -1.000000000000000000e+00 8.859999999999999432e+00 5.450000000000000178e+00 6.849999999999999645e+00
8.779999999999999361e+00 1.011999999999999922e+01 -1.000000000000000000e+00 9.699999999999999289e+00 5.120000000000000107e+00 1.036999999999999922e+01 -1.000000000000000000e+00 8.759999999999999787e+00 5.549999999999999822e+00 6.870000000000000107e+00
8.769999999999999574e+00 1.013000000000000078e+01 -1.000000000000000000e+00 9.740000000000000213e+00 5.040000000000000036e+00 1.033000000000000007e+01 -1.000000000000000000e+00 8.830000000000000071e+00 5.459999999999999964e+00 6.830000000000000071e+00
8.769999999999999574e+00 1.010999999999999943e+01 -1.000000000000000000e+00 9.679999999999999716e+00 5.099999999999999645e+00 1.038000000000000078e+01 -1.000000000000000000e+00 8.839999999999999858e+00 5.519999999999999574e+00 6.889999999999999680e+00
8.779999999999999361e+00 1.013000000000000078e+01 -1.000000000000000000e+00 9.740000000000000213e+00 5.009999999999999787e+00 1.033999999999999986e+01 -1.000000000000000000e+00 8.779999999999999361e+00 5.509999999999999787e+00 6.849999999999999645e+00
8.779999999999999361e+00 1.014000000000000057e+01 -1.000000000000000000e+00 9.699999999999999289e+00 5.110000000000000320e+00 1.035999999999999943e+01 -1.000000000000000000e+00 8.779999999999999361e+00 5.440000000000000391e+00 6.820000000000000284e+00
8.810000000000000497e+00 1.015000000000000036e+01 -1.000000000000000000e+00 9.720000000000000639e+00 5.040000000000000036e+00 1.034999999999999964e+01 -1.000000000000000000e+00 8.720000000000000639e+00 5.480000000000000426e+00 6.849999999999999645e+00
8.759999999999999787e+00 1.016999999999999993e+01 -1.000000000000000000e+00 9.689999999999999503e+00 5.030000000000000249e+00 1.040000000000000036e+01 -1.000000000000000000e+00 8.779999999999999361e+00 5.459999999999999964e+00 6.870000000000000107e+00
8.779999999999999361e+00 1.008000000000000007e+01 -1.000000000000000000e+00 9.679999999999999716e+00 5.070000000000000284e+00 1.042999999999999972e+01 -1.000000000000000000e+00 8.820000000000000284e+00 5.469999999999999751e+00 6.870000000000000107e+00
8.759999999999999787e+00 1.015000000000000036e+01 -1.000000000000000000e+00 9.720000000000000639e+00 5.089999999999999858e+00 1.038000000000000078e+01 -1.000000000000000000e+00 8.779999999999999361e+00 5.549999999999999822e+00 6.849999999999999645e+00
8.769999999999999574e+00 1.010999999999999943e+01 -1.000000000000000000e+00 9.759999999999999787e+00 5.089999999999999858e+00 1.041000000000000014e+01 -1.000000000000000000e+00 8.800000000000000711e+00 5.440000000000000391e+00 6.839999999999999858e+00
8.750000000000000000e+00 1.010999999999999943e+01 -1.000000000000000000e+00 9.669999999999999929e+00 5.000000000000000000e+00 1.035999999999999943e+01 -1.000000000000000000e+00 8.779999999999999361e+00 5.469999999999999751e+00 6.820000000000000284e+00
8.769999999999999574e+00 1.001999999999999957e+01 -1.000000000000000000e+00 9.679999999999999716e+00 5.009999999999999787e+00 1.041999999999999993e+01 -1.000000000000000000e+00 8.789999999999999147e+00 5.500000000000000000e+00 6.900000000000000355e+00
8.759999999999999787e+00 1.010999999999999943e+01 -1.000000000000000000e+00 9.679999999999999716e+00 5.099999999999999645e+00 1.040000000000000036e+01 -1.000000000000000000e+00 8.750000000000000000e+00 5.419999999999999929e+00 6.839999999999999858e+00
8.779999999999999361e+00 1.009999999999999964e+01 -1.000000000000000000e+00 9.660000000000000142e+00 5.019999999999999574e+00 1.036999999999999922e+01 -1.000000000000000000e+00 8.759999999999999787e+00 5.450000000000000178e+00 6.879999999999999893e+00
8.789999999999999147e+00 1.016000000000000014e+01 -1.000000000000000000e+00 9.759999999999999787e+00 5.120000000000000107e+00 1.038000000000000078e+01 -1.000000000000000000e+00 8.710000000000000853e+00 5.429999999999999716e+00 6.879999999999999893e+00
8.789999999999999147e+00 1.011999999999999922e+01 -1.000000000000000000e+00 9.740000000000000213e+00 5.129999999999999893e+00 1.038000000000000078e+01 -1.000000000000000000e+00 8.800000000000000711e+00 5.469999999999999751e+00 6.889999999999999680e+00
8.779999999999999361e+00 1.016999999999999993e+01 -1.000000000000000000e+00 9.710000000000000853e+00 5.139999999999999680e+00 1.038000000000000078e+01 -1.000000000000000000e+00 8.750000000000000000e+00 5.419999999999999929e+00 6.900000000000000355e+00
8.769999999999999574e+00 1.016999999999999993e+01 -1.000000000000000000e+00 9.750000000000000000e+00 5.030000000000000249e+00 1.040000000000000036e+01 -1.000000000000000000e+00 8.750000000000000000e+00 5.419999999999999929e+00 6.849999999999999645e+00
8.779999999999999361e+00 1.013000000000000078e+01 -1.000000000000000000e+00 9.710000000000000853e+00 5.099999999999999645e+00 1.041000000000000014e+01 -1.000000000000000000e+00 8.800000000000000711e+00 5.469999999999999751e+00 6.879999999999999893e+00
8.759999999999999787e+00 1.009999999999999964e+01 -1.000000000000000000e+00 9.669999999999999929e+00 5.030000000000000249e+00 1.039000000000000057e+01 -1.000000000000000000e+00 8.720000000000000639e+00 5.419999999999999929e+00 6.809999999999999609e+00
8.800000000000000711e+00 1.019999999999999929e+01 -1.000000000000000000e+00 9.609999999999999432e+00 5.150000000000000355e+00 1.039000000000000057e+01 -1.000000000000000000e+00 8.779999999999999361e+00 5.469999999999999751e+00 6.900000000000000355e+00
8.769999999999999574e+00 1.010999999999999943e+01 -1.000000000000000000e+00 9.660000000000000142e+00 5.089999999999999858e+00 1.036999999999999922e+01 -1.000000000000000000e+00 8.859999999999999432e+00 5.469999999999999751e+00 6.879999999999999893e+00
8.779999999999999361e+00 1.015000000000000036e+01 -1.000000000000000000e+00 9.720000000000000639e+00 5.059999999999999609e+00 1.033000000000000007e+01 -1.000000000000000000e+00 8.720000000000000639e+00 5.469999999999999751e+00 6.849999999999999645e+00
8.759999999999999787e+00 1.005000000000000071e+01 -1.000000000000000000e+00 9.730000000000000426e+00 5.129999999999999893e+00 1.035999999999999943e+01 -1.000000000000000000e+00 8.759999999999999787e+00 5.490000000000000213e+00 6.870000000000000107e+00
8.750000000000000000e+00 1.017999999999999972e+01 -1.000000000000000000e+00 9.750000000000000000e+00 5.179999999999999716e+00 1.041000000000000014e+01 -1.000000000000000000e+00 8.800000000000000711e+00 5.419999999999999929e+00 6.879999999999999893e+00
8.750000000000000000e+00 1.005000000000000071e+01 -1.000000000000000000e+00 9.710000000000000853e+00 5.219999999999999751e+00 1.040000000000000036e+01 -1.000000000000000000e+00 8.759999999999999787e+00 5.459999999999999964e+00 6.830000000000000071e+00
8.759999999999999787e+00 1.008999999999999986e+01 -1.000000000000000000e+00 9.720000000000000639e+00 5.120000000000000107e+00 1.036999999999999922e+01 -1.000000000000000000e+00 8.759999999999999787e+00 5.419999999999999929e+00 6.839999999999999858e+00
8.759999999999999787e+00 1.017999999999999972e+01 -1.000000000000000000e+00 9.669999999999999929e+00 5.089999999999999858e+00 1.038000000000000078e+01 -1.000000000000000000e+00 8.810000000000000497e+00 5.419999999999999929e+00 6.830000000000000071e+00
8.769999999999999574e+00 1.010999999999999943e+01 -1.000000000000000000e+00 9.740000000000000213e+00 5.160000000000000142e+00 1.040000000000000036e+01 -1.000000000000000000e+00 8.779999999999999361e+00 5.429999999999999716e+00 6.839999999999999858e+00
8.779999999999999361e+00 -1.000000000000000000e+00 -1.000000000000000000e+00 9.650000000000000355e+00 5.019999999999999574e+00 1.038000000000000078e+01 -1.000000000000000000e+00 8.779999999999999361e+00 5.440000000000000391e+00 6.830000000000000071e+00
8.759999999999999787e+00 1.013000000000000078e+01 -1.000000000000000000e+00 9.759999999999999787e+00 5.200000000000000178e+00 1.034999999999999964e+01 -1.000000000000000000e+00 8.779999999999999361e+00 5.480000000000000426e+00 6.879999999999999893e+00
8.750000000000000000e+00 1.015000000000000036e+01 -1.000000000000000000e+00 9.689999999999999503e+00 5.030000000000000249e+00 1.036999999999999922e+01 -1.000000000000000000e+00 8.769999999999999574e+00 5.389999999999999680e+00 6.900000000000000355e+00
8.789999999999999147e+00 1.014000000000000057e+01 -1.000000000000000000e+00 9.679999999999999716e+00 5.089999999999999858e+00 1.030000000000000071e+01 -1.000000000000000000e+00 8.769999999999999574e+00 5.450000000000000178e+00 6.839999999999999858e+00
8.779999999999999361e+00 1.005000000000000071e+01 -1.000000000000000000e+00 9.740000000000000213e+00 5.049999999999999822e+00 1.035999999999999943e+01 -1.000000000000000000e+00 8.759999999999999787e+00 5.440000000000000391e+00 6.839999999999999858e+00
8.779999999999999361e+00 1.014000000000000057e+01 -1.000000000000000000e+00 9.740000000000000213e+00 5.059999999999999609e+00 1.041999999999999993e+01 -1.000000000000000000e+00 8.769999999999999574e+00 5.490000000000000213e+00 6.839999999999999858e+00
8.750000000000000000e+00 1.016000000000000014e+01 -1.000000000000000000e+00 9.689999999999999503e+00 5.019999999999999574e+00 1.046000000000000085e+01 -1.000000000000000000e+00 8.779999999999999361e+00 5.370000000000000107e+00 6.870000000000000107e+00
8.779999999999999361e+00 1.005000000000000071e+01 -1.000000000000000000e+00 9.750000000000000000e+00 5.059999999999999609e+00 1.036999999999999922e+01 -1.000000000000000000e+00 8.740000000000000213e+00 5.459999999999999964e+00 6.889999999999999680e+00
8.779999999999999361e+00 1.011999999999999922e+01 -1.000000000000000000e+00 9.699999999999999289e+00 5.070000000000000284e+00 1.040000000000000036e+01 -1.000000000000000000e+00 8.779999999999999361e+00 5.469999999999999751e+00 6.849999999999999645e+00
8.769999999999999574e+00 1.009999999999999964e+01 -1.000000000000000000e+00 9.699999999999999289e+00 5.089999999999999858e+00 1.038000000000000078e+01 -1.000000000000000000e+00 8.769999999999999574e+00 5.480000000000000426e+00 6.900000000000000355e+00
8.800000000000000711e+00 1.010999999999999943e+01 -1.000000000000000000e+00 9.730000000000000426e+00 5.049999999999999822e+00 1.035999999999999943e+01 -1.000000000000000000e+00 8.759999999999999787e+00 5.570000000000000284e+00 6.839999999999999858e+00
8.810000000000000497e+00 1.015000000000000036e+01 -1.000000000000000000e+00 9.769999999999999574e+00 5.099999999999999645e+00 1.041000000000000014e+01 -1.000000000000000000e+00 8.750000000000000000e+00 5.480000000000000426e+00 6.889999999999999680e+00
8.750000000000000000e+00 1.016999999999999993e+01 -1.000000000000000000e+00 9.699999999999999289e+00 5.139999999999999680e+00 1.040000000000000036e+01 -1.000000000000000000e+00 8.820000000000000284e+00 5.450000000000000178e+00 6.839999999999999858e+00
8.779999999999999361e+00 1.008999999999999986e+01 -1.000000000000000000e+00 9.720000000000000639e+00 5.070000000000000284e+00 1.036999999999999922e+01 -1.000000000000000000e+00 8.710000000000000853e+00 5.450000000000000178e+00 6.870000000000000107e+00
8.750000000000000000e+00 1.007000000000000028e+01 -1.000000000000000000e+00 9.679999999999999716e+00 5.040000000000000036e+00 1.034999999999999964e+01 -1.000000000000000000e+00 8.779999999999999361e+00 5.459999999999999964e+00 6.820000000000000284e+00
