-1.000000000000000000e+00 -1.000000000000000000e+00 -1.000000000000000000e+00 -1.000000000000000000e+00 -1.000000000000000000e+00 -1.000000000000000000e+00 -1.000000000000000000e+00 -1.000000000000000000e+00 -1.000000000000000000e+00 -1.000000000000000000e+00
1.687000000000000099e+01 1.041000000000000014e+01 -1.000000000000000000e+00 1.486999999999999922e+01 1.374000000000000021e+01 -1.000000000000000000e+00 1.033000000000000007e+01 5.280000000000000249e+00 8.769999999999999574e+00 4.410000000000000142e+00
1.687999999999999901e+01 1.046000000000000085e+01 -1.000000000000000000e+00 1.484999999999999964e+01 1.380000000000000071e+01 -1.000000000000000000e+00 1.035999999999999943e+01 5.240000000000000213e+00 8.720000000000000639e+00 4.469999999999999751e+00
1.682999999999999829e+01 1.043999999999999950e+01 -1.000000000000000000e+00 1.490000000000000036e+01 1.371000000000000085e+01 -1.000000000000000000e+00 1.033999999999999986e+01 5.299999999999999822e+00 8.740000000000000213e+00 4.429999999999999716e+00
1.687000000000000099e+01 1.050000000000000000e+01 -1.000000000000000000e+00 1.483999999999999986e+01 1.369999999999999929e+01 -1.000000000000000000e+00 1.027999999999999936e+01 5.280000000000000249e+00 8.750000000000000000e+00 4.440000000000000391e+00
1.687000000000000099e+01 1.041999999999999993e+01 -1.000000000000000000e+00 1.484999999999999964e+01 1.375999999999999979e+01 -1.000000000000000000e+00 1.031000000000000050e+01 5.250000000000000000e+00 8.769999999999999574e+00 4.450000000000000178e+00
1.683999999999999986e+01 1.048000000000000043e+01 -1.000000000000000000e+00 1.488000000000000078e+01 1.378999999999999915e+01 -1.000000000000000000e+00 1.034999999999999964e+01 5.219999999999999751e+00 8.839999999999999858e+00 4.419999999999999929e+00
1.689000000000000057e+01 1.047000000000000064e+01 -1.000000000000000000e+00 1.485999999999999943e+01 1.371000000000000085e+01 -1.000000000000000000e+00 1.033999999999999986e+01 5.259999999999999787e+00 8.759999999999999787e+00 4.419999999999999929e+00
1.687000000000000099e+01 1.046000000000000085e+01 -1.000000000000000000e+00 1.483999999999999986e+01 1.376999999999999957e+01 -1.000000000000000000e+00 1.034999999999999964e+01 5.209999999999999964e+00 8.789999999999999147e+00 4.469999999999999751e+00
1.691000000000000014e+01 1.043999999999999950e+01 -1.000000000000000000e+00 1.482000000000000028e+01 1.375000000000000000e+01 -1.000000000000000000e+00 1.033000000000000007e+01 5.299999999999999822e+00 8.769999999999999574e+00 4.440000000000000391e+00
1.685000000000000142e+01 1.043999999999999950e+01 -1.000000000000000000e+00 1.486999999999999922e+01 1.368999999999999950e+01 -1.000000000000000000e+00 1.033000000000000007e+01 5.230000000000000426e+00 8.769999999999999574e+00 4.440000000000000391e+00
1.685999999999999943e+01 1.046000000000000085e+01 -1.000000000000000000e+00 1.489000000000000057e+01 1.374000000000000021e+01 -1.000000000000000000e+00 1.041000000000000014e+01 5.250000000000000000e+00 8.789999999999999147e+00 4.469999999999999751e+00
1.685999999999999943e+01 1.041000000000000014e+01 -1.000000000000000000e+00 1.486999999999999922e+01 1.375000000000000000e+01 -1.000000000000000000e+00 1.032000000000000028e+01 5.230000000000000426e+00 8.820000000000000284e+00 4.459999999999999964e+00
1.680999999999999872e+01 1.042999999999999972e+01 -1.000000000000000000e+00 1.490000000000000036e+01 1.366000000000000014e+01 -1.000000000000000000e+00 1.034999999999999964e+01 5.219999999999999751e+00 8.769999999999999574e+00 4.389999999999999680e+00
1.685999999999999943e+01 1.046000000000000085e+01 -1.000000000000000000e+00 1.486999999999999922e+01 1.378999999999999915e+01 -1.000000000000000000e+00 1.030000000000000071e+01 5.209999999999999964e+00 8.759999999999999787e+00 4.400000000000000355e+00
1.685000000000000142e+01 1.047000000000000064e+01 -1.000000000000000000e+00 1.482000000000000028e+01 -1.000000000000000000e+00 -1.000000000000000000e+00 1.025000000000000000e+01 5.200000000000000178e+00 8.810000000000000497e+00 4.429999999999999716e+00
1.683999999999999986e+01 1.044999999999999929e+01 -1.000000000000000000e+00 1.488000000000000078e+01 1.368999999999999950e+01 -1.000000000000000000e+00 1.032000000000000028e+01 5.259999999999999787e+00 8.759999999999999787e+00 4.480000000000000426e+00
1.687999999999999901e+01 1.046000000000000085e+01 -1.000000000000000000e+00 1.489000000000000057e+01 1.374000000000000021e+01 -1.000000000000000000e+00 1.032000000000000028e+01 5.280000000000000249e+00 8.759999999999999787e+00 4.410000000000000142e+00
1.682000000000000028e+01 1.049000000000000021e+01 -1.000000000000000000e+00 1.484999999999999964e+01 1.376999999999999957e+01 -1.000000000000000000e+00 1.031000000000000050e+01 5.349999999999999645e+00 8.839999999999999858e+00 4.440000000000000391e+00
1.685000000000000142e+01 1.042999999999999972e+01 -1.000000000000000000e+00 1.484999999999999964e+01 1.376999999999999957e+01 -1.000000000000000000e+00 1.032000000000000028e+01 5.230000000000000426e+00 8.849999999999999645e+00 4.459999999999999964e+00
1.683999999999999986e+01 1.046000000000000085e+01 -1.000000000000000000e+00 1.484999999999999964e+01 1.375999999999999979e+01 -1.000000000000000000e+00 1.034999999999999964e+01 5.230000000000000426e+00 8.800000000000000711e+00 4.450000000000000178e+00
1.689000000000000057e+01 1.043999999999999950e+01 -1.000000000000000000e+00 1.483999999999999986e+01 1.366999999999999993e+01 -1.000000000000000000e+00 1.028999999999999915e+01 5.230000000000000426e+00 8.779999999999999361e+00 4.429999999999999716e+00
1.685000000000000142e+01 1.041000000000000014e+01 -1.000000000000000000e+00 1.483000000000000007e+01 1.368999999999999950e+01 -1.000000000000000000e+00 1.024000000000000021e+01 5.299999999999999822e+00 8.779999999999999361e+00 4.469999999999999751e+00
1.683999999999999986e+01 1.049000000000000021e+01 -1.000000000000000000e+00 1.489000000000000057e+01 1.376999999999999957e+01 -1.000000000000000000e+00 1.033999999999999986e+01 5.269999999999999574e+00 8.830000000000000071e+00 4.429999999999999716e+00
1.689000000000000057e+01 1.046000000000000085e+01 -1.000000000000000000e+00 1.482000000000000028e+01 1.376999999999999957e+01 -1.000000000000000000e+00 1.038000000000000078e+01 5.230000000000000426e+00 8.800000000000000711e+00 4.419999999999999929e+00
1.687999999999999901e+01 1.041000000000000014e+01 -1.000000000000000000e+00 1.486999999999999922e+01 1.368999999999999950e+01 -1.000000000000000000e+00 1.031000000000000050e+01 5.259999999999999787e+00 8.830000000000000071e+00 4.419999999999999929e+00
1.685000000000000142e+01 1.042999999999999972e+01 -1.000000000000000000e+00 1.490000000000000036e+01 1.369999999999999929e+01 -1.000000000000000000e+00 1.030000000000000071e+01 5.269999999999999574e+00 8.820000000000000284e+00 4.440000000000000391e+00
1.683999999999999986e+01 1.044999999999999929e+01 -1.000000000000000000e+00 1.485999999999999943e+01 1.375999999999999979e+01 -1.000000000000000000e+00 1.033999999999999986e+01 5.320000000000000284e+00 8.750000000000000000e+00 4.450000000000000178e+00
1.687000000000000099e+01 1.047000000000000064e+01 -1.000000000000000000e+00 1.485999999999999943e+01 1.367999999999999972e+01 -1.000000000000000000e+00 1.027999999999999936e+01 5.230000000000000426e+00 8.750000000000000000e+00 4.440000000000000391e+00
1.685999999999999943e+01 1.042999999999999972e+01 -1.000000000000000000e+00 1.484999999999999964e+01 1.375999999999999979e+01 -1.000000000000000000e+00 1.033999999999999986e+01 5.269999999999999574e+00 8.779999999999999361e+00 4.459999999999999964e+00
1.689000000000000057e+01 1.044999999999999929e+01 -1.000000000000000000e+00 1.485999999999999943e+01 1.374000000000000021e+01 -1.000000000000000000e+00 1.034999999999999964e+01 5.259999999999999787e+00 8.789999999999999147e+00 4.410000000000000142e+00
1.682000000000000028e+01 1.043999999999999950e+01 -1.000000000000000000e+00 1.483000000000000007e+01 1.374000000000000021e+01 -1.000000000000000000e+00 1.035999999999999943e+01 5.240000000000000213e+00 8.849999999999999645e+00 4.429999999999999716e+00
1.689999999999999858e+01 1.047000000000000064e+01 -1.000000000000000000e+00 1.486999999999999922e+01 1.377999999999999936e+01 -1.000000000000000000e+00 1.033000000000000007e+01 5.219999999999999751e+00 8.750000000000000000e+00 4.480000000000000426e+00
1.689000000000000057e+01 1.042999999999999972e+01 -1.000000000000000000e+00 1.486999999999999922e+01 1.369999999999999929e+01 -1.000000000000000000e+00 1.028999999999999915e+01 5.240000000000000213e+00 8.769999999999999574e+00 4.469999999999999751e+00
1.683999999999999986e+01 1.044999999999999929e+01 -1.000000000000000000e+00 1.488000000000000078e+01 1.375000000000000000e+01 -1.000000000000000000e+00 1.027999999999999936e+01 5.280000000000000249e+00 8.750000000000000000e+00 4.410000000000000142e+00
1.685000000000000142e+01 1.041999999999999993e+01 -1.000000000000000000e+00 1.485999999999999943e+01 1.374000000000000021e+01 -1.000000000000000000e+00 1.031000000000000050e+01 5.269999999999999574e+00 8.849999999999999645e+00 4.389999999999999680e+00
1.687999999999999901e+01 1.046000000000000085e+01 -1.000000000000000000e+00 1.486999999999999922e+01 1.375000000000000000e+01 -1.000000000000000000e+00 1.027999999999999936e+01 5.280000000000000249e+00 8.800000000000000711e+00 4.440000000000000391e+00
1.685000000000000142e+01 1.049000000000000021e+01 -1.000000000000000000e+00 1.484999999999999964e+01 1.381000000000000050e+01 -1.000000000000000000e+00 1.035999999999999943e+01 5.200000000000000178e+00 8.730000000000000426e+00 4.429999999999999716e+00
1.683999999999999986e+01 1.046000000000000085e+01 -1.000000000000000000e+00 1.485999999999999943e+01 1.384999999999999964e+01 -1.000000000000000000e+00 1.040000000000000036e+01 5.269999999999999574e+00 8.759999999999999787e+00 4.480000000000000426e+00
1.689000000000000057e+01 1.041000000000000014e+01 -1.000000000000000000e+00 1.486999999999999922e+01 1.375000000000000000e+01 -1.000000000000000000e+00 1.027999999999999936e+01 5.240000000000000213e+00 8.779999999999999361e+00 4.450000000000000178e+00
1.685999999999999943e+01 1.041999999999999993e+01 -1.000000000000000000e+00 1.488000000000000078e+01 1.371000000000000085e+01 -1.000000000000000000e+00 1.032000000000000028e+01 5.240000000000000213e+00 8.849999999999999645e+00 4.429999999999999716e+00
1.685999999999999943e+01 1.049000000000000021e+01 -1.000000000000000000e+00 1.484999999999999964e+01 1.367999999999999972e+01 -1.000000000000000000e+00 1.039000000000000057e+01 5.269999999999999574e+00 8.789999999999999147e+00 4.450000000000000178e+00
1.682999999999999829e+01 1.046000000000000085e+01 -1.000000000000000000e+00 1.483000000000000007e+01 1.374000000000000021e+01 -1.000000000000000000e+00 1.034999999999999964e+01 5.250000000000000000e+00 8.759999999999999787e+00 4.480000000000000426e+00
1.683999999999999986e+01 1.044999999999999929e+01 -1.000000000000000000e+00 1.485999999999999943e+01 1.382000000000000028e+01 -1.000000000000000000e+00 1.027999999999999936e+01 5.280000000000000249e+00 8.769999999999999574e+00 4.410000000000000142e+00
1.685999999999999943e+01 1.046000000000000085e+01 -1.000000000000000000e+00 1.483999999999999986e+01 1.369999999999999929e+01 -1.000000000000000000e+00 1.031000000000000050e+01 5.209999999999999964e+00 8.789999999999999147e+00 4.429999999999999716e+00
1.683999999999999986e+01 1.040000000000000036e+01 -1.000000000000000000e+00 1.489000000000000057e+01 1.375000000000000000e+01 -1.000000000000000000e+00 1.030000000000000071e+01 5.259999999999999787e+00 8.839999999999999858e+00 4.440000000000000391e+00
1.687000000000000099e+01 1.047000000000000064e+01 -1.000000000000000000e+00 1.488000000000000078e+01 1.373000000000000043e+01 -1.000000000000000000e+00 1.026999999999999957e+01 5.240000000000000213e+00 8.779999999999999361e+00 4.429999999999999716e+00
1.685999999999999943e+01 1.041999999999999993e+01 -1.000000000000000000e+00 1.485999999999999943e+01 1.378999999999999915e+01 -1.000000000000000000e+00 1.034999999999999964e+01 5.250000000000000000e+00 8.730000000000000426e+00 4.400000000000000355e+00
1.683999999999999986e+01 1.043999999999999950e+01 -1.000000000000000000e+00 1.483000000000000007e+01 1.375000000000000000e+01 -1.000000000000000000e+00 1.035999999999999943e+01 5.309999999999999609e+00 8.750000000000000000e+00 4.440000000000000391e+00
1.685999999999999943e+01 1.050000000000000000e+01 -1.000000000000000000e+00 1.484999999999999964e+01 1.375000000000000000e+01 -1.000000000000000000e+00 1.033000000000000007e+01 5.259999999999999787e+00 8.830000000000000071e+00 4.400000000000000355e+00
1.685000000000000142e+01 1.041999999999999993e+01 -1.000000000000000000e+00 1.485999999999999943e+01 1.380000000000000071e+01 -1.000000000000000000e+00 1.034999999999999964e+01 5.269999999999999574e+00 8.730000000000000426e+00 4.450000000000000178e+00
1.687999999999999901e+01 1.048000000000000043e+01 -1.000000000000000000e+00 1.486999999999999922e+01 1.375999999999999979e+01 -1.000000000000000000e+00 1.030000000000000071e+01 5.219999999999999751e+00 8.779999999999999361e+00 4.410000000000000142e+00
1.689000000000000057e+01 1.044999999999999929e+01 -1.000000000000000000e+00 1.485999999999999943e+01 1.376999999999999957e+01 -1.000000000000000000e+00 1.032000000000000028e+01 5.309999999999999609e+00 8.769999999999999574e+00 4.440000000000000391e+00
1.683999999999999986e+01 1.046000000000000085e+01 -1.000000000000000000e+00 1.485999999999999943e+01 1.375999999999999979e+01 -1.000000000000000000e+00 1.033000000000000007e+01 5.299999999999999822e+00 8.750000000000000000e+00 4.450000000000000178e+00
1.682000000000000028e+01 1.043999999999999950e+01 -1.000000000000000000e+00 1.481000000000000050e+01 1.374000000000000021e+01 -1.000000000000000000e+00 1.039000000000000057e+01 5.259999999999999787e+00 8.759999999999999787e+00 4.419999999999999929e+00
1.682999999999999829e+01 1.042999999999999972e+01 -1.000000000000000000e+00 1.488000000000000078e+01 1.376999999999999957e+01 -1.000000000000000000e+00 1.027999999999999936e+01 5.309999999999999609e+00 8.810000000000000497e+00 4.419999999999999929e+00
1.683999999999999986e+01 1.047000000000000064e+01 -1.000000000000000000e+00 1.483000000000000007e+01 1.371000000000000085e+01 -1.000000000000000000e+00 1.036999999999999922e+01 5.240000000000000213e+00 8.789999999999999147e+00 4.450000000000000178e+00
1.687999999999999901e+01 1.046000000000000085e+01 -1.000000000000000000e+00 1.482000000000000028e+01 1.373000000000000043e+01 -1.000000000000000000e+00 1.035999999999999943e+01 5.299999999999999822e+00 8.720000000000000639e+00 4.450000000000000178e+00
1.687000000000000099e+01 1.036999999999999922e+01 -1.000000000000000000e+00 1.486999999999999922e+01 1.373000000000000043e+01 -1.000000000000000000e+00 1.027999999999999936e+01 5.209999999999999964e+00 8.820000000000000284e+00 4.440000000000000391e+00
1.683999999999999986e+01 1.043999999999999950e+01 -1.000000000000000000e+00 1.486999999999999922e+01 1.373000000000000043e+01 -1.000000000000000000e+00 1.030000000000000071e+01 5.230000000000000426e+00 8.789999999999999147e+00 4.429999999999999716e+00
1.683999999999999986e+01 1.040000000000000036e+01 -1.000000000000000000e+00 1.486999999999999922e+01 1.371000000000000085e+01 -1.000000000000000000e+00 1.031000000000000050e+01 5.290000000000000036e+00 8.839999999999999858e+00 4.459999999999999964e+00
1.689000000000000057e+01 1.046000000000000085e+01 -1.000000000000000000e+00 1.483000000000000007e+01 1.367999999999999972e+01 -1.000000000000000000e+00 1.035999999999999943e+01 5.259999999999999787e+00 8.849999999999999645e+00 4.419999999999999929e+00
1.685999999999999943e+01 1.043999999999999950e+01 -1.000000000000000000e+00 1.483000000000000007e+01 1.371000000000000085e+01 -1.000000000000000000e+00 1.028999999999999915e+01 5.230000000000000426e+00 8.740000000000000213e+00 4.440000000000000391e+00
1.683999999999999986e+01 1.041000000000000014e+01 -1.000000000000000000e+00 1.485999999999999943e+01 1.372000000000000064e+01 -1.000000000000000000e+00 1.033000000000000007e+01 5.200000000000000178e+00 8.759999999999999787e+00 4.400000000000000355e+00
1.687000000000000099e+01 1.043999999999999950e+01 -1.000000000000000000e+00 1.486999999999999922e+01 1.373000000000000043e+01 -1.000000000000000000e+00 1.030000000000000071e+01 5.250000000000000000e+00 8.750000000000000000e+00 4.429999999999999716e+00
1.692999999999999972e+01 1.042999999999999972e+01 -1.000000000000000000e+00 1.484999999999999964e+01 1.373000000000000043e+01 -1.000000000000000000e+00 1.028999999999999915e+01 5.230000000000000426e+00 8.849999999999999645e+00 4.410000000000000142e+00
1.680999999999999872e+01 1.040000000000000036e+01 -1.000000000000000000e+00 1.485999999999999943e+01 1.377999999999999936e+01 -1.000000000000000000e+00 1.039000000000000057e+01 5.280000000000000249e+00 8.890000000000000568e+00 4.450000000000000178e+00
1.682999999999999829e+01 1.041999999999999993e+01 -1.000000000000000000e+00 1.483999999999999986e+01 1.365000000000000036e+01 -1.000000000000000000e+00 1.031000000000000050e+01 5.250000000000000000e+00 8.789999999999999147e+00 4.459999999999999964e+00
1.691000000000000014e+01 1.048000000000000043e+01 -1.000000000000000000e+00 1.484999999999999964e+01 1.375999999999999979e+01 -1.000000000000000000e+00 1.040000000000000036e+01 5.259999999999999787e+00 8.740000000000000213e+00 4.440000000000000391e+00
1.685999999999999943e+01 1.041999999999999993e+01 -1.000000000000000000e+00 1.490000000000000036e+01 1.371000000000000085e+01 -1.000000000000000000e+00 1.032000000000000028e+01 5.259999999999999787e+00 8.759999999999999787e+00 4.450000000000000178e+00
1.687000000000000099e+01 1.043999999999999950e+01 -1.000000000000000000e+00 1.491000000000000014e+01 1.371000000000000085e+01 -1.000000000000000000e+00 1.031000000000000050e+01 5.280000000000000249e+00 8.849999999999999645e+00 4.450000000000000178e+00
1.689000000000000057e+01 1.044999999999999929e+01 -1.000000000000000000e+00 1.483999999999999986e+01 1.375999999999999979e+01 -1.000000000000000000e+00 1.040000000000000036e+01 5.200000000000000178e+00 8.779999999999999361e+00 4.429999999999999716e+00
1.692999999999999972e+01 1.041999999999999993e+01 -1.000000000000000000e+00 1.483999999999999986e+01 1.371000000000000085e+01 -1.000000000000000000e+00 1.033000000000000007e+01 5.269999999999999574e+00 8.859999999999999432e+00 4.410000000000000142e+00
1.685000000000000142e+01 1.046000000000000085e+01 -1.000000000000000000e+00 1.483999999999999986e+01 1.372000000000000064e+01 -1.000000000000000000e+00 1.025000000000000000e+01 5.219999999999999751e+00 8.779999999999999361e+00 4.440000000000000391e+00
1.683999999999999986e+01 1.040000000000000036e+01 -1.000000000000000000e+00 1.483999999999999986e+01 1.374000000000000021e+01 -1.000000000000000000e+00 1.033999999999999986e+01 5.240000000000000213e+00 8.830000000000000071e+00 4.410000000000000142e+00
1.685000000000000142e+01 1.042999999999999972e+01 -1.000000000000000000e+00 1.485999999999999943e+01 1.367999999999999972e+01 -1.000000000000000000e+00 1.034999999999999964e+01 5.280000000000000249e+00 8.779999999999999361e+00 4.400000000000000355e+00
1.683999999999999986e+01 1.041000000000000014e+01 -1.000000000000000000e+00 1.484999999999999964e+01 1.371000000000000085e+01 -1.000000000000000000e+00 1.033000000000000007e+01 5.299999999999999822e+00 8.820000000000000284e+00 4.450000000000000178e+00
1.685999999999999943e+01 1.040000000000000036e+01 -1.000000000000000000e+00 1.484999999999999964e+01 1.369999999999999929e+01 -1.000000000000000000e+00 1.038000000000000078e+01 5.230000000000000426e+00 8.779999999999999361e+00 4.419999999999999929e+00
1.685000000000000142e+01 1.042999999999999972e+01 -1.000000000000000000e+00 1.488000000000000078e+01 1.374000000000000021e+01 -1.000000000000000000e+00 1.034999999999999964e+01 5.269999999999999574e+00 8.750000000000000000e+00 4.440000000000000391e+00
1.683999999999999986e+01 1.040000000000000036e+01 -1.000000000000000000e+00 1.485999999999999943e+01 1.371000000000000085e+01 -1.000000000000000000e+00 1.030000000000000071e+01 5.280000000000000249e+00 8.730000000000000426e+00 4.410000000000000142e+00
1.687999999999999901e+01 1.039000000000000057e+01 -1.000000000000000000e+00 1.486999999999999922e+01 1.376999999999999957e+01 -1.000000000000000000e+00 1.034999999999999964e+01 5.230000000000000426e+00 8.779999999999999361e+00 4.410000000000000142e+00
1.683999999999999986e+01 1.041999999999999993e+01 -1.000000000000000000e+00 1.484999999999999964e+01 1.374000000000000021e+01 -1.000000000000000000e+00 1.028999999999999915e+01 5.280000000000000249e+00 8.789999999999999147e+00 4.450000000000000178e+00
1.683999999999999986e+01 1.048000000000000043e+01 -1.000000000000000000e+00 1.483999999999999986e+01 1.375000000000000000e+01 -1.000000000000000000e+00 1.026999999999999957e+01 5.290000000000000036e+00 8.779999999999999361e+00 4.440000000000000391e+00
1.682999999999999829e+01 1.046000000000000085e+01 -1.000000000000000000e+00 1.489000000000000057e+01 1.365000000000000036e+01 -1.000000000000000000e+00 1.034999999999999964e+01 5.250000000000000000e+00 8.880000000000000782e+00 4.480000000000000426e+00
1.689999999999999858e+01 1.042999999999999972e+01 -1.000000000000000000e+00 1.486999999999999922e+01 1.373000000000000043e+01 -1.000000000000000000e+00 1.035999999999999943e+01 5.250000000000000000e+00 8.759999999999999787e+00 4.450000000000000178e+00
1.685999999999999943e+01 1.041000000000000014e+01 -1.000000000000000000e+00 1.481000000000000050e+01 1.368999999999999950e+01 -1.000000000000000000e+00 1.027999999999999936e+01 5.200000000000000178e+00 8.750000000000000000e+00 4.450000000000000178e+00
1.683999999999999986e+01 1.043999999999999950e+01 -1.000000000000000000e+00 1.488000000000000078e+01 1.375999999999999979e+01 -1.000000000000000000e+00 1.034999999999999964e+01 5.280000000000000249e+00 8.830000000000000071e+00 4.450000000000000178e+00
1.687000000000000099e+01 1.048000000000000043e+01 -1.000000000000000000e+00 1.482000000000000028e+01 1.372000000000000064e+01 -1.000000000000000000e+00 1.039000000000000057e+01 5.250000000000000000e+00 8.750000000000000000e+00 4.410000000000000142e+00
1.689000000000000057e+01 1.042999999999999972e+01 -1.000000000000000000e+00 1.489000000000000057e+01 1.375999999999999979e+01 -1.000000000000000000e+00 1.033000000000000007e+01 5.269999999999999574e+00 8.750000000000000000e+00 4.450000000000000178e+00
1.683999999999999986e+01 1.047000000000000064e+01 -1.000000000000000000e+00 1.488000000000000078e+01 1.375000000000000000e+01 -1.000000000000000000e+00 1.041000000000000014e+01 5.230000000000000426e+00 8.810000000000000497e+00 4.400000000000000355e+00
1.685999999999999943e+01 1.048000000000000043e+01 -1.000000000000000000e+00 1.484999999999999964e+01 1.376999999999999957e+01 -1.000000000000000000e+00 1.033000000000000007e+01 5.240000000000000213e+00 8.769999999999999574e+00 4.450000000000000178e+00
1.685000000000000142e+01 1.044999999999999929e+01 -1.000000000000000000e+00 1.485999999999999943e+01 1.373000000000000043e+01 -1.000000000000000000e+00 1.034999999999999964e+01 5.250000000000000000e+00 8.830000000000000071e+00 4.429999999999999716e+00
1.683999999999999986e+01 1.041000000000000014e+01 -1.000000000000000000e+00 1.489000000000000057e+01 1.375999999999999979e+01 -1.000000000000000000e+00 1.025000000000000000e+01 5.280000000000000249e+00 8.759999999999999787e+00 4.410000000000000142e+00
1.683999999999999986e+01 1.048000000000000043e+01 -1.000000000000000000e+00 1.480000000000000071e+01 1.373000000000000043e+01 -1.000000000000000000e+00 1.032000000000000028e+01 5.179999999999999716e+00 8.869999999999999218e+00 4.429999999999999716e+00
1.683999999999999986e+01 1.041999999999999993e+01 -1.000000000000000000e+00 1.485999999999999943e+01 1.374000000000000021e+01 -1.000000000000000000e+00 1.028999999999999915e+01 5.269999999999999574e+00 8.800000000000000711e+00 4.410000000000000142e+00
1.683999999999999986e+01 1.044999999999999929e+01 -1.000000000000000000e+00 1.486999999999999922e+01 1.373000000000000043e+01 -1.000000000000000000e+00 -1.000000000000000000e+00 5.269999999999999574e+00 8.740000000000000213e+00 4.419999999999999929e+00
1.685000000000000142e+01 1.043999999999999950e+01 -1.000000000000000000e+00 1.483000000000000007e+01 1.372000000000000064e+01 -1.000000000000000000e+00 1.040000000000000036e+01 5.269999999999999574e+00 8.800000000000000711e+00 4.440000000000000391e+00
1.685999999999999943e+01 1.041999999999999993e+01 -1.000000000000000000e+00 1.485999999999999943e+01 1.376999999999999957e+01 -1.000000000000000000e+00 1.027999999999999936e+01 5.250000000000000000e+00 8.800000000000000711e+00 4.450000000000000178e+00
1.685999999999999943e+01 1.038000000000000078e+01 -1.000000000000000000e+00 1.485999999999999943e+01 1.382000000000000028e+01 -1.000000000000000000e+00 1.033999999999999986e+01 5.230000000000000426e+00 8.759999999999999787e+00 4.429999999999999716e+00
1.687000000000000099e+01 1.039000000000000057e+01 -1.000000000000000000e+00 1.486999999999999922e+01 1.374000000000000021e+01 -1.000000000000000000e+00 1.025999999999999979e+01 5.269999999999999574e+00 8.769999999999999574e+00 4.429999999999999716e+00
