-1.000000000000000000e+00 -1.000000000000000000e+00 -1.000000000000000000e+00 -1.000000000000000000e+00 -1.000000000000000000e+00 -1.000000000000000000e+00 -1.000000000000000000e+00 -1.000000000000000000e+00 -1.000000000000000000e+00
-1.000000000000000000e+00 3.500000000000000000e+00 -1.000000000000000000e+00 1.891000000000000014e+01 -1.000000000000000000e+00 -1.000000000000000000e+00 9.269999999999999574e+00 -1.000000000000000000e+00 -1.000000000000000000e+00
-1.000000000000000000e+00 3.509999999999999787e+00 -1.000000000000000000e+00 -1.000000000000000000e+00 -1.000000000000000000e+00 -1.000000000000000000e+00 9.220000000000000639e+00 -1.000000000000000000e+00 -1.000000000000000000e+00
-1.000000000000000000e+00 3.540000000000000036e+00 -1.000000000000000000e+00 -1.000000000000000000e+00 -1.000000000000000000e+00 -1.000000000000000000e+00 9.279999999999999361e+00 -1.000000000000000000e+00 -1.000000000000000000e+00
-1.000000000000000000e+00 3.560000000000000053e+00 -1.000000000000000000e+00 1.896999999999999886e+01 -1.000000000000000000e+00 -1.000000000000000000e+00 9.279999999999999361e+00 -1.000000000000000000e+00 -1.000000000000000000e+00
-1.000000000000000000e+00 3.509999999999999787e+00 -1.000000000000000000e+00 1.891000000000000014e+01 -1.000000000000000000e+00 -1.000000000000000000e+00 9.169999999999999929e+00 -1.000000000000000000e+00 -1.000000000000000000e+00
-1.000000000000000000e+00 3.529999999999999805e+00 -1.000000000000000000e+00 1.901999999999999957e+01 -1.000000000000000000e+00 -1.000000000000000000e+00 9.220000000000000639e+00 -1.000000000000000000e+00 -1.000000000000000000e+00
-1.000000000000000000e+00 3.490000000000000213e+00 -1.000000000000000000e+00 1.889999999999999858e+01 -1.000000000000000000e+00 -1.000000000000000000e+00 9.230000000000000426e+00 -1.000000000000000000e+00 -1.000000000000000000e+00
-1.000000000000000000e+00 3.509999999999999787e+00 -1.000000000000000000e+00 1.905000000000000071e+01 -1.000000000000000000e+00 -1.000000000000000000e+00 9.210000000000000853e+00 -1.000000000000000000e+00 1.453999999999999915e+01
-1.000000000000000000e+00 3.459999999999999964e+00 -1.000000000000000000e+00 1.900000000000000000e+01 -1.000000000000000000e+00 -1.000000000000000000e+00 9.240000000000000213e+00 -1.000000000000000000e+00 -1.000000000000000000e+00
-1.000000000000000000e+00 3.509999999999999787e+00 -1.000000000000000000e+00 1.896000000000000085e+01 -1.000000000000000000e+00 -1.000000000000000000e+00 9.269999999999999574e+00 -1.000000000000000000e+00 1.458999999999999986e+01
-1.000000000000000000e+00 3.490000000000000213e+00 -1.000000000000000000e+00 1.898000000000000043e+01 -1.000000000000000000e+00 -1.000000000000000000e+00 9.230000000000000426e+00 -1.000000000000000000e+00 -1.000000000000000000e+00
-1.000000000000000000e+00 3.490000000000000213e+00 -1.000000000000000000e+00 1.907000000000000028e+01 -1.000000000000000000e+00 -1.000000000000000000e+00 9.179999999999999716e+00 -1.000000000000000000e+00 -1.000000000000000000e+00
-1.000000000000000000e+00 3.529999999999999805e+00 -1.000000000000000000e+00 -1.000000000000000000e+00 -1.000000000000000000e+00 -1.000000000000000000e+00 9.250000000000000000e+00 -1.000000000000000000e+00 1.434999999999999964e+01
-1.000000000000000000e+00 3.540000000000000036e+00 -1.000000000000000000e+00 -1.000000000000000000e+00 -1.000000000000000000e+00 -1.000000000000000000e+00 9.419999999999999929e+00 -1.000000000000000000e+00 -1.000000000000000000e+00
-1.000000000000000000e+00 3.529999999999999805e+00 -1.000000000000000000e+00 1.903999999999999915e+01 -1.000000000000000000e+00 -1.000000000000000000e+00 9.279999999999999361e+00 -1.000000000000000000e+00 -1.000000000000000000e+00
-1.000000000000000000e+00 3.549999999999999822e+00 -1.000000000000000000e+00 1.889999999999999858e+01 -1.000000000000000000e+00 -1.000000000000000000e+00 9.179999999999999716e+00 -1.000000000000000000e+00 1.426999999999999957e+01
-1.000000000000000000e+00 3.479999999999999982e+00 -1.000000000000000000e+00 1.907999999999999829e+01 -1.000000000000000000e+00 -1.000000000000000000e+00 9.279999999999999361e+00 -1.000000000000000000e+00 -1.000000000000000000e+00
-1.000000000000000000e+00 3.459999999999999964e+00 -1.000000000000000000e+00 1.901000000000000156e+01 -1.000000000000000000e+00 -1.000000000000000000e+00 9.179999999999999716e+00 -1.000000000000000000e+00 1.453999999999999915e+01
-1.000000000000000000e+00 3.450000000000000178e+00 -1.000000000000000000e+00 1.896000000000000085e+01 -1.000000000000000000e+00 -1.000000000000000000e+00 9.119999999999999218e+00 -1.000000000000000000e+00 1.450000000000000000e+01
-1.000000000000000000e+00 3.459999999999999964e+00 -1.000000000000000000e+00 1.898999999999999844e+01 -1.000000000000000000e+00 -1.000000000000000000e+00 9.189999999999999503e+00 -1.000000000000000000e+00 -1.000000000000000000e+00
-1.000000000000000000e+00 3.459999999999999964e+00 -1.000000000000000000e+00 1.903999999999999915e+01 -1.000000000000000000e+00 -1.000000000000000000e+00 9.080000000000000071e+00 -1.000000000000000000e+00 1.446000000000000085e+01
-1.000000000000000000e+00 3.540000000000000036e+00 -1.000000000000000000e+00 1.901000000000000156e+01 -1.000000000000000000e+00 -1.000000000000000000e+00 -1.000000000000000000e+00 -1.000000000000000000e+00 1.457000000000000028e+01
-1.000000000000000000e+00 3.500000000000000000e+00 -1.000000000000000000e+00 1.898000000000000043e+01 -1.000000000000000000e+00 -1.000000000000000000e+00 9.220000000000000639e+00 -1.000000000000000000e+00 -1.000000000000000000e+00
-1.000000000000000000e+00 3.509999999999999787e+00 -1.000000000000000000e+00 1.894000000000000128e+01 -1.000000000000000000e+00 -1.000000000000000000e+00 9.199999999999999289e+00 -1.000000000000000000e+00 -1.000000000000000000e+00
-1.000000000000000000e+00 3.509999999999999787e+00 -1.000000000000000000e+00 1.898000000000000043e+01 -1.000000000000000000e+00 -1.000000000000000000e+00 9.210000000000000853e+00 -1.000000000000000000e+00 -1.000000000000000000e+00
-1.000000000000000000e+00 3.470000000000000195e+00 -1.000000000000000000e+00 -1.000000000000000000e+00 -1.000000000000000000e+00 -1.000000000000000000e+00 9.179999999999999716e+00 -1.000000000000000000e+00 1.457000000000000028e+01
-1.000000000000000000e+00 3.459999999999999964e+00 -1.000000000000000000e+00 1.905999999999999872e+01 -1.000000000000000000e+00 -1.000000000000000000e+00 9.199999999999999289e+00 -1.000000000000000000e+00 -1.000000000000000000e+00
-1.000000000000000000e+00 3.490000000000000213e+00 -1.000000000000000000e+00 -1.000000000000000000e+00 -1.000000000000000000e+00 -1.000000000000000000e+00 9.210000000000000853e+00 -1.000000000000000000e+00 -1.000000000000000000e+00
-1.000000000000000000e+00 3.500000000000000000e+00 -1.000000000000000000e+00 1.896000000000000085e+01 -1.000000000000000000e+00 -1.000000000000000000e+00 9.220000000000000639e+00 -1.000000000000000000e+00 -1.000000000000000000e+00
-1.000000000000000000e+00 3.540000000000000036e+00 -1.000000000000000000e+00 1.898999999999999844e+01 -1.000000000000000000e+00 -1.000000000000000000e+00 9.300000000000000711e+00 -1.000000000000000000e+00 1.434999999999999964e+01
-1.000000000000000000e+00 3.490000000000000213e+00 -1.000000000000000000e+00 -1.000000000000000000e+00 -1.000000000000000000e+00 -1.000000000000000000e+00 9.210000000000000853e+00 -1.000000000000000000e+00 -1.000000000000000000e+00
-1.000000000000000000e+00 3.500000000000000000e+00 -1.000000000000000000e+00 1.892000000000000171e+01 -1.000000000000000000e+00 -1.000000000000000000e+00 9.119999999999999218e+00 -1.000000000000000000e+00 1.433000000000000007e+01
-1.000000000000000000e+00 3.459999999999999964e+00 -1.000000000000000000e+00 -1.000000000000000000e+00 -1.000000000000000000e+00 -1.000000000000000000e+00 9.150000000000000355e+00 -1.000000000000000000e+00 -1.000000000000000000e+00
-1.000000000000000000e+00 3.509999999999999787e+00 -1.000000000000000000e+00 -1.000000000000000000e+00 -1.000000000000000000e+00 -1.000000000000000000e+00 9.269999999999999574e+00 -1.000000000000000000e+00 -1.000000000000000000e+00
-1.000000000000000000e+00 3.520000000000000018e+00 -1.000000000000000000e+00 1.898999999999999844e+01 -1.000000000000000000e+00 -1.000000000000000000e+00 9.199999999999999289e+00 -1.000000000000000000e+00 -1.000000000000000000e+00
-1.000000000000000000e+00 3.529999999999999805e+00 -1.000000000000000000e+00 1.880999999999999872e+01 -1.000000000000000000e+00 -1.000000000000000000e+00 -1.000000000000000000e+00 -1.000000000000000000e+00 1.450999999999999979e+01
-1.000000000000000000e+00 3.490000000000000213e+00 -1.000000000000000000e+00 1.887999999999999901e+01 -1.000000000000000000e+00 -1.000000000000000000e+00 9.189999999999999503e+00 -1.000000000000000000e+00 1.460999999999999943e+01
-1.000000000000000000e+00 3.560000000000000053e+00 -1.000000000000000000e+00 1.892000000000000171e+01 -1.000000000000000000e+00 -1.000000000000000000e+00 -1.000000000000000000e+00 -1.000000000000000000e+00 1.453999999999999915e+01
-1.000000000000000000e+00 3.479999999999999982e+00 -1.000000000000000000e+00 1.894999999999999929e+01 -1.000000000000000000e+00 -1.000000000000000000e+00 -1.000000000000000000e+00 -1.000000000000000000e+00 1.425999999999999979e+01
-1.000000000000000000e+00 3.459999999999999964e+00 -1.000000000000000000e+00 1.894999999999999929e+01 -1.000000000000000000e+00 -1.000000000000000000e+00 9.230000000000000426e+00 -1.000000000000000000e+00 -1.000000000000000000e+00
-1.000000000000000000e+00 3.350000000000000089e+00 -1.000000000000000000e+00 1.896000000000000085e+01 -1.000000000000000000e+00 -1.000000000000000000e+00 -1.000000000000000000e+00 -1.000000000000000000e+00 1.441999999999999993e+01
-1.000000000000000000e+00 3.399999999999999911e+00 -1.000000000000000000e+00 1.896000000000000085e+01 -1.000000000000000000e+00 -1.000000000000000000e+00 -1.000000000000000000e+00 -1.000000000000000000e+00 1.453999999999999915e+01
-1.000000000000000000e+00 3.450000000000000178e+00 -1.000000000000000000e+00 1.907999999999999829e+01 -1.000000000000000000e+00 -1.000000000000000000e+00 -1.000000000000000000e+00 -1.000000000000000000e+00 1.451999999999999957e+01
-1.000000000000000000e+00 3.509999999999999787e+00 -1.000000000000000000e+00 1.892000000000000171e+01 -1.000000000000000000e+00 -1.000000000000000000e+00 -1.000000000000000000e+00 -1.000000000000000000e+00 1.448000000000000043e+01
-1.000000000000000000e+00 3.549999999999999822e+00 -1.000000000000000000e+00 1.887000000000000099e+01 -1.000000000000000000e+00 -1.000000000000000000e+00 -1.000000000000000000e+00 -1.000000000000000000e+00 1.450999999999999979e+01
-1.000000000000000000e+00 3.509999999999999787e+00 -1.000000000000000000e+00 1.903999999999999915e+01 -1.000000000000000000e+00 -1.000000000000000000e+00 -1.000000000000000000e+00 -1.000000000000000000e+00 1.439000000000000057e+01
-1.000000000000000000e+00 3.390000000000000124e+00 -1.000000000000000000e+00 1.894000000000000128e+01 -1.000000000000000000e+00 -1.000000000000000000e+00 -1.000000000000000000e+00 -1.000000000000000000e+00 1.452999999999999936e+01
-1.000000000000000000e+00 3.379999999999999893e+00 -1.000000000000000000e+00 1.907999999999999829e+01 -1.000000000000000000e+00 -1.000000000000000000e+00 -1.000000000000000000e+00 -1.000000000000000000e+00 1.456000000000000050e+01
-1.000000000000000000e+00 3.410000000000000142e+00 -1.000000000000000000e+00 1.894999999999999929e+01 -1.000000000000000000e+00 -1.000000000000000000e+00 -1.000000000000000000e+00 -1.000000000000000000e+00 1.451999999999999957e+01
-1.000000000000000000e+00 3.399999999999999911e+00 -1.000000000000000000e+00 1.887999999999999901e+01 -1.000000000000000000e+00 -1.000000000000000000e+00 -1.000000000000000000e+00 -1.000000000000000000e+00 1.441000000000000014e+01
-1.000000000000000000e+00 3.410000000000000142e+00 -1.000000000000000000e+00 -1.000000000000000000e+00 -1.000000000000000000e+00 -1.000000000000000000e+00 -1.000000000000000000e+00 -1.000000000000000000e+00 1.422000000000000064e+01
-1.000000000000000000e+00 3.450000000000000178e+00 -1.000000000000000000e+00 1.896999999999999886e+01 -1.000000000000000000e+00 -1.000000000000000000e+00 9.240000000000000213e+00 -1.000000000000000000e+00 -1.000000000000000000e+00
-1.000000000000000000e+00 3.450000000000000178e+00 -1.000000000000000000e+00 1.898000000000000043e+01 -1.000000000000000000e+00 -1.000000000000000000e+00 -1.000000000000000000e+00 -1.000000000000000000e+00 1.441999999999999993e+01
-1.000000000000000000e+00 3.430000000000000160e+00 -1.000000000000000000e+00 1.900000000000000000e+01 -1.000000000000000000e+00 -1.000000000000000000e+00 -1.000000000000000000e+00 -1.000000000000000000e+00 1.427999999999999936e+01
-1.000000000000000000e+00 3.459999999999999964e+00 -1.000000000000000000e+00 1.903000000000000114e+01 -1.000000000000000000e+00 -1.000000000000000000e+00 9.169999999999999929e+00 -1.000000000000000000e+00 1.456000000000000050e+01
-1.000000000000000000e+00 3.569999999999999840e+00 -1.000000000000000000e+00 1.885000000000000142e+01 -1.000000000000000000e+00 -1.000000000000000000e+00 -1.000000000000000000e+00 -1.000000000000000000e+00 1.439000000000000057e+01
-1.000000000000000000e+00 3.430000000000000160e+00 -1.000000000000000000e+00 1.894999999999999929e+01 -1.000000000000000000e+00 -1.000000000000000000e+00 9.109999999999999432e+00 -1.000000000000000000e+00 1.426999999999999957e+01
-1.000000000000000000e+00 3.350000000000000089e+00 -1.000000000000000000e+00 1.894000000000000128e+01 -1.000000000000000000e+00 -1.000000000000000000e+00 9.169999999999999929e+00 -1.000000000000000000e+00 -1.000000000000000000e+00
-1.000000000000000000e+00 3.370000000000000107e+00 -1.000000000000000000e+00 1.901999999999999957e+01 -1.000000000000000000e+00 -1.000000000000000000e+00 9.119999999999999218e+00 -1.000000000000000000e+00 -1.000000000000000000e+00
-1.000000000000000000e+00 3.470000000000000195e+00 -1.000000000000000000e+00 1.898000000000000043e+01 -1.000000000000000000e+00 -1.000000000000000000e+00 9.119999999999999218e+00 -1.000000000000000000e+00 -1.000000000000000000e+00
-1.000000000000000000e+00 3.479999999999999982e+00 -1.000000000000000000e+00 1.908999999999999986e+01 -1.000000000000000000e+00 -1.000000000000000000e+00 9.179999999999999716e+00 -1.000000000000000000e+00 -1.000000000000000000e+00
-1.000000000000000000e+00 3.470000000000000195e+00 -1.000000000000000000e+00 1.885999999999999943e+01 -1.000000000000000000e+00 -1.000000000000000000e+00 9.220000000000000639e+00 -1.000000000000000000e+00 -1.000000000000000000e+00
-1.000000000000000000e+00 3.450000000000000178e+00 -1.000000000000000000e+00 1.901999999999999957e+01 -1.000000000000000000e+00 -1.000000000000000000e+00 9.150000000000000355e+00 -1.000000000000000000e+00 -1.000000000000000000e+00
-1.000000000000000000e+00 3.459999999999999964e+00 -1.000000000000000000e+00 1.905999999999999872e+01 -1.000000000000000000e+00 -1.000000000000000000e+00 9.119999999999999218e+00 -1.000000000000000000e+00 -1.000000000000000000e+00
-1.000000000000000000e+00 3.479999999999999982e+00 -1.000000000000000000e+00 1.892999999999999972e+01 -1.000000000000000000e+00 -1.000000000000000000e+00 9.179999999999999716e+00 -1.000000000000000000e+00 -1.000000000000000000e+00
-1.000000000000000000e+00 3.399999999999999911e+00 -1.000000000000000000e+00 1.891000000000000014e+01 -1.000000000000000000e+00 -1.000000000000000000e+00 9.119999999999999218e+00 -1.000000000000000000e+00 -1.000000000000000000e+00
-1.000000000000000000e+00 3.410000000000000142e+00 -1.000000000000000000e+00 1.892000000000000171e+01 -1.000000000000000000e+00 -1.000000000000000000e+00 -1.000000000000000000e+00 -1.000000000000000000e+00 1.451999999999999957e+01
-1.000000000000000000e+00 3.390000000000000124e+00 -1.000000000000000000e+00 1.898999999999999844e+01 -1.000000000000000000e+00 -1.000000000000000000e+00 9.140000000000000568e+00 -1.000000000000000000e+00 1.455000000000000071e+01
-1.000000000000000000e+00 3.419999999999999929e+00 -1.000000000000000000e+00 1.907999999999999829e+01 -1.000000000000000000e+00 -1.000000000000000000e+00 9.220000000000000639e+00 -1.000000000000000000e+00 1.434999999999999964e+01
-1.000000000000000000e+00 3.350000000000000089e+00 -1.000000000000000000e+00 1.903999999999999915e+01 -1.000000000000000000e+00 -1.000000000000000000e+00 9.199999999999999289e+00 -1.000000000000000000e+00 1.459999999999999964e+01
-1.000000000000000000e+00 3.390000000000000124e+00 -1.000000000000000000e+00 1.892000000000000171e+01 -1.000000000000000000e+00 -1.000000000000000000e+00 9.169999999999999929e+00 -1.000000000000000000e+00 -1.000000000000000000e+00
-1.000000000000000000e+00 3.370000000000000107e+00 -1.000000000000000000e+00 1.894000000000000128e+01 -1.000000000000000000e+00 -1.000000000000000000e+00 9.140000000000000568e+00 -1.000000000000000000e+00 -1.000000000000000000e+00
-1.000000000000000000e+00 3.390000000000000124e+00 -1.000000000000000000e+00 1.894999999999999929e+01 -1.000000000000000000e+00 -1.000000000000000000e+00 9.109999999999999432e+00 -1.000000000000000000e+00 1.434999999999999964e+01
-1.000000000000000000e+00 3.439999999999999947e+00 -1.000000000000000000e+00 1.905000000000000071e+01 -1.000000000000000000e+00 -1.000000000000000000e+00 9.210000000000000853e+00 -1.000000000000000000e+00 -1.000000000000000000e+00
-1.000000000000000000e+00 3.450000000000000178e+00 -1.000000000000000000e+00 1.896000000000000085e+01 -1.000000000000000000e+00 -1.000000000000000000e+00 9.169999999999999929e+00 -1.000000000000000000e+00 1.433999999999999986e+01
-1.000000000000000000e+00 3.459999999999999964e+00 -1.000000000000000000e+00 -1.000000000000000000e+00 -1.000000000000000000e+00 -1.000000000000000000e+00 9.189999999999999503e+00 -1.000000000000000000e+00 -1.000000000000000000e+00
-1.000000000000000000e+00 3.430000000000000160e+00 -1.000000000000000000e+00 -1.000000000000000000e+00 -1.000000000000000000e+00 -1.000000000000000000e+00 9.240000000000000213e+00 -1.000000000000000000e+00 -1.000000000000000000e+00
-1.000000000000000000e+00 3.490000000000000213e+00 -1.000000000000000000e+00 1.898000000000000043e+01 -1.000000000000000000e+00 -1.000000000000000000e+00 9.259999999999999787e+00 -1.000000000000000000e+00 -1.000000000000000000e+00
-1.000000000000000000e+00 3.549999999999999822e+00 -1.000000000000000000e+00 1.900000000000000000e+01 -1.000000000000000000e+00 -1.000000000000000000e+00 9.169999999999999929e+00 -1.000000000000000000e+00 1.459999999999999964e+01
-1.000000000000000000e+00 3.509999999999999787e+00 -1.000000000000000000e+00 1.903000000000000114e+01 -1.000000000000000000e+00 -1.000000000000000000e+00 9.160000000000000142e+00 -1.000000000000000000e+00 -1.000000000000000000e+00
-1.000000000000000000e+00 3.450000000000000178e+00 -1.000000000000000000e+00 1.885999999999999943e+01 -1.000000000000000000e+00 -1.000000000000000000e+00 9.140000000000000568e+00 -1.000000000000000000e+00 1.458000000000000007e+01
-1.000000000000000000e+00 3.459999999999999964e+00 -1.000000000000000000e+00 1.885000000000000142e+01 -1.000000000000000000e+00 -1.000000000000000000e+00 9.140000000000000568e+00 -1.000000000000000000e+00 1.458000000000000007e+01
-1.000000000000000000e+00 3.450000000000000178e+00 -1.000000000000000000e+00 1.894000000000000128e+01 -1.000000000000000000e+00 -1.000000000000000000e+00 9.199999999999999289e+00 -1.000000000000000000e+00 1.428999999999999915e+01
-1.000000000000000000e+00 3.419999999999999929e+00 -1.000000000000000000e+00 -1.000000000000000000e+00 -1.000000000000000000e+00 -1.000000000000000000e+00 9.289999999999999147e+00 -1.000000000000000000e+00 -1.000000000000000000e+00
-1.000000000000000000e+00 3.479999999999999982e+00 -1.000000000000000000e+00 1.892000000000000171e+01 -1.000000000000000000e+00 -1.000000000000000000e+00 9.210000000000000853e+00 -1.000000000000000000e+00 1.441000000000000014e+01
-1.000000000000000000e+00 3.459999999999999964e+00 -1.000000000000000000e+00 1.901000000000000156e+01 -1.000000000000000000e+00 -1.000000000000000000e+00 9.269999999999999574e+00 -1.000000000000000000e+00 1.435999999999999943e+01
-1.000000000000000000e+00 3.439999999999999947e+00 -1.000000000000000000e+00 1.898000000000000043e+01 -1.000000000000000000e+00 -1.000000000000000000e+00 9.210000000000000853e+00 -1.000000000000000000e+00 1.447000000000000064e+01
-1.000000000000000000e+00 3.410000000000000142e+00 -1.000000000000000000e+00 1.896999999999999886e+01 -1.000000000000000000e+00 -1.000000000000000000e+00 9.160000000000000142e+00 -1.000000000000000000e+00 1.458000000000000007e+01
-1.000000000000000000e+00 3.410000000000000142e+00 -1.000000000000000000e+00 1.891000000000000014e+01 -1.000000000000000000e+00 -1.000000000000000000e+00 9.109999999999999432e+00 -1.000000000000000000e+00 1.414000000000000057e+01
-1.000000000000000000e+00 3.450000000000000178e+00 -1.000000000000000000e+00 1.901000000000000156e+01 -1.000000000000000000e+00 -1.000000000000000000e+00 9.109999999999999432e+00 -1.000000000000000000e+00 1.438000000000000078e+01
-1.000000000000000000e+00 3.399999999999999911e+00 -1.000000000000000000e+00 1.894999999999999929e+01 -1.000000000000000000e+00 -1.000000000000000000e+00 9.179999999999999716e+00 -1.000000000000000000e+00 1.453999999999999915e+01
-1.000000000000000000e+00 3.459999999999999964e+00 -1.000000000000000000e+00 1.905000000000000071e+01 -1.000000000000000000e+00 -1.000000000000000000e+00 9.109999999999999432e+00 -1.000000000000000000e+00 -1.000000000000000000e+00
-1.000000000000000000e+00 3.479999999999999982e+00 -1.000000000000000000e+00 1.896000000000000085e+01 -1.000000000000000000e+00 -1.000000000000000000e+00 9.169999999999999929e+00 -1.000000000000000000e+00 1.457000000000000028e+01
-1.000000000000000000e+00 3.490000000000000213e+00 -1.000000000000000000e+00 1.896000000000000085e+01 -1.000000000000000000e+00 -1.000000000000000000e+00 9.160000000000000142e+00 -1.000000000000000000e+00 -1.000000000000000000e+00
-1.000000000000000000e+00 3.439999999999999947e+00 -1.000000000000000000e+00 1.891000000000000014e+01 -1.000000000000000000e+00 -1.000000000000000000e+00 9.150000000000000355e+00 -1.000000000000000000e+00 -1.000000000000000000e+00
-1.000000000000000000e+00 3.509999999999999787e+00 -1.000000000000000000e+00 1.896000000000000085e+01 -1.000000000000000000e+00 -1.000000000000000000e+00 9.140000000000000568e+00 -1.000000000000000000e+00 1.458999999999999986e+01
-1.000000000000000000e+00 3.410000000000000142e+00 -1.000000000000000000e+00 1.889000000000000057e+01 -1.000000000000000000e+00 -1.000000000000000000e+00 9.150000000000000355e+00 -1.000000000000000000e+00 -1.000000000000000000e+00
-1.000000000000000000e+00 3.500000000000000000e+00 -1.000000000000000000e+00 1.891000000000000014e+01 -1.000000000000000000e+00 -1.000000000000000000e+00 9.199999999999999289e+00 -1.000000000000000000e+00 1.452999999999999936e+01
-1.000000000000000000e+00 3.490000000000000213e+00 -1.000000000000000000e+00 1.898000000000000043e+01 -1.000000000000000000e+00 -1.000000000000000000e+00 9.150000000000000355e+00 -1.000000000000000000e+00 1.434999999999999964e+01
