-1.000000000000000000e+00 -1.000000000000000000e+00 -1.000000000000000000e+00 -1.000000000000000000e+00 -1.000000000000000000e+00 -1.000000000000000000e+00 -1.000000000000000000e+00 -1.000000000000000000e+00 -1.000000000000000000e+00
-1.000000000000000000e+00 -1.000000000000000000e+00 -1.000000000000000000e+00 -1.000000000000000000e+00 1.252999999999999936e+01 1.428999999999999915e+01 4.809999999999999609e+00 6.469999999999999751e+00 -1.000000000000000000e+00
-1.000000000000000000e+00 -1.000000000000000000e+00 -1.000000000000000000e+00 -1.000000000000000000e+00 1.253999999999999915e+01 1.433999999999999986e+01 4.700000000000000178e+00 6.519999999999999574e+00 -1.000000000000000000e+00
-1.000000000000000000e+00 -1.000000000000000000e+00 -1.000000000000000000e+00 -1.000000000000000000e+00 1.244999999999999929e+01 1.433000000000000007e+01 4.959999999999999964e+00 6.480000000000000426e+00 -1.000000000000000000e+00
-1.000000000000000000e+00 -1.000000000000000000e+00 -1.000000000000000000e+00 -1.000000000000000000e+00 1.206000000000000050e+01 1.432000000000000028e+01 4.940000000000000391e+00 6.469999999999999751e+00 -1.000000000000000000e+00
-1.000000000000000000e+00 -1.000000000000000000e+00 -1.000000000000000000e+00 -1.000000000000000000e+00 -1.000000000000000000e+00 1.425000000000000000e+01 4.969999999999999751e+00 6.540000000000000036e+00 -1.000000000000000000e+00
-1.000000000000000000e+00 -1.000000000000000000e+00 -1.000000000000000000e+00 -1.000000000000000000e+00 1.300000000000000000e+01 1.439000000000000057e+01 4.959999999999999964e+00 6.610000000000000320e+00 -1.000000000000000000e+00
-1.000000000000000000e+00 -1.000000000000000000e+00 -1.000000000000000000e+00 -1.000000000000000000e+00 1.248000000000000043e+01 1.431000000000000050e+01 4.919999999999999929e+00 6.440000000000000391e+00 -1.000000000000000000e+00
-1.000000000000000000e+00 -1.000000000000000000e+00 -1.000000000000000000e+00 -1.000000000000000000e+00 1.252999999999999936e+01 1.438000000000000078e+01 4.750000000000000000e+00 6.530000000000000249e+00 -1.000000000000000000e+00
-1.000000000000000000e+00 -1.000000000000000000e+00 -1.000000000000000000e+00 -1.000000000000000000e+00 -1.000000000000000000e+00 1.427999999999999936e+01 4.879999999999999893e+00 6.509999999999999787e+00 -1.000000000000000000e+00
-1.000000000000000000e+00 -1.000000000000000000e+00 -1.000000000000000000e+00 -1.000000000000000000e+00 -1.000000000000000000e+00 1.439000000000000057e+01 5.009999999999999787e+00 6.559999999999999609e+00 -1.000000000000000000e+00
-1.000000000000000000e+00 -1.000000000000000000e+00 -1.000000000000000000e+00 -1.000000000000000000e+00 -1.000000000000000000e+00 1.424000000000000021e+01 4.620000000000000107e+00 6.519999999999999574e+00 -1.000000000000000000e+00
-1.000000000000000000e+00 -1.000000000000000000e+00 -1.000000000000000000e+00 -1.000000000000000000e+00 1.260999999999999943e+01 1.438000000000000078e+01 4.940000000000000391e+00 6.519999999999999574e+00 -1.000000000000000000e+00
-1.000000000000000000e+00 -1.000000000000000000e+00 -1.000000000000000000e+00 -1.000000000000000000e+00 1.198000000000000043e+01 1.436999999999999922e+01 4.940000000000000391e+00 6.500000000000000000e+00 -1.000000000000000000e+00
-1.000000000000000000e+00 -1.000000000000000000e+00 -1.000000000000000000e+00 -1.000000000000000000e+00 1.250999999999999979e+01 1.427999999999999936e+01 5.019999999999999574e+00 6.519999999999999574e+00 -1.000000000000000000e+00
-1.000000000000000000e+00 -1.000000000000000000e+00 -1.000000000000000000e+00 -1.000000000000000000e+00 1.259999999999999964e+01 1.433000000000000007e+01 4.940000000000000391e+00 6.459999999999999964e+00 -1.000000000000000000e+00
-1.000000000000000000e+00 -1.000000000000000000e+00 -1.000000000000000000e+00 -1.000000000000000000e+00 1.252999999999999936e+01 1.431000000000000050e+01 5.000000000000000000e+00 6.459999999999999964e+00 -1.000000000000000000e+00
-1.000000000000000000e+00 -1.000000000000000000e+00 -1.000000000000000000e+00 -1.000000000000000000e+00 1.250999999999999979e+01 1.425000000000000000e+01 4.980000000000000426e+00 6.570000000000000284e+00 -1.000000000000000000e+00
-1.000000000000000000e+00 -1.000000000000000000e+00 -1.000000000000000000e+00 -1.000000000000000000e+00 1.199000000000000021e+01 1.436999999999999922e+01 4.830000000000000071e+00 6.540000000000000036e+00 -1.000000000000000000e+00
-1.000000000000000000e+00 -1.000000000000000000e+00 -1.000000000000000000e+00 -1.000000000000000000e+00 -1.000000000000000000e+00 1.432000000000000028e+01 4.959999999999999964e+00 6.429999999999999716e+00 -1.000000000000000000e+00
-1.000000000000000000e+00 -1.000000000000000000e+00 -1.000000000000000000e+00 -1.000000000000000000e+00 1.257000000000000028e+01 1.426999999999999957e+01 4.969999999999999751e+00 6.490000000000000213e+00 -1.000000000000000000e+00
-1.000000000000000000e+00 -1.000000000000000000e+00 -1.000000000000000000e+00 -1.000000000000000000e+00 1.246000000000000085e+01 1.435999999999999943e+01 4.809999999999999609e+00 6.459999999999999964e+00 -1.000000000000000000e+00
-1.000000000000000000e+00 -1.000000000000000000e+00 -1.000000000000000000e+00 -1.000000000000000000e+00 -1.000000000000000000e+00 1.423000000000000043e+01 4.870000000000000107e+00 6.459999999999999964e+00 -1.000000000000000000e+00
-1.000000000000000000e+00 -1.000000000000000000e+00 -1.000000000000000000e+00 -1.000000000000000000e+00 1.255000000000000071e+01 1.433999999999999986e+01 4.919999999999999929e+00 6.530000000000000249e+00 -1.000000000000000000e+00
-1.000000000000000000e+00 -1.000000000000000000e+00 -1.000000000000000000e+00 -1.000000000000000000e+00 1.253999999999999915e+01 1.436999999999999922e+01 4.940000000000000391e+00 6.519999999999999574e+00 -1.000000000000000000e+00
-1.000000000000000000e+00 -1.000000000000000000e+00 -1.000000000000000000e+00 -1.000000000000000000e+00 -1.000000000000000000e+00 1.433999999999999986e+01 4.650000000000000355e+00 6.519999999999999574e+00 -1.000000000000000000e+00
-1.000000000000000000e+00 -1.000000000000000000e+00 -1.000000000000000000e+00 -1.000000000000000000e+00 1.239000000000000057e+01 1.432000000000000028e+01 5.089999999999999858e+00 6.500000000000000000e+00 -1.000000000000000000e+00
-1.000000000000000000e+00 -1.000000000000000000e+00 -1.000000000000000000e+00 -1.000000000000000000e+00 1.255000000000000071e+01 1.433999999999999986e+01 5.030000000000000249e+00 6.450000000000000178e+00 -1.000000000000000000e+00
-1.000000000000000000e+00 -1.000000000000000000e+00 -1.000000000000000000e+00 -1.000000000000000000e+00 1.249000000000000021e+01 1.425999999999999979e+01 4.919999999999999929e+00 6.480000000000000426e+00 -1.000000000000000000e+00
-1.000000000000000000e+00 -1.000000000000000000e+00 -1.000000000000000000e+00 -1.000000000000000000e+00 1.244999999999999929e+01 1.435999999999999943e+01 5.059999999999999609e+00 6.450000000000000178e+00 -1.000000000000000000e+00
-1.000000000000000000e+00 -1.000000000000000000e+00 -1.000000000000000000e+00 -1.000000000000000000e+00 -1.000000000000000000e+00 1.431000000000000050e+01 4.870000000000000107e+00 6.519999999999999574e+00 -1.000000000000000000e+00
-1.000000000000000000e+00 -1.000000000000000000e+00 -1.000000000000000000e+00 -1.000000000000000000e+00 1.296000000000000085e+01 1.424000000000000021e+01 4.809999999999999609e+00 6.500000000000000000e+00 -1.000000000000000000e+00
-1.000000000000000000e+00 -1.000000000000000000e+00 -1.000000000000000000e+00 -1.000000000000000000e+00 1.302999999999999936e+01 1.435999999999999943e+01 4.870000000000000107e+00 6.530000000000000249e+00 -1.000000000000000000e+00
-1.000000000000000000e+00 -1.000000000000000000e+00 -1.000000000000000000e+00 -1.000000000000000000e+00 1.246000000000000085e+01 1.434999999999999964e+01 4.790000000000000036e+00 6.549999999999999822e+00 -1.000000000000000000e+00
-1.000000000000000000e+00 -1.000000000000000000e+00 -1.000000000000000000e+00 -1.000000000000000000e+00 1.255000000000000071e+01 1.426999999999999957e+01 4.490000000000000213e+00 6.509999999999999787e+00 -1.000000000000000000e+00
-1.000000000000000000e+00 -1.000000000000000000e+00 -1.000000000000000000e+00 -1.000000000000000000e+00 1.251999999999999957e+01 1.428999999999999915e+01 4.940000000000000391e+00 6.389999999999999680e+00 -1.000000000000000000e+00
-1.000000000000000000e+00 -1.000000000000000000e+00 -1.000000000000000000e+00 -1.000000000000000000e+00 1.300999999999999979e+01 1.426999999999999957e+01 4.559999999999999609e+00 6.519999999999999574e+00 -1.000000000000000000e+00
-1.000000000000000000e+00 -1.000000000000000000e+00 -1.000000000000000000e+00 -1.000000000000000000e+00 -1.000000000000000000e+00 1.440000000000000036e+01 5.019999999999999574e+00 6.440000000000000391e+00 -1.000000000000000000e+00
-1.000000000000000000e+00 -1.000000000000000000e+00 -1.000000000000000000e+00 -1.000000000000000000e+00 1.305000000000000071e+01 1.431000000000000050e+01 4.820000000000000284e+00 6.309999999999999609e+00 -1.000000000000000000e+00
-1.000000000000000000e+00 -1.000000000000000000e+00 -1.000000000000000000e+00 -1.000000000000000000e+00 1.309999999999999964e+01 1.431000000000000050e+01 4.879999999999999893e+00 6.459999999999999964e+00 -1.000000000000000000e+00
-1.000000000000000000e+00 -1.000000000000000000e+00 -1.000000000000000000e+00 -1.000000000000000000e+00 1.248000000000000043e+01 1.438000000000000078e+01 4.900000000000000355e+00 6.459999999999999964e+00 -1.000000000000000000e+00
-1.000000000000000000e+00 -1.000000000000000000e+00 -1.000000000000000000e+00 -1.000000000000000000e+00 1.303999999999999915e+01 1.434999999999999964e+01 4.839999999999999858e+00 6.519999999999999574e+00 -1.000000000000000000e+00
-1.000000000000000000e+00 -1.000000000000000000e+00 -1.000000000000000000e+00 -1.000000000000000000e+00 1.307000000000000028e+01 1.425000000000000000e+01 5.070000000000000284e+00 6.509999999999999787e+00 -1.000000000000000000e+00
-1.000000000000000000e+00 -1.000000000000000000e+00 -1.000000000000000000e+00 -1.000000000000000000e+00 1.250000000000000000e+01 1.431000000000000050e+01 5.030000000000000249e+00 6.500000000000000000e+00 -1.000000000000000000e+00
-1.000000000000000000e+00 -1.000000000000000000e+00 -1.000000000000000000e+00 -1.000000000000000000e+00 -1.000000000000000000e+00 1.433000000000000007e+01 4.740000000000000213e+00 -1.000000000000000000e+00 -1.000000000000000000e+00
-1.000000000000000000e+00 -1.000000000000000000e+00 -1.000000000000000000e+00 -1.000000000000000000e+00 -1.000000000000000000e+00 1.439000000000000057e+01 4.669999999999999929e+00 -1.000000000000000000e+00 -1.000000000000000000e+00
-1.000000000000000000e+00 -1.000000000000000000e+00 -1.000000000000000000e+00 -1.000000000000000000e+00 1.247000000000000064e+01 1.430000000000000071e+01 5.030000000000000249e+00 6.459999999999999964e+00 -1.000000000000000000e+00
-1.000000000000000000e+00 -1.000000000000000000e+00 -1.000000000000000000e+00 -1.000000000000000000e+00 1.257000000000000028e+01 1.440000000000000036e+01 4.919999999999999929e+00 6.549999999999999822e+00 -1.000000000000000000e+00
-1.000000000000000000e+00 -1.000000000000000000e+00 -1.000000000000000000e+00 -1.000000000000000000e+00 1.258999999999999986e+01 1.433000000000000007e+01 4.910000000000000142e+00 6.549999999999999822e+00 -1.000000000000000000e+00
-1.000000000000000000e+00 -1.000000000000000000e+00 -1.000000000000000000e+00 -1.000000000000000000e+00 1.303999999999999915e+01 1.434999999999999964e+01 4.830000000000000071e+00 6.530000000000000249e+00 -1.000000000000000000e+00
-1.000000000000000000e+00 -1.000000000000000000e+00 -1.000000000000000000e+00 -1.000000000000000000e+00 1.256000000000000050e+01 1.433999999999999986e+01 4.969999999999999751e+00 6.450000000000000178e+00 -1.000000000000000000e+00
-1.000000000000000000e+00 -1.000000000000000000e+00 -1.000000000000000000e+00 -1.000000000000000000e+00 1.256000000000000050e+01 1.439000000000000057e+01 5.000000000000000000e+00 6.500000000000000000e+00 -1.000000000000000000e+00
-1.000000000000000000e+00 -1.000000000000000000e+00 -1.000000000000000000e+00 -1.000000000000000000e+00 1.299000000000000021e+01 1.428999999999999915e+01 4.750000000000000000e+00 6.500000000000000000e+00 -1.000000000000000000e+00
-1.000000000000000000e+00 -1.000000000000000000e+00 -1.000000000000000000e+00 -1.000000000000000000e+00 1.308000000000000007e+01 1.435999999999999943e+01 4.919999999999999929e+00 6.519999999999999574e+00 -1.000000000000000000e+00
-1.000000000000000000e+00 -1.000000000000000000e+00 -1.000000000000000000e+00 -1.000000000000000000e+00 -1.000000000000000000e+00 1.441999999999999993e+01 5.049999999999999822e+00 6.469999999999999751e+00 -1.000000000000000000e+00
-1.000000000000000000e+00 -1.000000000000000000e+00 -1.000000000000000000e+00 -1.000000000000000000e+00 1.300000000000000000e+01 1.430000000000000071e+01 4.730000000000000426e+00 6.500000000000000000e+00 -1.000000000000000000e+00
-1.000000000000000000e+00 -1.000000000000000000e+00 -1.000000000000000000e+00 -1.000000000000000000e+00 1.253999999999999915e+01 1.426999999999999957e+01 5.049999999999999822e+00 6.530000000000000249e+00 -1.000000000000000000e+00
-1.000000000000000000e+00 -1.000000000000000000e+00 -1.000000000000000000e+00 -1.000000000000000000e+00 1.308999999999999986e+01 1.433999999999999986e+01 4.839999999999999858e+00 6.500000000000000000e+00 -1.000000000000000000e+00
-1.000000000000000000e+00 -1.000000000000000000e+00 -1.000000000000000000e+00 -1.000000000000000000e+00 1.263000000000000078e+01 1.436999999999999922e+01 4.959999999999999964e+00 6.459999999999999964e+00 -1.000000000000000000e+00
-1.000000000000000000e+00 -1.000000000000000000e+00 -1.000000000000000000e+00 -1.000000000000000000e+00 1.291999999999999993e+01 1.433999999999999986e+01 4.940000000000000391e+00 6.500000000000000000e+00 -1.000000000000000000e+00
-1.000000000000000000e+00 -1.000000000000000000e+00 -1.000000000000000000e+00 -1.000000000000000000e+00 -1.000000000000000000e+00 1.433999999999999986e+01 4.809999999999999609e+00 6.540000000000000036e+00 -1.000000000000000000e+00
-1.000000000000000000e+00 -1.000000000000000000e+00 -1.000000000000000000e+00 -1.000000000000000000e+00 1.251999999999999957e+01 1.430000000000000071e+01 5.030000000000000249e+00 6.490000000000000213e+00 -1.000000000000000000e+00
-1.000000000000000000e+00 -1.000000000000000000e+00 -1.000000000000000000e+00 -1.000000000000000000e+00 1.308000000000000007e+01 1.431000000000000050e+01 4.950000000000000178e+00 -1.000000000000000000e+00 -1.000000000000000000e+00
-1.000000000000000000e+00 -1.000000000000000000e+00 -1.000000000000000000e+00 -1.000000000000000000e+00 1.302999999999999936e+01 1.433000000000000007e+01 4.889999999999999680e+00 6.410000000000000142e+00 -1.000000000000000000e+00
-1.000000000000000000e+00 -1.000000000000000000e+00 -1.000000000000000000e+00 -1.000000000000000000e+00 1.255000000000000071e+01 1.432000000000000028e+01 5.089999999999999858e+00 6.459999999999999964e+00 -1.000000000000000000e+00
-1.000000000000000000e+00 -1.000000000000000000e+00 -1.000000000000000000e+00 -1.000000000000000000e+00 -1.000000000000000000e+00 1.431000000000000050e+01 4.820000000000000284e+00 6.530000000000000249e+00 -1.000000000000000000e+00
-1.000000000000000000e+00 -1.000000000000000000e+00 -1.000000000000000000e+00 -1.000000000000000000e+00 1.261999999999999922e+01 1.433999999999999986e+01 4.780000000000000249e+00 6.500000000000000000e+00 -1.000000000000000000e+00
-1.000000000000000000e+00 -1.000000000000000000e+00 -1.000000000000000000e+00 -1.000000000000000000e+00 1.309999999999999964e+01 1.433000000000000007e+01 5.000000000000000000e+00 6.480000000000000426e+00 -1.000000000000000000e+00
-1.000000000000000000e+00 -1.000000000000000000e+00 -1.000000000000000000e+00 -1.000000000000000000e+00 1.251999999999999957e+01 1.436999999999999922e+01 4.769999999999999574e+00 6.459999999999999964e+00 -1.000000000000000000e+00
-1.000000000000000000e+00 -1.000000000000000000e+00 -1.000000000000000000e+00 -1.000000000000000000e+00 1.259999999999999964e+01 1.432000000000000028e+01 5.009999999999999787e+00 6.440000000000000391e+00 -1.000000000000000000e+00
-1.000000000000000000e+00 -1.000000000000000000e+00 -1.000000000000000000e+00 -1.000000000000000000e+00 1.306000000000000050e+01 1.435999999999999943e+01 4.990000000000000213e+00 6.450000000000000178e+00 -1.000000000000000000e+00
-1.000000000000000000e+00 -1.000000000000000000e+00 -1.000000000000000000e+00 -1.000000000000000000e+00 -1.000000000000000000e+00 1.438000000000000078e+01 5.000000000000000000e+00 6.450000000000000178e+00 -1.000000000000000000e+00
-1.000000000000000000e+00 -1.000000000000000000e+00 -1.000000000000000000e+00 -1.000000000000000000e+00 1.253999999999999915e+01 1.431000000000000050e+01 4.889999999999999680e+00 6.500000000000000000e+00 -1.000000000000000000e+00
-1.000000000000000000e+00 -1.000000000000000000e+00 -1.000000000000000000e+00 -1.000000000000000000e+00 1.189000000000000057e+01 1.434999999999999964e+01 4.879999999999999893e+00 6.530000000000000249e+00 -1.000000000000000000e+00
-1.000000000000000000e+00 -1.000000000000000000e+00 -1.000000000000000000e+00 -1.000000000000000000e+00 -1.000000000000000000e+00 1.434999999999999964e+01 4.690000000000000391e+00 6.469999999999999751e+00 -1.000000000000000000e+00
-1.000000000000000000e+00 -1.000000000000000000e+00 -1.000000000000000000e+00 -1.000000000000000000e+00 1.250000000000000000e+01 1.433999999999999986e+01 4.700000000000000178e+00 6.469999999999999751e+00 -1.000000000000000000e+00
-1.000000000000000000e+00 -1.000000000000000000e+00 -1.000000000000000000e+00 -1.000000000000000000e+00 -1.000000000000000000e+00 1.426999999999999957e+01 4.740000000000000213e+00 6.490000000000000213e+00 -1.000000000000000000e+00
-1.000000000000000000e+00 -1.000000000000000000e+00 -1.000000000000000000e+00 -1.000000000000000000e+00 1.308000000000000007e+01 1.434999999999999964e+01 5.009999999999999787e+00 6.440000000000000391e+00 -1.000000000000000000e+00
-1.000000000000000000e+00 -1.000000000000000000e+00 -1.000000000000000000e+00 -1.000000000000000000e+00 1.297000000000000064e+01 1.433999999999999986e+01 5.080000000000000071e+00 6.509999999999999787e+00 -1.000000000000000000e+00
-1.000000000000000000e+00 -1.000000000000000000e+00 -1.000000000000000000e+00 -1.000000000000000000e+00 1.298000000000000043e+01 1.428999999999999915e+01 4.969999999999999751e+00 6.480000000000000426e+00 -1.000000000000000000e+00
-1.000000000000000000e+00 -1.000000000000000000e+00 -1.000000000000000000e+00 -1.000000000000000000e+00 -1.000000000000000000e+00 1.439000000000000057e+01 4.879999999999999893e+00 6.530000000000000249e+00 -1.000000000000000000e+00
-1.000000000000000000e+00 -1.000000000000000000e+00 -1.000000000000000000e+00 -1.000000000000000000e+00 -1.000000000000000000e+00 1.430000000000000071e+01 4.910000000000000142e+00 6.570000000000000284e+00 -1.000000000000000000e+00
-1.000000000000000000e+00 -1.000000000000000000e+00 -1.000000000000000000e+00 -1.000000000000000000e+00 1.299000000000000021e+01 1.433999999999999986e+01 5.080000000000000071e+00 6.500000000000000000e+00 -1.000000000000000000e+00
-1.000000000000000000e+00 -1.000000000000000000e+00 -1.000000000000000000e+00 -1.000000000000000000e+00 -1.000000000000000000e+00 1.435999999999999943e+01 4.940000000000000391e+00 6.490000000000000213e+00 -1.000000000000000000e+00
-1.000000000000000000e+00 -1.000000000000000000e+00 -1.000000000000000000e+00 -1.000000000000000000e+00 -1.000000000000000000e+00 1.428999999999999915e+01 4.940000000000000391e+00 6.490000000000000213e+00 -1.000000000000000000e+00
-1.000000000000000000e+00 -1.000000000000000000e+00 -1.000000000000000000e+00 -1.000000000000000000e+00 1.248000000000000043e+01 1.418999999999999950e+01 4.969999999999999751e+00 6.500000000000000000e+00 -1.000000000000000000e+00
-1.000000000000000000e+00 -1.000000000000000000e+00 -1.000000000000000000e+00 -1.000000000000000000e+00 -1.000000000000000000e+00 1.432000000000000028e+01 5.009999999999999787e+00 6.509999999999999787e+00 -1.000000000000000000e+00
-1.000000000000000000e+00 -1.000000000000000000e+00 -1.000000000000000000e+00 -1.000000000000000000e+00 1.252999999999999936e+01 1.426999999999999957e+01 5.129999999999999893e+00 6.450000000000000178e+00 -1.000000000000000000e+00
-1.000000000000000000e+00 -1.000000000000000000e+00 -1.000000000000000000e+00 -1.000000000000000000e+00 1.258000000000000007e+01 1.434999999999999964e+01 5.129999999999999893e+00 6.530000000000000249e+00 -1.000000000000000000e+00
-1.000000000000000000e+00 -1.000000000000000000e+00 -1.000000000000000000e+00 -1.000000000000000000e+00 1.251999999999999957e+01 1.431000000000000050e+01 5.110000000000000320e+00 6.480000000000000426e+00 -1.000000000000000000e+00
-1.000000000000000000e+00 -1.000000000000000000e+00 -1.000000000000000000e+00 -1.000000000000000000e+00 -1.000000000000000000e+00 1.433999999999999986e+01 5.049999999999999822e+00 6.519999999999999574e+00 -1.000000000000000000e+00
-1.000000000000000000e+00 -1.000000000000000000e+00 -1.000000000000000000e+00 -1.000000000000000000e+00 1.253999999999999915e+01 1.433999999999999986e+01 5.040000000000000036e+00 6.530000000000000249e+00 -1.000000000000000000e+00
-1.000000000000000000e+00 -1.000000000000000000e+00 -1.000000000000000000e+00 -1.000000000000000000e+00 -1.000000000000000000e+00 1.425000000000000000e+01 4.990000000000000213e+00 6.410000000000000142e+00 -1.000000000000000000e+00
-1.000000000000000000e+00 -1.000000000000000000e+00 -1.000000000000000000e+00 -1.000000000000000000e+00 1.305000000000000071e+01 1.432000000000000028e+01 5.059999999999999609e+00 6.500000000000000000e+00 -1.000000000000000000e+00
-1.000000000000000000e+00 -1.000000000000000000e+00 -1.000000000000000000e+00 -1.000000000000000000e+00 1.256000000000000050e+01 1.434999999999999964e+01 5.000000000000000000e+00 6.530000000000000249e+00 -1.000000000000000000e+00
-1.000000000000000000e+00 -1.000000000000000000e+00 -1.000000000000000000e+00 -1.000000000000000000e+00 1.298000000000000043e+01 1.427999999999999936e+01 5.019999999999999574e+00 6.570000000000000284e+00 -1.000000000000000000e+00
-1.000000000000000000e+00 -1.000000000000000000e+00 -1.000000000000000000e+00 -1.000000000000000000e+00 1.255000000000000071e+01 1.434999999999999964e+01 4.980000000000000426e+00 6.480000000000000426e+00 -1.000000000000000000e+00
-1.000000000000000000e+00 -1.000000000000000000e+00 -1.000000000000000000e+00 -1.000000000000000000e+00 -1.000000000000000000e+00 1.427999999999999936e+01 5.080000000000000071e+00 6.469999999999999751e+00 -1.000000000000000000e+00
-1.000000000000000000e+00 -1.000000000000000000e+00 -1.000000000000000000e+00 -1.000000000000000000e+00 1.300999999999999979e+01 1.431000000000000050e+01 4.969999999999999751e+00 6.580000000000000071e+00 -1.000000000000000000e+00
-1.000000000000000000e+00 -1.000000000000000000e+00 -1.000000000000000000e+00 -1.000000000000000000e+00 1.252999999999999936e+01 1.433999999999999986e+01 5.019999999999999574e+00 6.530000000000000249e+00 -1.000000000000000000e+00
