-1.000000000000000000e+00 -1.000000000000000000e+00 -1.000000000000000000e+00 -1.000000000000000000e+00 -1.000000000000000000e+00 -1.000000000000000000e+00 -1.000000000000000000e+00 -1.000000000000000000e+00 -1.000000000000000000e+00
-1.000000000000000000e+00 -1.000000000000000000e+00 1.268999999999999950e+01 1.901000000000000156e+01 -1.000000000000000000e+00 2.755999999999999872e+01 -1.000000000000000000e+00 9.660000000000000142e+00 -1.000000000000000000e+00
-1.000000000000000000e+00 -1.000000000000000000e+00 1.284999999999999964e+01 1.907000000000000028e+01 -1.000000000000000000e+00 2.764999999999999858e+01 -1.000000000000000000e+00 9.710000000000000853e+00 -1.000000000000000000e+00
-1.000000000000000000e+00 -1.000000000000000000e+00 1.289000000000000057e+01 1.898000000000000043e+01 -1.000000000000000000e+00 2.751999999999999957e+01 -1.000000000000000000e+00 1.031000000000000050e+01 -1.000000000000000000e+00
-1.000000000000000000e+00 -1.000000000000000000e+00 1.291999999999999993e+01 1.905999999999999872e+01 -1.000000000000000000e+00 2.757000000000000028e+01 -1.000000000000000000e+00 9.039999999999999147e+00 -1.000000000000000000e+00
-1.000000000000000000e+00 -1.000000000000000000e+00 1.288000000000000078e+01 1.901999999999999957e+01 -1.000000000000000000e+00 2.757000000000000028e+01 -1.000000000000000000e+00 9.640000000000000568e+00 -1.000000000000000000e+00
-1.000000000000000000e+00 -1.000000000000000000e+00 1.289000000000000057e+01 1.901000000000000156e+01 -1.000000000000000000e+00 2.760999999999999943e+01 -1.000000000000000000e+00 9.679999999999999716e+00 -1.000000000000000000e+00
-1.000000000000000000e+00 -1.000000000000000000e+00 1.289000000000000057e+01 1.903000000000000114e+01 -1.000000000000000000e+00 2.757999999999999829e+01 -1.000000000000000000e+00 9.070000000000000284e+00 -1.000000000000000000e+00
-1.000000000000000000e+00 -1.000000000000000000e+00 -1.000000000000000000e+00 1.901000000000000156e+01 -1.000000000000000000e+00 2.751999999999999957e+01 -1.000000000000000000e+00 9.669999999999999929e+00 -1.000000000000000000e+00
-1.000000000000000000e+00 -1.000000000000000000e+00 1.290000000000000036e+01 1.896000000000000085e+01 -1.000000000000000000e+00 2.757000000000000028e+01 -1.000000000000000000e+00 9.589999999999999858e+00 -1.000000000000000000e+00
-1.000000000000000000e+00 -1.000000000000000000e+00 1.289000000000000057e+01 1.905999999999999872e+01 -1.000000000000000000e+00 2.764000000000000057e+01 -1.000000000000000000e+00 9.039999999999999147e+00 -1.000000000000000000e+00
-1.000000000000000000e+00 -1.000000000000000000e+00 1.289000000000000057e+01 1.898999999999999844e+01 -1.000000000000000000e+00 2.751999999999999957e+01 -1.000000000000000000e+00 9.660000000000000142e+00 -1.000000000000000000e+00
-1.000000000000000000e+00 -1.000000000000000000e+00 1.297000000000000064e+01 1.896000000000000085e+01 -1.000000000000000000e+00 2.760000000000000142e+01 -1.000000000000000000e+00 9.039999999999999147e+00 -1.000000000000000000e+00
-1.000000000000000000e+00 -1.000000000000000000e+00 1.282000000000000028e+01 1.901000000000000156e+01 -1.000000000000000000e+00 2.751000000000000156e+01 -1.000000000000000000e+00 9.060000000000000497e+00 -1.000000000000000000e+00
-1.000000000000000000e+00 -1.000000000000000000e+00 1.288000000000000078e+01 1.901000000000000156e+01 -1.000000000000000000e+00 2.758999999999999986e+01 -1.000000000000000000e+00 9.050000000000000711e+00 -1.000000000000000000e+00
-1.000000000000000000e+00 -1.000000000000000000e+00 1.289000000000000057e+01 1.894000000000000128e+01 -1.000000000000000000e+00 2.760999999999999943e+01 -1.000000000000000000e+00 9.580000000000000071e+00 -1.000000000000000000e+00
-1.000000000000000000e+00 -1.000000000000000000e+00 1.291000000000000014e+01 1.901000000000000156e+01 -1.000000000000000000e+00 2.757999999999999829e+01 -1.000000000000000000e+00 9.070000000000000284e+00 -1.000000000000000000e+00
-1.000000000000000000e+00 -1.000000000000000000e+00 1.286999999999999922e+01 1.898000000000000043e+01 -1.000000000000000000e+00 2.750000000000000000e+01 -1.000000000000000000e+00 9.669999999999999929e+00 -1.000000000000000000e+00
-1.000000000000000000e+00 -1.000000000000000000e+00 -1.000000000000000000e+00 1.901999999999999957e+01 -1.000000000000000000e+00 2.755000000000000071e+01 -1.000000000000000000e+00 9.589999999999999858e+00 -1.000000000000000000e+00
-1.000000000000000000e+00 -1.000000000000000000e+00 1.296000000000000085e+01 1.896000000000000085e+01 -1.000000000000000000e+00 2.755999999999999872e+01 -1.000000000000000000e+00 9.640000000000000568e+00 -1.000000000000000000e+00
-1.000000000000000000e+00 -1.000000000000000000e+00 1.289000000000000057e+01 1.901000000000000156e+01 -1.000000000000000000e+00 2.751999999999999957e+01 -1.000000000000000000e+00 9.660000000000000142e+00 -1.000000000000000000e+00
-1.000000000000000000e+00 -1.000000000000000000e+00 1.297000000000000064e+01 1.896999999999999886e+01 -1.000000000000000000e+00 2.755999999999999872e+01 -1.000000000000000000e+00 9.730000000000000426e+00 -1.000000000000000000e+00
-1.000000000000000000e+00 -1.000000000000000000e+00 1.293999999999999950e+01 1.896999999999999886e+01 -1.000000000000000000e+00 2.753000000000000114e+01 -1.000000000000000000e+00 9.669999999999999929e+00 -1.000000000000000000e+00
-1.000000000000000000e+00 -1.000000000000000000e+00 1.289000000000000057e+01 1.896000000000000085e+01 -1.000000000000000000e+00 2.750000000000000000e+01 -1.000000000000000000e+00 8.980000000000000426e+00 -1.000000000000000000e+00
-1.000000000000000000e+00 -1.000000000000000000e+00 1.283999999999999986e+01 1.894999999999999929e+01 -1.000000000000000000e+00 2.751999999999999957e+01 -1.000000000000000000e+00 9.029999999999999361e+00 -1.000000000000000000e+00
-1.000000000000000000e+00 -1.000000000000000000e+00 1.300000000000000000e+01 1.896999999999999886e+01 -1.000000000000000000e+00 2.760000000000000142e+01 -1.000000000000000000e+00 9.599999999999999645e+00 -1.000000000000000000e+00
-1.000000000000000000e+00 -1.000000000000000000e+00 1.298000000000000043e+01 1.900000000000000000e+01 -1.000000000000000000e+00 2.750000000000000000e+01 -1.000000000000000000e+00 9.660000000000000142e+00 -1.000000000000000000e+00
-1.000000000000000000e+00 -1.000000000000000000e+00 1.290000000000000036e+01 1.900000000000000000e+01 -1.000000000000000000e+00 2.748000000000000043e+01 -1.000000000000000000e+00 8.990000000000000213e+00 -1.000000000000000000e+00
-1.000000000000000000e+00 -1.000000000000000000e+00 1.300000000000000000e+01 1.901999999999999957e+01 -1.000000000000000000e+00 -1.000000000000000000e+00 -1.000000000000000000e+00 1.026999999999999957e+01 -1.000000000000000000e+00
-1.000000000000000000e+00 -1.000000000000000000e+00 1.293999999999999950e+01 1.898000000000000043e+01 -1.000000000000000000e+00 2.757000000000000028e+01 -1.000000000000000000e+00 9.630000000000000782e+00 -1.000000000000000000e+00
-1.000000000000000000e+00 -1.000000000000000000e+00 1.292999999999999972e+01 1.896000000000000085e+01 -1.000000000000000000e+00 2.757000000000000028e+01 -1.000000000000000000e+00 9.609999999999999432e+00 -1.000000000000000000e+00
-1.000000000000000000e+00 -1.000000000000000000e+00 1.290000000000000036e+01 1.903999999999999915e+01 -1.000000000000000000e+00 2.751999999999999957e+01 -1.000000000000000000e+00 9.060000000000000497e+00 -1.000000000000000000e+00
-1.000000000000000000e+00 -1.000000000000000000e+00 -1.000000000000000000e+00 1.896999999999999886e+01 -1.000000000000000000e+00 2.750000000000000000e+01 -1.000000000000000000e+00 9.710000000000000853e+00 -1.000000000000000000e+00
-1.000000000000000000e+00 -1.000000000000000000e+00 1.290000000000000036e+01 1.900000000000000000e+01 -1.000000000000000000e+00 2.760000000000000142e+01 -1.000000000000000000e+00 9.630000000000000782e+00 -1.000000000000000000e+00
-1.000000000000000000e+00 -1.000000000000000000e+00 1.290000000000000036e+01 1.896000000000000085e+01 -1.000000000000000000e+00 2.760999999999999943e+01 -1.000000000000000000e+00 9.630000000000000782e+00 -1.000000000000000000e+00
-1.000000000000000000e+00 -1.000000000000000000e+00 -1.000000000000000000e+00 1.896000000000000085e+01 -1.000000000000000000e+00 2.762000000000000099e+01 -1.000000000000000000e+00 9.669999999999999929e+00 -1.000000000000000000e+00
-1.000000000000000000e+00 -1.000000000000000000e+00 1.296000000000000085e+01 1.894999999999999929e+01 -1.000000000000000000e+00 2.755999999999999872e+01 -1.000000000000000000e+00 9.679999999999999716e+00 -1.000000000000000000e+00
-1.000000000000000000e+00 -1.000000000000000000e+00 1.291000000000000014e+01 1.901000000000000156e+01 -1.000000000000000000e+00 2.748999999999999844e+01 -1.000000000000000000e+00 9.689999999999999503e+00 -1.000000000000000000e+00
-1.000000000000000000e+00 -1.000000000000000000e+00 1.284999999999999964e+01 1.898999999999999844e+01 -1.000000000000000000e+00 2.757000000000000028e+01 -1.000000000000000000e+00 9.070000000000000284e+00 -1.000000000000000000e+00
-1.000000000000000000e+00 -1.000000000000000000e+00 1.289000000000000057e+01 1.896999999999999886e+01 -1.000000000000000000e+00 2.755999999999999872e+01 -1.000000000000000000e+00 9.560000000000000497e+00 -1.000000000000000000e+00
-1.000000000000000000e+00 -1.000000000000000000e+00 1.292999999999999972e+01 1.898999999999999844e+01 -1.000000000000000000e+00 2.755999999999999872e+01 -1.000000000000000000e+00 1.027999999999999936e+01 -1.000000000000000000e+00
-1.000000000000000000e+00 -1.000000000000000000e+00 1.294999999999999929e+01 1.896999999999999886e+01 -1.000000000000000000e+00 2.757000000000000028e+01 -1.000000000000000000e+00 9.619999999999999218e+00 -1.000000000000000000e+00
-1.000000000000000000e+00 -1.000000000000000000e+00 1.291000000000000014e+01 1.901999999999999957e+01 -1.000000000000000000e+00 2.750000000000000000e+01 -1.000000000000000000e+00 9.000000000000000000e+00 -1.000000000000000000e+00
-1.000000000000000000e+00 -1.000000000000000000e+00 1.283999999999999986e+01 1.896000000000000085e+01 -1.000000000000000000e+00 2.750000000000000000e+01 -1.000000000000000000e+00 9.060000000000000497e+00 -1.000000000000000000e+00
-1.000000000000000000e+00 -1.000000000000000000e+00 1.289000000000000057e+01 1.898999999999999844e+01 -1.000000000000000000e+00 2.748000000000000043e+01 -1.000000000000000000e+00 9.679999999999999716e+00 -1.000000000000000000e+00
-1.000000000000000000e+00 -1.000000000000000000e+00 1.292999999999999972e+01 1.900000000000000000e+01 -1.000000000000000000e+00 2.758999999999999986e+01 -1.000000000000000000e+00 1.022000000000000064e+01 -1.000000000000000000e+00
-1.000000000000000000e+00 -1.000000000000000000e+00 1.293999999999999950e+01 1.898000000000000043e+01 -1.000000000000000000e+00 2.755999999999999872e+01 -1.000000000000000000e+00 9.599999999999999645e+00 -1.000000000000000000e+00
-1.000000000000000000e+00 -1.000000000000000000e+00 1.284999999999999964e+01 1.905000000000000071e+01 -1.000000000000000000e+00 2.757000000000000028e+01 -1.000000000000000000e+00 9.609999999999999432e+00 -1.000000000000000000e+00
-1.000000000000000000e+00 -1.000000000000000000e+00 -1.000000000000000000e+00 1.903000000000000114e+01 -1.000000000000000000e+00 2.757000000000000028e+01 -1.000000000000000000e+00 9.689999999999999503e+00 -1.000000000000000000e+00
-1.000000000000000000e+00 -1.000000000000000000e+00 1.288000000000000078e+01 1.898999999999999844e+01 -1.000000000000000000e+00 2.753999999999999915e+01 -1.000000000000000000e+00 9.050000000000000711e+00 -1.000000000000000000e+00
-1.000000000000000000e+00 -1.000000000000000000e+00 -1.000000000000000000e+00 1.898999999999999844e+01 -1.000000000000000000e+00 2.758999999999999986e+01 -1.000000000000000000e+00 8.980000000000000426e+00 -1.000000000000000000e+00
-1.000000000000000000e+00 -1.000000000000000000e+00 1.299000000000000021e+01 1.900000000000000000e+01 -1.000000000000000000e+00 2.755000000000000071e+01 -1.000000000000000000e+00 9.060000000000000497e+00 -1.000000000000000000e+00
-1.000000000000000000e+00 -1.000000000000000000e+00 1.296000000000000085e+01 1.898999999999999844e+01 -1.000000000000000000e+00 2.755999999999999872e+01 -1.000000000000000000e+00 9.560000000000000497e+00 -1.000000000000000000e+00
-1.000000000000000000e+00 -1.000000000000000000e+00 1.283999999999999986e+01 1.896000000000000085e+01 -1.000000000000000000e+00 2.760000000000000142e+01 -1.000000000000000000e+00 9.080000000000000071e+00 -1.000000000000000000e+00
-1.000000000000000000e+00 -1.000000000000000000e+00 1.293999999999999950e+01 1.896999999999999886e+01 -1.000000000000000000e+00 2.762000000000000099e+01 -1.000000000000000000e+00 9.669999999999999929e+00 -1.000000000000000000e+00
-1.000000000000000000e+00 -1.000000000000000000e+00 1.283999999999999986e+01 1.894000000000000128e+01 -1.000000000000000000e+00 2.760000000000000142e+01 -1.000000000000000000e+00 9.609999999999999432e+00 -1.000000000000000000e+00
-1.000000000000000000e+00 -1.000000000000000000e+00 1.286999999999999922e+01 1.898999999999999844e+01 -1.000000000000000000e+00 2.753000000000000114e+01 -1.000000000000000000e+00 9.669999999999999929e+00 -1.000000000000000000e+00
-1.000000000000000000e+00 -1.000000000000000000e+00 1.290000000000000036e+01 1.903000000000000114e+01 -1.000000000000000000e+00 2.753000000000000114e+01 -1.000000000000000000e+00 9.630000000000000782e+00 -1.000000000000000000e+00
-1.000000000000000000e+00 -1.000000000000000000e+00 1.283999999999999986e+01 1.896999999999999886e+01 -1.000000000000000000e+00 2.760999999999999943e+01 -1.000000000000000000e+00 9.050000000000000711e+00 -1.000000000000000000e+00
-1.000000000000000000e+00 -1.000000000000000000e+00 1.292999999999999972e+01 1.896000000000000085e+01 -1.000000000000000000e+00 2.751000000000000156e+01 -1.000000000000000000e+00 1.028999999999999915e+01 -1.000000000000000000e+00
-1.000000000000000000e+00 -1.000000000000000000e+00 1.288000000000000078e+01 1.896999999999999886e+01 -1.000000000000000000e+00 2.760999999999999943e+01 -1.000000000000000000e+00 9.689999999999999503e+00 -1.000000000000000000e+00
-1.000000000000000000e+00 -1.000000000000000000e+00 1.289000000000000057e+01 1.898000000000000043e+01 -1.000000000000000000e+00 2.755999999999999872e+01 -1.000000000000000000e+00 1.025999999999999979e+01 -1.000000000000000000e+00
-1.000000000000000000e+00 -1.000000000000000000e+00 1.288000000000000078e+01 1.901000000000000156e+01 -1.000000000000000000e+00 2.755000000000000071e+01 -1.000000000000000000e+00 9.000000000000000000e+00 -1.000000000000000000e+00
-1.000000000000000000e+00 -1.000000000000000000e+00 1.291999999999999993e+01 1.901000000000000156e+01 -1.000000000000000000e+00 2.760000000000000142e+01 -1.000000000000000000e+00 9.679999999999999716e+00 -1.000000000000000000e+00
-1.000000000000000000e+00 -1.000000000000000000e+00 1.291999999999999993e+01 1.896999999999999886e+01 -1.000000000000000000e+00 2.758999999999999986e+01 -1.000000000000000000e+00 9.640000000000000568e+00 -1.000000000000000000e+00
-1.000000000000000000e+00 -1.000000000000000000e+00 -1.000000000000000000e+00 1.898999999999999844e+01 -1.000000000000000000e+00 2.748999999999999844e+01 -1.000000000000000000e+00 9.619999999999999218e+00 -1.000000000000000000e+00
-1.000000000000000000e+00 -1.000000000000000000e+00 1.289000000000000057e+01 1.898999999999999844e+01 -1.000000000000000000e+00 2.753999999999999915e+01 -1.000000000000000000e+00 1.022000000000000064e+01 -1.000000000000000000e+00
-1.000000000000000000e+00 -1.000000000000000000e+00 1.291000000000000014e+01 1.905999999999999872e+01 -1.000000000000000000e+00 2.755999999999999872e+01 -1.000000000000000000e+00 9.679999999999999716e+00 -1.000000000000000000e+00
-1.000000000000000000e+00 -1.000000000000000000e+00 1.293999999999999950e+01 1.900000000000000000e+01 -1.000000000000000000e+00 2.757000000000000028e+01 -1.000000000000000000e+00 9.589999999999999858e+00 -1.000000000000000000e+00
-1.000000000000000000e+00 -1.000000000000000000e+00 1.293999999999999950e+01 1.901000000000000156e+01 -1.000000000000000000e+00 2.755000000000000071e+01 -1.000000000000000000e+00 9.619999999999999218e+00 -1.000000000000000000e+00
-1.000000000000000000e+00 -1.000000000000000000e+00 1.291000000000000014e+01 1.896000000000000085e+01 -1.000000000000000000e+00 2.748999999999999844e+01 -1.000000000000000000e+00 9.050000000000000711e+00 -1.000000000000000000e+00
-1.000000000000000000e+00 -1.000000000000000000e+00 1.291000000000000014e+01 1.901000000000000156e+01 -1.000000000000000000e+00 2.753999999999999915e+01 -1.000000000000000000e+00 9.619999999999999218e+00 -1.000000000000000000e+00
-1.000000000000000000e+00 -1.000000000000000000e+00 1.293999999999999950e+01 1.905000000000000071e+01 -1.000000000000000000e+00 2.760000000000000142e+01 -1.000000000000000000e+00 9.669999999999999929e+00 -1.000000000000000000e+00
-1.000000000000000000e+00 -1.000000000000000000e+00 1.294999999999999929e+01 1.901000000000000156e+01 -1.000000000000000000e+00 2.760000000000000142e+01 -1.000000000000000000e+00 8.980000000000000426e+00 -1.000000000000000000e+00
-1.000000000000000000e+00 -1.000000000000000000e+00 -1.000000000000000000e+00 1.900000000000000000e+01 -1.000000000000000000e+00 2.760999999999999943e+01 -1.000000000000000000e+00 9.650000000000000355e+00 -1.000000000000000000e+00
-1.000000000000000000e+00 -1.000000000000000000e+00 1.291000000000000014e+01 1.896000000000000085e+01 -1.000000000000000000e+00 2.755999999999999872e+01 -1.000000000000000000e+00 9.679999999999999716e+00 -1.000000000000000000e+00
-1.000000000000000000e+00 -1.000000000000000000e+00 1.286999999999999922e+01 1.898999999999999844e+01 -1.000000000000000000e+00 2.757000000000000028e+01 -1.000000000000000000e+00 9.019999999999999574e+00 -1.000000000000000000e+00
-1.000000000000000000e+00 -1.000000000000000000e+00 1.293999999999999950e+01 1.905000000000000071e+01 -1.000000000000000000e+00 2.757000000000000028e+01 -1.000000000000000000e+00 9.660000000000000142e+00 -1.000000000000000000e+00
-1.000000000000000000e+00 -1.000000000000000000e+00 1.301999999999999957e+01 1.905000000000000071e+01 -1.000000000000000000e+00 2.757000000000000028e+01 -1.000000000000000000e+00 9.080000000000000071e+00 -1.000000000000000000e+00
-1.000000000000000000e+00 -1.000000000000000000e+00 1.292999999999999972e+01 1.896999999999999886e+01 -1.000000000000000000e+00 2.758999999999999986e+01 -1.000000000000000000e+00 1.025000000000000000e+01 -1.000000000000000000e+00
-1.000000000000000000e+00 -1.000000000000000000e+00 1.284999999999999964e+01 1.903000000000000114e+01 -1.000000000000000000e+00 2.750000000000000000e+01 -1.000000000000000000e+00 9.619999999999999218e+00 -1.000000000000000000e+00
-1.000000000000000000e+00 -1.000000000000000000e+00 1.301999999999999957e+01 1.903000000000000114e+01 -1.000000000000000000e+00 2.750000000000000000e+01 -1.000000000000000000e+00 9.089999999999999858e+00 -1.000000000000000000e+00
-1.000000000000000000e+00 -1.000000000000000000e+00 1.293999999999999950e+01 1.903999999999999915e+01 -1.000000000000000000e+00 2.751999999999999957e+01 -1.000000000000000000e+00 8.929999999999999716e+00 -1.000000000000000000e+00
-1.000000000000000000e+00 -1.000000000000000000e+00 1.293999999999999950e+01 1.900000000000000000e+01 -1.000000000000000000e+00 2.757999999999999829e+01 -1.000000000000000000e+00 9.669999999999999929e+00 -1.000000000000000000e+00
-1.000000000000000000e+00 -1.000000000000000000e+00 1.290000000000000036e+01 1.898000000000000043e+01 -1.000000000000000000e+00 2.751999999999999957e+01 -1.000000000000000000e+00 9.630000000000000782e+00 -1.000000000000000000e+00
-1.000000000000000000e+00 -1.000000000000000000e+00 1.294999999999999929e+01 1.905000000000000071e+01 -1.000000000000000000e+00 2.757000000000000028e+01 -1.000000000000000000e+00 9.099999999999999645e+00 -1.000000000000000000e+00
-1.000000000000000000e+00 -1.000000000000000000e+00 -1.000000000000000000e+00 1.898000000000000043e+01 -1.000000000000000000e+00 2.755000000000000071e+01 -1.000000000000000000e+00 9.669999999999999929e+00 -1.000000000000000000e+00
-1.000000000000000000e+00 -1.000000000000000000e+00 1.289000000000000057e+01 1.896999999999999886e+01 -1.000000000000000000e+00 2.755999999999999872e+01 -1.000000000000000000e+00 9.000000000000000000e+00 -1.000000000000000000e+00
-1.000000000000000000e+00 -1.000000000000000000e+00 1.290000000000000036e+01 1.898999999999999844e+01 -1.000000000000000000e+00 2.755999999999999872e+01 -1.000000000000000000e+00 9.000000000000000000e+00 -1.000000000000000000e+00
-1.000000000000000000e+00 -1.000000000000000000e+00 1.291000000000000014e+01 1.898999999999999844e+01 -1.000000000000000000e+00 2.757000000000000028e+01 -1.000000000000000000e+00 9.699999999999999289e+00 -1.000000000000000000e+00
-1.000000000000000000e+00 -1.000000000000000000e+00 1.291000000000000014e+01 1.900000000000000000e+01 -1.000000000000000000e+00 2.757999999999999829e+01 -1.000000000000000000e+00 9.039999999999999147e+00 -1.000000000000000000e+00
-1.000000000000000000e+00 -1.000000000000000000e+00 1.290000000000000036e+01 1.901000000000000156e+01 -1.000000000000000000e+00 2.757999999999999829e+01 -1.000000000000000000e+00 9.699999999999999289e+00 -1.000000000000000000e+00
-1.000000000000000000e+00 -1.000000000000000000e+00 1.289000000000000057e+01 1.894000000000000128e+01 -1.000000000000000000e+00 2.760000000000000142e+01 -1.000000000000000000e+00 9.779999999999999361e+00 -1.000000000000000000e+00
-1.000000000000000000e+00 -1.000000000000000000e+00 1.293999999999999950e+01 1.900000000000000000e+01 -1.000000000000000000e+00 2.760999999999999943e+01 -1.000000000000000000e+00 9.660000000000000142e+00 -1.000000000000000000e+00
-1.000000000000000000e+00 -1.000000000000000000e+00 1.305000000000000071e+01 1.894999999999999929e+01 -1.000000000000000000e+00 2.753999999999999915e+01 -1.000000000000000000e+00 9.019999999999999574e+00 -1.000000000000000000e+00
-1.000000000000000000e+00 -1.000000000000000000e+00 1.292999999999999972e+01 1.896999999999999886e+01 -1.000000000000000000e+00 2.757000000000000028e+01 -1.000000000000000000e+00 1.026999999999999957e+01 -1.000000000000000000e+00
-1.000000000000000000e+00 -1.000000000000000000e+00 1.285999999999999943e+01 1.900000000000000000e+01 -1.000000000000000000e+00 2.755999999999999872e+01 -1.000000000000000000e+00 9.689999999999999503e+00 -1.000000000000000000e+00
-1.000000000000000000e+00 -1.000000000000000000e+00 1.291999999999999993e+01 1.901000000000000156e+01 -1.000000000000000000e+00 2.757000000000000028e+01 -1.000000000000000000e+00 9.650000000000000355e+00 -1.000000000000000000e+00
-1.000000000000000000e+00 -1.000000000000000000e+00 -1.000000000000000000e+00 1.900000000000000000e+01 -1.000000000000000000e+00 2.758999999999999986e+01 -1.000000000000000000e+00 9.599999999999999645e+00 -1.000000000000000000e+00
-1.000000000000000000e+00 -1.000000000000000000e+00 1.294999999999999929e+01 1.891000000000000014e+01 -1.000000000000000000e+00 2.751999999999999957e+01 -1.000000000000000000e+00 8.960000000000000853e+00 -1.000000000000000000e+00
