-1.000000000000000000e+00 -1.000000000000000000e+00 -1.000000000000000000e+00 -1.000000000000000000e+00 -1.000000000000000000e+00 -1.000000000000000000e+00 -1.000000000000000000e+00 -1.000000000000000000e+00 -1.000000000000000000e+00
-1.000000000000000000e+00 9.720000000000000639e+00 4.599999999999999645e+00 1.166999999999999993e+01 -1.000000000000000000e+00 -1.000000000000000000e+00 3.910000000000000142e+00 -1.000000000000000000e+00 6.490000000000000213e+00
-1.000000000000000000e+00 9.830000000000000071e+00 4.730000000000000426e+00 1.069999999999999929e+01 -1.000000000000000000e+00 -1.000000000000000000e+00 3.859999999999999876e+00 -1.000000000000000000e+00 6.500000000000000000e+00
-1.000000000000000000e+00 9.890000000000000568e+00 4.740000000000000213e+00 1.067999999999999972e+01 -1.000000000000000000e+00 -1.000000000000000000e+00 3.899999999999999911e+00 -1.000000000000000000e+00 6.530000000000000249e+00
-1.000000000000000000e+00 9.890000000000000568e+00 4.679999999999999716e+00 1.058999999999999986e+01 -1.000000000000000000e+00 -1.000000000000000000e+00 3.879999999999999893e+00 -1.000000000000000000e+00 6.519999999999999574e+00
-1.000000000000000000e+00 9.939999999999999503e+00 4.450000000000000178e+00 1.198000000000000043e+01 -1.000000000000000000e+00 -1.000000000000000000e+00 3.890000000000000124e+00 -1.000000000000000000e+00 6.459999999999999964e+00
-1.000000000000000000e+00 1.044999999999999929e+01 4.509999999999999787e+00 1.071000000000000085e+01 -1.000000000000000000e+00 -1.000000000000000000e+00 3.859999999999999876e+00 -1.000000000000000000e+00 6.540000000000000036e+00
-1.000000000000000000e+00 9.910000000000000142e+00 4.360000000000000320e+00 1.083999999999999986e+01 -1.000000000000000000e+00 -1.000000000000000000e+00 3.919999999999999929e+00 -1.000000000000000000e+00 6.509999999999999787e+00
-1.000000000000000000e+00 9.880000000000000782e+00 4.360000000000000320e+00 1.206000000000000050e+01 -1.000000000000000000e+00 -1.000000000000000000e+00 3.890000000000000124e+00 -1.000000000000000000e+00 6.480000000000000426e+00
-1.000000000000000000e+00 9.750000000000000000e+00 -1.000000000000000000e+00 1.094999999999999929e+01 -1.000000000000000000e+00 -1.000000000000000000e+00 3.890000000000000124e+00 -1.000000000000000000e+00 6.450000000000000178e+00
-1.000000000000000000e+00 9.900000000000000355e+00 4.629999999999999893e+00 1.191000000000000014e+01 -1.000000000000000000e+00 -1.000000000000000000e+00 3.919999999999999929e+00 -1.000000000000000000e+00 6.519999999999999574e+00
-1.000000000000000000e+00 9.699999999999999289e+00 -1.000000000000000000e+00 1.080000000000000071e+01 -1.000000000000000000e+00 -1.000000000000000000e+00 3.910000000000000142e+00 -1.000000000000000000e+00 6.459999999999999964e+00
-1.000000000000000000e+00 9.789999999999999147e+00 4.620000000000000107e+00 -1.000000000000000000e+00 -1.000000000000000000e+00 -1.000000000000000000e+00 3.890000000000000124e+00 -1.000000000000000000e+00 6.480000000000000426e+00
-1.000000000000000000e+00 9.900000000000000355e+00 -1.000000000000000000e+00 -1.000000000000000000e+00 -1.000000000000000000e+00 -1.000000000000000000e+00 3.890000000000000124e+00 -1.000000000000000000e+00 6.450000000000000178e+00
-1.000000000000000000e+00 9.890000000000000568e+00 4.259999999999999787e+00 1.069999999999999929e+01 -1.000000000000000000e+00 -1.000000000000000000e+00 3.930000000000000160e+00 -1.000000000000000000e+00 6.480000000000000426e+00
-1.000000000000000000e+00 9.880000000000000782e+00 4.750000000000000000e+00 1.171000000000000085e+01 -1.000000000000000000e+00 -1.000000000000000000e+00 3.859999999999999876e+00 -1.000000000000000000e+00 6.509999999999999787e+00
-1.000000000000000000e+00 9.839999999999999858e+00 4.400000000000000355e+00 1.197000000000000064e+01 -1.000000000000000000e+00 -1.000000000000000000e+00 3.939999999999999947e+00 -1.000000000000000000e+00 6.450000000000000178e+00
-1.000000000000000000e+00 9.849999999999999645e+00 4.919999999999999929e+00 1.177999999999999936e+01 -1.000000000000000000e+00 -1.000000000000000000e+00 3.859999999999999876e+00 -1.000000000000000000e+00 6.459999999999999964e+00
-1.000000000000000000e+00 9.910000000000000142e+00 4.580000000000000071e+00 1.090000000000000036e+01 -1.000000000000000000e+00 -1.000000000000000000e+00 3.879999999999999893e+00 -1.000000000000000000e+00 6.500000000000000000e+00
-1.000000000000000000e+00 -1.000000000000000000e+00 4.639999999999999680e+00 -1.000000000000000000e+00 -1.000000000000000000e+00 -1.000000000000000000e+00 3.959999999999999964e+00 -1.000000000000000000e+00 6.480000000000000426e+00
-1.000000000000000000e+00 9.800000000000000711e+00 -1.000000000000000000e+00 1.201999999999999957e+01 -1.000000000000000000e+00 -1.000000000000000000e+00 3.859999999999999876e+00 -1.000000000000000000e+00 6.480000000000000426e+00
-1.000000000000000000e+00 9.839999999999999858e+00 4.540000000000000036e+00 1.080000000000000071e+01 -1.000000000000000000e+00 -1.000000000000000000e+00 3.870000000000000107e+00 -1.000000000000000000e+00 6.540000000000000036e+00
-1.000000000000000000e+00 9.929999999999999716e+00 -1.000000000000000000e+00 -1.000000000000000000e+00 -1.000000000000000000e+00 -1.000000000000000000e+00 3.879999999999999893e+00 -1.000000000000000000e+00 6.459999999999999964e+00
-1.000000000000000000e+00 9.830000000000000071e+00 -1.000000000000000000e+00 1.173000000000000043e+01 -1.000000000000000000e+00 -1.000000000000000000e+00 3.850000000000000089e+00 -1.000000000000000000e+00 6.469999999999999751e+00
-1.000000000000000000e+00 9.939999999999999503e+00 4.280000000000000249e+00 -1.000000000000000000e+00 -1.000000000000000000e+00 -1.000000000000000000e+00 3.939999999999999947e+00 -1.000000000000000000e+00 6.459999999999999964e+00
-1.000000000000000000e+00 9.830000000000000071e+00 -1.000000000000000000e+00 1.078999999999999915e+01 -1.000000000000000000e+00 -1.000000000000000000e+00 3.859999999999999876e+00 -1.000000000000000000e+00 6.440000000000000391e+00
-1.000000000000000000e+00 9.810000000000000497e+00 4.599999999999999645e+00 1.066000000000000014e+01 -1.000000000000000000e+00 -1.000000000000000000e+00 3.899999999999999911e+00 -1.000000000000000000e+00 6.450000000000000178e+00
-1.000000000000000000e+00 9.730000000000000426e+00 4.950000000000000178e+00 1.083000000000000007e+01 -1.000000000000000000e+00 -1.000000000000000000e+00 3.890000000000000124e+00 -1.000000000000000000e+00 6.480000000000000426e+00
-1.000000000000000000e+00 9.929999999999999716e+00 -1.000000000000000000e+00 1.073000000000000043e+01 -1.000000000000000000e+00 -1.000000000000000000e+00 3.919999999999999929e+00 -1.000000000000000000e+00 6.519999999999999574e+00
-1.000000000000000000e+00 9.820000000000000284e+00 -1.000000000000000000e+00 1.080000000000000071e+01 -1.000000000000000000e+00 -1.000000000000000000e+00 3.890000000000000124e+00 -1.000000000000000000e+00 6.480000000000000426e+00
-1.000000000000000000e+00 9.810000000000000497e+00 -1.000000000000000000e+00 1.076999999999999957e+01 -1.000000000000000000e+00 -1.000000000000000000e+00 3.899999999999999911e+00 -1.000000000000000000e+00 6.429999999999999716e+00
-1.000000000000000000e+00 9.849999999999999645e+00 4.219999999999999751e+00 1.191999999999999993e+01 -1.000000000000000000e+00 -1.000000000000000000e+00 3.899999999999999911e+00 -1.000000000000000000e+00 6.509999999999999787e+00
-1.000000000000000000e+00 9.810000000000000497e+00 4.330000000000000071e+00 1.183999999999999986e+01 -1.000000000000000000e+00 -1.000000000000000000e+00 3.879999999999999893e+00 -1.000000000000000000e+00 6.440000000000000391e+00
-1.000000000000000000e+00 9.779999999999999361e+00 4.709999999999999964e+00 -1.000000000000000000e+00 -1.000000000000000000e+00 -1.000000000000000000e+00 3.910000000000000142e+00 -1.000000000000000000e+00 -1.000000000000000000e+00
-1.000000000000000000e+00 9.830000000000000071e+00 4.589999999999999858e+00 1.080000000000000071e+01 -1.000000000000000000e+00 -1.000000000000000000e+00 3.890000000000000124e+00 -1.000000000000000000e+00 6.490000000000000213e+00
-1.000000000000000000e+00 9.830000000000000071e+00 4.309999999999999609e+00 1.201999999999999957e+01 -1.000000000000000000e+00 -1.000000000000000000e+00 3.859999999999999876e+00 -1.000000000000000000e+00 6.519999999999999574e+00
-1.000000000000000000e+00 9.779999999999999361e+00 -1.000000000000000000e+00 -1.000000000000000000e+00 -1.000000000000000000e+00 -1.000000000000000000e+00 3.899999999999999911e+00 -1.000000000000000000e+00 6.490000000000000213e+00
-1.000000000000000000e+00 9.810000000000000497e+00 4.879999999999999893e+00 1.075999999999999979e+01 -1.000000000000000000e+00 -1.000000000000000000e+00 3.879999999999999893e+00 -1.000000000000000000e+00 6.549999999999999822e+00
-1.000000000000000000e+00 9.820000000000000284e+00 -1.000000000000000000e+00 -1.000000000000000000e+00 -1.000000000000000000e+00 -1.000000000000000000e+00 3.850000000000000089e+00 -1.000000000000000000e+00 6.469999999999999751e+00
-1.000000000000000000e+00 9.839999999999999858e+00 4.919999999999999929e+00 1.088000000000000078e+01 -1.000000000000000000e+00 -1.000000000000000000e+00 3.870000000000000107e+00 -1.000000000000000000e+00 6.469999999999999751e+00
-1.000000000000000000e+00 9.900000000000000355e+00 4.549999999999999822e+00 1.083000000000000007e+01 -1.000000000000000000e+00 -1.000000000000000000e+00 3.919999999999999929e+00 -1.000000000000000000e+00 6.490000000000000213e+00
-1.000000000000000000e+00 9.820000000000000284e+00 -1.000000000000000000e+00 1.076999999999999957e+01 -1.000000000000000000e+00 -1.000000000000000000e+00 3.910000000000000142e+00 -1.000000000000000000e+00 6.530000000000000249e+00
-1.000000000000000000e+00 9.869999999999999218e+00 4.849999999999999645e+00 1.060999999999999943e+01 -1.000000000000000000e+00 -1.000000000000000000e+00 3.899999999999999911e+00 -1.000000000000000000e+00 -1.000000000000000000e+00
-1.000000000000000000e+00 9.890000000000000568e+00 -1.000000000000000000e+00 -1.000000000000000000e+00 -1.000000000000000000e+00 -1.000000000000000000e+00 3.890000000000000124e+00 -1.000000000000000000e+00 6.480000000000000426e+00
-1.000000000000000000e+00 9.859999999999999432e+00 4.379999999999999893e+00 1.058999999999999986e+01 -1.000000000000000000e+00 -1.000000000000000000e+00 3.879999999999999893e+00 -1.000000000000000000e+00 6.469999999999999751e+00
-1.000000000000000000e+00 9.800000000000000711e+00 4.769999999999999574e+00 1.071000000000000085e+01 -1.000000000000000000e+00 -1.000000000000000000e+00 3.879999999999999893e+00 -1.000000000000000000e+00 6.530000000000000249e+00
-1.000000000000000000e+00 9.910000000000000142e+00 4.870000000000000107e+00 1.085999999999999943e+01 -1.000000000000000000e+00 -1.000000000000000000e+00 3.879999999999999893e+00 -1.000000000000000000e+00 -1.000000000000000000e+00
-1.000000000000000000e+00 9.810000000000000497e+00 4.790000000000000036e+00 -1.000000000000000000e+00 -1.000000000000000000e+00 -1.000000000000000000e+00 3.910000000000000142e+00 -1.000000000000000000e+00 6.500000000000000000e+00
-1.000000000000000000e+00 9.769999999999999574e+00 4.559999999999999609e+00 1.189000000000000057e+01 -1.000000000000000000e+00 -1.000000000000000000e+00 3.890000000000000124e+00 -1.000000000000000000e+00 6.469999999999999751e+00
-1.000000000000000000e+00 9.830000000000000071e+00 -1.000000000000000000e+00 1.081000000000000050e+01 -1.000000000000000000e+00 -1.000000000000000000e+00 3.870000000000000107e+00 -1.000000000000000000e+00 6.509999999999999787e+00
-1.000000000000000000e+00 9.910000000000000142e+00 -1.000000000000000000e+00 -1.000000000000000000e+00 -1.000000000000000000e+00 -1.000000000000000000e+00 3.910000000000000142e+00 -1.000000000000000000e+00 6.480000000000000426e+00
-1.000000000000000000e+00 9.890000000000000568e+00 4.870000000000000107e+00 1.175000000000000000e+01 -1.000000000000000000e+00 -1.000000000000000000e+00 3.870000000000000107e+00 -1.000000000000000000e+00 6.480000000000000426e+00
-1.000000000000000000e+00 9.839999999999999858e+00 -1.000000000000000000e+00 1.081000000000000050e+01 -1.000000000000000000e+00 -1.000000000000000000e+00 3.939999999999999947e+00 -1.000000000000000000e+00 6.469999999999999751e+00
-1.000000000000000000e+00 9.880000000000000782e+00 4.540000000000000036e+00 1.191999999999999993e+01 -1.000000000000000000e+00 -1.000000000000000000e+00 3.879999999999999893e+00 -1.000000000000000000e+00 6.469999999999999751e+00
-1.000000000000000000e+00 9.900000000000000355e+00 4.830000000000000071e+00 1.083999999999999986e+01 -1.000000000000000000e+00 -1.000000000000000000e+00 3.890000000000000124e+00 -1.000000000000000000e+00 -1.000000000000000000e+00
-1.000000000000000000e+00 9.800000000000000711e+00 4.700000000000000178e+00 1.078999999999999915e+01 -1.000000000000000000e+00 -1.000000000000000000e+00 3.899999999999999911e+00 -1.000000000000000000e+00 6.440000000000000391e+00
-1.000000000000000000e+00 9.859999999999999432e+00 4.639999999999999680e+00 1.180000000000000071e+01 -1.000000000000000000e+00 -1.000000000000000000e+00 3.870000000000000107e+00 -1.000000000000000000e+00 -1.000000000000000000e+00
-1.000000000000000000e+00 9.869999999999999218e+00 4.650000000000000355e+00 -1.000000000000000000e+00 -1.000000000000000000e+00 -1.000000000000000000e+00 3.879999999999999893e+00 -1.000000000000000000e+00 6.459999999999999964e+00
-1.000000000000000000e+00 9.830000000000000071e+00 4.519999999999999574e+00 1.085999999999999943e+01 -1.000000000000000000e+00 -1.000000000000000000e+00 3.870000000000000107e+00 -1.000000000000000000e+00 6.440000000000000391e+00
-1.000000000000000000e+00 9.779999999999999361e+00 4.820000000000000284e+00 1.076999999999999957e+01 -1.000000000000000000e+00 -1.000000000000000000e+00 3.919999999999999929e+00 -1.000000000000000000e+00 6.459999999999999964e+00
-1.000000000000000000e+00 9.740000000000000213e+00 -1.000000000000000000e+00 -1.000000000000000000e+00 -1.000000000000000000e+00 -1.000000000000000000e+00 3.899999999999999911e+00 -1.000000000000000000e+00 6.480000000000000426e+00
-1.000000000000000000e+00 9.769999999999999574e+00 4.629999999999999893e+00 -1.000000000000000000e+00 -1.000000000000000000e+00 -1.000000000000000000e+00 3.859999999999999876e+00 -1.000000000000000000e+00 6.459999999999999964e+00
-1.000000000000000000e+00 9.759999999999999787e+00 4.530000000000000249e+00 1.059999999999999964e+01 -1.000000000000000000e+00 -1.000000000000000000e+00 3.850000000000000089e+00 -1.000000000000000000e+00 6.480000000000000426e+00
-1.000000000000000000e+00 9.800000000000000711e+00 4.599999999999999645e+00 1.068999999999999950e+01 -1.000000000000000000e+00 -1.000000000000000000e+00 3.859999999999999876e+00 -1.000000000000000000e+00 6.459999999999999964e+00
-1.000000000000000000e+00 9.810000000000000497e+00 4.959999999999999964e+00 1.082000000000000028e+01 -1.000000000000000000e+00 -1.000000000000000000e+00 3.879999999999999893e+00 -1.000000000000000000e+00 6.530000000000000249e+00
-1.000000000000000000e+00 9.830000000000000071e+00 4.679999999999999716e+00 1.074000000000000021e+01 -1.000000000000000000e+00 -1.000000000000000000e+00 3.910000000000000142e+00 -1.000000000000000000e+00 6.440000000000000391e+00
-1.000000000000000000e+00 9.800000000000000711e+00 4.469999999999999751e+00 -1.000000000000000000e+00 -1.000000000000000000e+00 -1.000000000000000000e+00 3.859999999999999876e+00 -1.000000000000000000e+00 6.450000000000000178e+00
-1.000000000000000000e+00 9.820000000000000284e+00 -1.000000000000000000e+00 -1.000000000000000000e+00 -1.000000000000000000e+00 -1.000000000000000000e+00 3.890000000000000124e+00 -1.000000000000000000e+00 6.519999999999999574e+00
-1.000000000000000000e+00 9.830000000000000071e+00 4.440000000000000391e+00 1.158999999999999986e+01 -1.000000000000000000e+00 -1.000000000000000000e+00 3.910000000000000142e+00 -1.000000000000000000e+00 6.480000000000000426e+00
-1.000000000000000000e+00 9.849999999999999645e+00 4.589999999999999858e+00 1.082000000000000028e+01 -1.000000000000000000e+00 -1.000000000000000000e+00 3.819999999999999840e+00 -1.000000000000000000e+00 6.480000000000000426e+00
-1.000000000000000000e+00 9.839999999999999858e+00 4.650000000000000355e+00 1.083999999999999986e+01 -1.000000000000000000e+00 -1.000000000000000000e+00 3.890000000000000124e+00 -1.000000000000000000e+00 6.429999999999999716e+00
-1.000000000000000000e+00 9.869999999999999218e+00 -1.000000000000000000e+00 1.069999999999999929e+01 -1.000000000000000000e+00 -1.000000000000000000e+00 3.919999999999999929e+00 -1.000000000000000000e+00 6.519999999999999574e+00
-1.000000000000000000e+00 9.890000000000000568e+00 4.509999999999999787e+00 1.074000000000000021e+01 -1.000000000000000000e+00 -1.000000000000000000e+00 3.879999999999999893e+00 -1.000000000000000000e+00 6.459999999999999964e+00
-1.000000000000000000e+00 9.919999999999999929e+00 4.500000000000000000e+00 1.177999999999999936e+01 -1.000000000000000000e+00 -1.000000000000000000e+00 3.879999999999999893e+00 -1.000000000000000000e+00 6.519999999999999574e+00
-1.000000000000000000e+00 9.849999999999999645e+00 4.719999999999999751e+00 1.075999999999999979e+01 -1.000000000000000000e+00 -1.000000000000000000e+00 3.919999999999999929e+00 -1.000000000000000000e+00 6.530000000000000249e+00
-1.000000000000000000e+00 9.830000000000000071e+00 4.780000000000000249e+00 1.074000000000000021e+01 -1.000000000000000000e+00 -1.000000000000000000e+00 3.859999999999999876e+00 -1.000000000000000000e+00 6.459999999999999964e+00
-1.000000000000000000e+00 9.820000000000000284e+00 -1.000000000000000000e+00 1.074000000000000021e+01 -1.000000000000000000e+00 -1.000000000000000000e+00 3.859999999999999876e+00 -1.000000000000000000e+00 6.480000000000000426e+00
-1.000000000000000000e+00 9.789999999999999147e+00 4.379999999999999893e+00 1.194999999999999929e+01 -1.000000000000000000e+00 -1.000000000000000000e+00 3.910000000000000142e+00 -1.000000000000000000e+00 6.519999999999999574e+00
-1.000000000000000000e+00 9.820000000000000284e+00 -1.000000000000000000e+00 1.193999999999999950e+01 -1.000000000000000000e+00 -1.000000000000000000e+00 3.899999999999999911e+00 -1.000000000000000000e+00 6.519999999999999574e+00
-1.000000000000000000e+00 9.769999999999999574e+00 4.280000000000000249e+00 1.075000000000000000e+01 -1.000000000000000000e+00 -1.000000000000000000e+00 3.899999999999999911e+00 -1.000000000000000000e+00 6.519999999999999574e+00
-1.000000000000000000e+00 9.830000000000000071e+00 4.639999999999999680e+00 1.082000000000000028e+01 -1.000000000000000000e+00 -1.000000000000000000e+00 3.890000000000000124e+00 -1.000000000000000000e+00 6.480000000000000426e+00
-1.000000000000000000e+00 9.849999999999999645e+00 -1.000000000000000000e+00 1.205000000000000071e+01 -1.000000000000000000e+00 -1.000000000000000000e+00 3.859999999999999876e+00 -1.000000000000000000e+00 6.519999999999999574e+00
-1.000000000000000000e+00 9.890000000000000568e+00 4.610000000000000320e+00 -1.000000000000000000e+00 -1.000000000000000000e+00 -1.000000000000000000e+00 3.930000000000000160e+00 -1.000000000000000000e+00 6.500000000000000000e+00
-1.000000000000000000e+00 9.839999999999999858e+00 4.629999999999999893e+00 -1.000000000000000000e+00 -1.000000000000000000e+00 -1.000000000000000000e+00 3.939999999999999947e+00 -1.000000000000000000e+00 6.480000000000000426e+00
-1.000000000000000000e+00 9.880000000000000782e+00 4.740000000000000213e+00 1.186999999999999922e+01 -1.000000000000000000e+00 -1.000000000000000000e+00 3.899999999999999911e+00 -1.000000000000000000e+00 6.549999999999999822e+00
-1.000000000000000000e+00 9.830000000000000071e+00 -1.000000000000000000e+00 1.064000000000000057e+01 -1.000000000000000000e+00 -1.000000000000000000e+00 3.890000000000000124e+00 -1.000000000000000000e+00 6.519999999999999574e+00
-1.000000000000000000e+00 9.800000000000000711e+00 4.900000000000000355e+00 -1.000000000000000000e+00 -1.000000000000000000e+00 -1.000000000000000000e+00 3.970000000000000195e+00 -1.000000000000000000e+00 6.480000000000000426e+00
-1.000000000000000000e+00 9.810000000000000497e+00 -1.000000000000000000e+00 1.177999999999999936e+01 -1.000000000000000000e+00 -1.000000000000000000e+00 3.870000000000000107e+00 -1.000000000000000000e+00 6.469999999999999751e+00
-1.000000000000000000e+00 9.800000000000000711e+00 4.559999999999999609e+00 1.081000000000000050e+01 -1.000000000000000000e+00 -1.000000000000000000e+00 3.919999999999999929e+00 -1.000000000000000000e+00 6.480000000000000426e+00
-1.000000000000000000e+00 9.830000000000000071e+00 4.490000000000000213e+00 1.091999999999999993e+01 -1.000000000000000000e+00 -1.000000000000000000e+00 3.870000000000000107e+00 -1.000000000000000000e+00 6.480000000000000426e+00
-1.000000000000000000e+00 9.900000000000000355e+00 -1.000000000000000000e+00 1.182000000000000028e+01 -1.000000000000000000e+00 -1.000000000000000000e+00 3.890000000000000124e+00 -1.000000000000000000e+00 6.500000000000000000e+00
-1.000000000000000000e+00 9.830000000000000071e+00 4.820000000000000284e+00 1.081000000000000050e+01 -1.000000000000000000e+00 -1.000000000000000000e+00 3.910000000000000142e+00 -1.000000000000000000e+00 6.440000000000000391e+00
-1.000000000000000000e+00 9.900000000000000355e+00 4.709999999999999964e+00 1.076999999999999957e+01 -1.000000000000000000e+00 -1.000000000000000000e+00 3.879999999999999893e+00 -1.000000000000000000e+00 6.480000000000000426e+00
-1.000000000000000000e+00 9.830000000000000071e+00 4.759999999999999787e+00 -1.000000000000000000e+00 -1.000000000000000000e+00 -1.000000000000000000e+00 3.850000000000000089e+00 -1.000000000000000000e+00 6.440000000000000391e+00
-1.000000000000000000e+00 9.859999999999999432e+00 4.919999999999999929e+00 1.080000000000000071e+01 -1.000000000000000000e+00 -1.000000000000000000e+00 3.890000000000000124e+00 -1.000000000000000000e+00 6.509999999999999787e+00
-1.000000000000000000e+00 9.820000000000000284e+00 -1.000000000000000000e+00 -1.000000000000000000e+00 -1.000000000000000000e+00 -1.000000000000000000e+00 3.850000000000000089e+00 -1.000000000000000000e+00 6.469999999999999751e+00
-1.000000000000000000e+00 9.900000000000000355e+00 4.910000000000000142e+00 -1.000000000000000000e+00 -1.000000000000000000e+00 -1.000000000000000000e+00 3.930000000000000160e+00 -1.000000000000000000e+00 6.490000000000000213e+00
-1.000000000000000000e+00 9.880000000000000782e+00 4.919999999999999929e+00 -1.000000000000000000e+00 -1.000000000000000000e+00 -1.000000000000000000e+00 3.899999999999999911e+00 -1.000000000000000000e+00 6.490000000000000213e+00
-1.000000000000000000e+00 9.830000000000000071e+00 -1.000000000000000000e+00 1.175000000000000000e+01 -1.000000000000000000e+00 -1.000000000000000000e+00 3.890000000000000124e+00 -1.000000000000000000e+00 6.500000000000000000e+00
-1.000000000000000000e+00 9.740000000000000213e+00 4.690000000000000391e+00 1.075000000000000000e+01 -1.000000000000000000e+00 -1.000000000000000000e+00 3.890000000000000124e+00 -1.000000000000000000e+00 6.500000000000000000e+00
