-1.000000000000000000e+00 -1.000000000000000000e+00 -1.000000000000000000e+00 -1.000000000000000000e+00 -1.000000000000000000e+00 -1.000000000000000000e+00 -1.000000000000000000e+00 -1.000000000000000000e+00 -1.000000000000000000e+00
-1.000000000000000000e+00 1.903000000000000114e+01 6.139999999999999680e+00 -1.000000000000000000e+00 -1.000000000000000000e+00 -1.000000000000000000e+00 -1.000000000000000000e+00 -1.000000000000000000e+00 -1.000000000000000000e+00
-1.000000000000000000e+00 1.901999999999999957e+01 6.150000000000000355e+00 -1.000000000000000000e+00 -1.000000000000000000e+00 9.619999999999999218e+00 1.058999999999999986e+01 -1.000000000000000000e+00 6.660000000000000142e+00
-1.000000000000000000e+00 1.910999999999999943e+01 6.219999999999999751e+00 -1.000000000000000000e+00 -1.000000000000000000e+00 -1.000000000000000000e+00 1.063000000000000078e+01 -1.000000000000000000e+00 6.620000000000000107e+00
-1.000000000000000000e+00 1.908999999999999986e+01 6.169999999999999929e+00 -1.000000000000000000e+00 -1.000000000000000000e+00 1.002999999999999936e+01 1.058000000000000007e+01 -1.000000000000000000e+00 6.660000000000000142e+00
-1.000000000000000000e+00 1.903999999999999915e+01 6.200000000000000178e+00 -1.000000000000000000e+00 -1.000000000000000000e+00 -1.000000000000000000e+00 1.064000000000000057e+01 -1.000000000000000000e+00 6.629999999999999893e+00
-1.000000000000000000e+00 1.905000000000000071e+01 6.230000000000000426e+00 -1.000000000000000000e+00 -1.000000000000000000e+00 1.050000000000000000e+01 1.058999999999999986e+01 -1.000000000000000000e+00 6.660000000000000142e+00
-1.000000000000000000e+00 1.900000000000000000e+01 6.230000000000000426e+00 -1.000000000000000000e+00 -1.000000000000000000e+00 1.056000000000000050e+01 1.066999999999999993e+01 -1.000000000000000000e+00 6.650000000000000355e+00
-1.000000000000000000e+00 1.905000000000000071e+01 6.230000000000000426e+00 -1.000000000000000000e+00 -1.000000000000000000e+00 1.052999999999999936e+01 1.060999999999999943e+01 -1.000000000000000000e+00 6.620000000000000107e+00
-1.000000000000000000e+00 1.905999999999999872e+01 6.160000000000000142e+00 -1.000000000000000000e+00 -1.000000000000000000e+00 9.519999999999999574e+00 1.055000000000000071e+01 -1.000000000000000000e+00 6.620000000000000107e+00
-1.000000000000000000e+00 1.908999999999999986e+01 6.179999999999999716e+00 -1.000000000000000000e+00 -1.000000000000000000e+00 -1.000000000000000000e+00 1.060999999999999943e+01 -1.000000000000000000e+00 6.620000000000000107e+00
-1.000000000000000000e+00 1.901000000000000156e+01 6.150000000000000355e+00 -1.000000000000000000e+00 -1.000000000000000000e+00 -1.000000000000000000e+00 1.065000000000000036e+01 -1.000000000000000000e+00 6.610000000000000320e+00
-1.000000000000000000e+00 1.903000000000000114e+01 6.160000000000000142e+00 -1.000000000000000000e+00 -1.000000000000000000e+00 -1.000000000000000000e+00 1.061999999999999922e+01 -1.000000000000000000e+00 6.610000000000000320e+00
-1.000000000000000000e+00 1.901000000000000156e+01 6.110000000000000320e+00 -1.000000000000000000e+00 -1.000000000000000000e+00 1.057000000000000028e+01 1.056000000000000050e+01 -1.000000000000000000e+00 6.660000000000000142e+00
-1.000000000000000000e+00 1.898999999999999844e+01 6.139999999999999680e+00 -1.000000000000000000e+00 -1.000000000000000000e+00 9.599999999999999645e+00 1.064000000000000057e+01 -1.000000000000000000e+00 6.650000000000000355e+00
-1.000000000000000000e+00 1.896000000000000085e+01 6.160000000000000142e+00 -1.000000000000000000e+00 -1.000000000000000000e+00 1.016999999999999993e+01 1.066000000000000014e+01 -1.000000000000000000e+00 6.639999999999999680e+00
-1.000000000000000000e+00 1.905000000000000071e+01 6.240000000000000213e+00 -1.000000000000000000e+00 -1.000000000000000000e+00 1.103999999999999915e+01 1.061999999999999922e+01 -1.000000000000000000e+00 6.650000000000000355e+00
-1.000000000000000000e+00 1.898999999999999844e+01 6.179999999999999716e+00 -1.000000000000000000e+00 -1.000000000000000000e+00 -1.000000000000000000e+00 1.065000000000000036e+01 -1.000000000000000000e+00 6.660000000000000142e+00
-1.000000000000000000e+00 1.896000000000000085e+01 6.200000000000000178e+00 -1.000000000000000000e+00 -1.000000000000000000e+00 -1.000000000000000000e+00 1.059999999999999964e+01 -1.000000000000000000e+00 6.610000000000000320e+00
-1.000000000000000000e+00 1.903999999999999915e+01 6.179999999999999716e+00 -1.000000000000000000e+00 -1.000000000000000000e+00 -1.000000000000000000e+00 1.058999999999999986e+01 -1.000000000000000000e+00 6.589999999999999858e+00
-1.000000000000000000e+00 1.910999999999999943e+01 6.160000000000000142e+00 -1.000000000000000000e+00 -1.000000000000000000e+00 -1.000000000000000000e+00 1.063000000000000078e+01 -1.000000000000000000e+00 6.599999999999999645e+00
-1.000000000000000000e+00 1.903999999999999915e+01 6.269999999999999574e+00 -1.000000000000000000e+00 -1.000000000000000000e+00 -1.000000000000000000e+00 1.057000000000000028e+01 -1.000000000000000000e+00 6.599999999999999645e+00
-1.000000000000000000e+00 1.901000000000000156e+01 6.230000000000000426e+00 -1.000000000000000000e+00 -1.000000000000000000e+00 9.740000000000000213e+00 1.065000000000000036e+01 -1.000000000000000000e+00 6.570000000000000284e+00
-1.000000000000000000e+00 1.903000000000000114e+01 6.179999999999999716e+00 -1.000000000000000000e+00 -1.000000000000000000e+00 1.059999999999999964e+01 1.056000000000000050e+01 -1.000000000000000000e+00 -1.000000000000000000e+00
-1.000000000000000000e+00 1.903000000000000114e+01 6.110000000000000320e+00 -1.000000000000000000e+00 -1.000000000000000000e+00 -1.000000000000000000e+00 1.066000000000000014e+01 -1.000000000000000000e+00 6.599999999999999645e+00
-1.000000000000000000e+00 1.908999999999999986e+01 6.190000000000000391e+00 -1.000000000000000000e+00 -1.000000000000000000e+00 1.014000000000000057e+01 1.059999999999999964e+01 -1.000000000000000000e+00 6.580000000000000071e+00
-1.000000000000000000e+00 1.901999999999999957e+01 6.240000000000000213e+00 -1.000000000000000000e+00 -1.000000000000000000e+00 -1.000000000000000000e+00 1.056000000000000050e+01 -1.000000000000000000e+00 6.559999999999999609e+00
-1.000000000000000000e+00 1.903000000000000114e+01 6.209999999999999964e+00 -1.000000000000000000e+00 -1.000000000000000000e+00 -1.000000000000000000e+00 1.051999999999999957e+01 -1.000000000000000000e+00 6.599999999999999645e+00
-1.000000000000000000e+00 1.900000000000000000e+01 6.269999999999999574e+00 -1.000000000000000000e+00 -1.000000000000000000e+00 -1.000000000000000000e+00 1.058999999999999986e+01 -1.000000000000000000e+00 6.650000000000000355e+00
-1.000000000000000000e+00 1.908999999999999986e+01 6.219999999999999751e+00 -1.000000000000000000e+00 -1.000000000000000000e+00 -1.000000000000000000e+00 1.064000000000000057e+01 -1.000000000000000000e+00 6.620000000000000107e+00
-1.000000000000000000e+00 1.898000000000000043e+01 6.209999999999999964e+00 -1.000000000000000000e+00 -1.000000000000000000e+00 -1.000000000000000000e+00 1.065000000000000036e+01 -1.000000000000000000e+00 6.639999999999999680e+00
-1.000000000000000000e+00 1.885000000000000142e+01 6.200000000000000178e+00 -1.000000000000000000e+00 -1.000000000000000000e+00 -1.000000000000000000e+00 1.060999999999999943e+01 -1.000000000000000000e+00 6.580000000000000071e+00
-1.000000000000000000e+00 1.900000000000000000e+01 6.250000000000000000e+00 -1.000000000000000000e+00 -1.000000000000000000e+00 1.049000000000000021e+01 1.064000000000000057e+01 -1.000000000000000000e+00 6.620000000000000107e+00
-1.000000000000000000e+00 1.907999999999999829e+01 6.269999999999999574e+00 -1.000000000000000000e+00 -1.000000000000000000e+00 1.153999999999999915e+01 1.058000000000000007e+01 -1.000000000000000000e+00 6.610000000000000320e+00
-1.000000000000000000e+00 1.898999999999999844e+01 6.219999999999999751e+00 -1.000000000000000000e+00 -1.000000000000000000e+00 -1.000000000000000000e+00 1.053999999999999915e+01 -1.000000000000000000e+00 6.589999999999999858e+00
-1.000000000000000000e+00 1.901999999999999957e+01 6.230000000000000426e+00 -1.000000000000000000e+00 -1.000000000000000000e+00 1.055000000000000071e+01 1.058999999999999986e+01 -1.000000000000000000e+00 6.580000000000000071e+00
-1.000000000000000000e+00 1.901999999999999957e+01 6.240000000000000213e+00 -1.000000000000000000e+00 -1.000000000000000000e+00 9.720000000000000639e+00 1.058999999999999986e+01 -1.000000000000000000e+00 6.610000000000000320e+00
-1.000000000000000000e+00 1.901999999999999957e+01 6.179999999999999716e+00 -1.000000000000000000e+00 -1.000000000000000000e+00 1.042999999999999972e+01 1.065000000000000036e+01 -1.000000000000000000e+00 6.629999999999999893e+00
-1.000000000000000000e+00 1.903000000000000114e+01 6.219999999999999751e+00 -1.000000000000000000e+00 -1.000000000000000000e+00 -1.000000000000000000e+00 1.056000000000000050e+01 -1.000000000000000000e+00 6.589999999999999858e+00
-1.000000000000000000e+00 1.896000000000000085e+01 6.169999999999999929e+00 -1.000000000000000000e+00 -1.000000000000000000e+00 -1.000000000000000000e+00 1.060999999999999943e+01 1.122000000000000064e+01 6.599999999999999645e+00
-1.000000000000000000e+00 1.903000000000000114e+01 6.169999999999999929e+00 -1.000000000000000000e+00 -1.000000000000000000e+00 -1.000000000000000000e+00 1.060999999999999943e+01 1.121000000000000085e+01 6.530000000000000249e+00
-1.000000000000000000e+00 1.901999999999999957e+01 6.200000000000000178e+00 -1.000000000000000000e+00 -1.000000000000000000e+00 9.630000000000000782e+00 1.059999999999999964e+01 -1.000000000000000000e+00 6.540000000000000036e+00
-1.000000000000000000e+00 1.901999999999999957e+01 6.169999999999999929e+00 -1.000000000000000000e+00 -1.000000000000000000e+00 -1.000000000000000000e+00 1.053999999999999915e+01 -1.000000000000000000e+00 6.599999999999999645e+00
-1.000000000000000000e+00 1.900000000000000000e+01 6.150000000000000355e+00 -1.000000000000000000e+00 -1.000000000000000000e+00 -1.000000000000000000e+00 1.061999999999999922e+01 -1.000000000000000000e+00 6.599999999999999645e+00
-1.000000000000000000e+00 1.905000000000000071e+01 6.190000000000000391e+00 -1.000000000000000000e+00 -1.000000000000000000e+00 1.041999999999999993e+01 1.060999999999999943e+01 -1.000000000000000000e+00 6.599999999999999645e+00
-1.000000000000000000e+00 1.903000000000000114e+01 6.209999999999999964e+00 -1.000000000000000000e+00 -1.000000000000000000e+00 1.050000000000000000e+01 1.064000000000000057e+01 -1.000000000000000000e+00 6.610000000000000320e+00
-1.000000000000000000e+00 1.903999999999999915e+01 6.259999999999999787e+00 -1.000000000000000000e+00 -1.000000000000000000e+00 -1.000000000000000000e+00 1.063000000000000078e+01 -1.000000000000000000e+00 6.620000000000000107e+00
-1.000000000000000000e+00 1.901000000000000156e+01 6.230000000000000426e+00 -1.000000000000000000e+00 -1.000000000000000000e+00 -1.000000000000000000e+00 1.065000000000000036e+01 -1.000000000000000000e+00 6.610000000000000320e+00
-1.000000000000000000e+00 1.903000000000000114e+01 6.219999999999999751e+00 -1.000000000000000000e+00 -1.000000000000000000e+00 1.043999999999999950e+01 1.061999999999999922e+01 1.141000000000000014e+01 6.599999999999999645e+00
-1.000000000000000000e+00 1.898999999999999844e+01 6.209999999999999964e+00 -1.000000000000000000e+00 -1.000000000000000000e+00 -1.000000000000000000e+00 1.057000000000000028e+01 -1.000000000000000000e+00 6.599999999999999645e+00
-1.000000000000000000e+00 1.901999999999999957e+01 6.240000000000000213e+00 -1.000000000000000000e+00 -1.000000000000000000e+00 1.048000000000000043e+01 1.065000000000000036e+01 -1.000000000000000000e+00 6.580000000000000071e+00
-1.000000000000000000e+00 1.901000000000000156e+01 6.200000000000000178e+00 -1.000000000000000000e+00 -1.000000000000000000e+00 9.230000000000000426e+00 1.066000000000000014e+01 -1.000000000000000000e+00 6.610000000000000320e+00
-1.000000000000000000e+00 1.896000000000000085e+01 6.240000000000000213e+00 -1.000000000000000000e+00 -1.000000000000000000e+00 -1.000000000000000000e+00 1.059999999999999964e+01 -1.000000000000000000e+00 6.620000000000000107e+00
-1.000000000000000000e+00 1.901999999999999957e+01 6.250000000000000000e+00 -1.000000000000000000e+00 -1.000000000000000000e+00 -1.000000000000000000e+00 1.057000000000000028e+01 -1.000000000000000000e+00 6.639999999999999680e+00
-1.000000000000000000e+00 1.903000000000000114e+01 6.209999999999999964e+00 -1.000000000000000000e+00 -1.000000000000000000e+00 -1.000000000000000000e+00 1.052999999999999936e+01 -1.000000000000000000e+00 6.589999999999999858e+00
-1.000000000000000000e+00 1.910999999999999943e+01 6.269999999999999574e+00 -1.000000000000000000e+00 -1.000000000000000000e+00 -1.000000000000000000e+00 1.059999999999999964e+01 -1.000000000000000000e+00 6.599999999999999645e+00
-1.000000000000000000e+00 1.905999999999999872e+01 6.309999999999999609e+00 -1.000000000000000000e+00 -1.000000000000000000e+00 9.679999999999999716e+00 1.063000000000000078e+01 -1.000000000000000000e+00 6.559999999999999609e+00
-1.000000000000000000e+00 1.898000000000000043e+01 6.280000000000000249e+00 -1.000000000000000000e+00 -1.000000000000000000e+00 1.056000000000000050e+01 1.065000000000000036e+01 -1.000000000000000000e+00 6.610000000000000320e+00
-1.000000000000000000e+00 1.898000000000000043e+01 6.250000000000000000e+00 -1.000000000000000000e+00 -1.000000000000000000e+00 1.057000000000000028e+01 1.060999999999999943e+01 -1.000000000000000000e+00 6.610000000000000320e+00
-1.000000000000000000e+00 1.907999999999999829e+01 6.280000000000000249e+00 -1.000000000000000000e+00 -1.000000000000000000e+00 -1.000000000000000000e+00 1.057000000000000028e+01 -1.000000000000000000e+00 6.610000000000000320e+00
-1.000000000000000000e+00 1.903999999999999915e+01 6.230000000000000426e+00 -1.000000000000000000e+00 -1.000000000000000000e+00 9.660000000000000142e+00 1.064000000000000057e+01 -1.000000000000000000e+00 6.650000000000000355e+00
-1.000000000000000000e+00 1.901999999999999957e+01 6.280000000000000249e+00 -1.000000000000000000e+00 -1.000000000000000000e+00 1.013000000000000078e+01 1.052999999999999936e+01 -1.000000000000000000e+00 6.639999999999999680e+00
-1.000000000000000000e+00 1.896999999999999886e+01 6.190000000000000391e+00 -1.000000000000000000e+00 -1.000000000000000000e+00 1.058999999999999986e+01 1.060999999999999943e+01 -1.000000000000000000e+00 6.620000000000000107e+00
-1.000000000000000000e+00 1.903000000000000114e+01 6.259999999999999787e+00 -1.000000000000000000e+00 -1.000000000000000000e+00 1.013000000000000078e+01 1.057000000000000028e+01 -1.000000000000000000e+00 6.599999999999999645e+00
-1.000000000000000000e+00 1.903999999999999915e+01 6.240000000000000213e+00 -1.000000000000000000e+00 -1.000000000000000000e+00 1.050999999999999979e+01 1.055000000000000071e+01 -1.000000000000000000e+00 6.620000000000000107e+00
-1.000000000000000000e+00 1.903999999999999915e+01 6.290000000000000036e+00 -1.000000000000000000e+00 -1.000000000000000000e+00 -1.000000000000000000e+00 1.063000000000000078e+01 1.269999999999999929e+01 6.599999999999999645e+00
-1.000000000000000000e+00 1.905999999999999872e+01 6.269999999999999574e+00 -1.000000000000000000e+00 -1.000000000000000000e+00 1.000000000000000000e+01 1.060999999999999943e+01 -1.000000000000000000e+00 6.589999999999999858e+00
-1.000000000000000000e+00 1.905999999999999872e+01 6.209999999999999964e+00 -1.000000000000000000e+00 -1.000000000000000000e+00 1.005000000000000071e+01 1.058000000000000007e+01 -1.000000000000000000e+00 6.620000000000000107e+00
-1.000000000000000000e+00 1.901999999999999957e+01 6.179999999999999716e+00 -1.000000000000000000e+00 -1.000000000000000000e+00 -1.000000000000000000e+00 1.057000000000000028e+01 -1.000000000000000000e+00 6.629999999999999893e+00
-1.000000000000000000e+00 1.901000000000000156e+01 6.309999999999999609e+00 -1.000000000000000000e+00 -1.000000000000000000e+00 1.018999999999999950e+01 1.063000000000000078e+01 -1.000000000000000000e+00 6.650000000000000355e+00
-1.000000000000000000e+00 1.901000000000000156e+01 6.269999999999999574e+00 -1.000000000000000000e+00 -1.000000000000000000e+00 -1.000000000000000000e+00 1.066000000000000014e+01 -1.000000000000000000e+00 6.610000000000000320e+00
-1.000000000000000000e+00 1.907000000000000028e+01 6.240000000000000213e+00 -1.000000000000000000e+00 -1.000000000000000000e+00 1.008000000000000007e+01 1.060999999999999943e+01 -1.000000000000000000e+00 6.610000000000000320e+00
-1.000000000000000000e+00 1.896999999999999886e+01 6.219999999999999751e+00 -1.000000000000000000e+00 -1.000000000000000000e+00 -1.000000000000000000e+00 1.057000000000000028e+01 -1.000000000000000000e+00 6.599999999999999645e+00
-1.000000000000000000e+00 1.903999999999999915e+01 6.330000000000000071e+00 -1.000000000000000000e+00 -1.000000000000000000e+00 -1.000000000000000000e+00 1.059999999999999964e+01 -1.000000000000000000e+00 6.629999999999999893e+00
-1.000000000000000000e+00 1.901000000000000156e+01 6.250000000000000000e+00 -1.000000000000000000e+00 -1.000000000000000000e+00 9.730000000000000426e+00 1.061999999999999922e+01 -1.000000000000000000e+00 6.629999999999999893e+00
-1.000000000000000000e+00 1.903999999999999915e+01 6.259999999999999787e+00 -1.000000000000000000e+00 -1.000000000000000000e+00 1.016000000000000014e+01 1.058000000000000007e+01 -1.000000000000000000e+00 6.639999999999999680e+00
-1.000000000000000000e+00 1.898999999999999844e+01 6.250000000000000000e+00 -1.000000000000000000e+00 -1.000000000000000000e+00 9.679999999999999716e+00 1.058999999999999986e+01 -1.000000000000000000e+00 6.629999999999999893e+00
-1.000000000000000000e+00 1.903000000000000114e+01 6.240000000000000213e+00 -1.000000000000000000e+00 -1.000000000000000000e+00 1.016000000000000014e+01 1.061999999999999922e+01 -1.000000000000000000e+00 6.629999999999999893e+00
-1.000000000000000000e+00 1.910999999999999943e+01 6.269999999999999574e+00 -1.000000000000000000e+00 -1.000000000000000000e+00 -1.000000000000000000e+00 1.061999999999999922e+01 -1.000000000000000000e+00 6.620000000000000107e+00
-1.000000000000000000e+00 1.907000000000000028e+01 6.230000000000000426e+00 -1.000000000000000000e+00 -1.000000000000000000e+00 1.158999999999999986e+01 1.058999999999999986e+01 -1.000000000000000000e+00 6.639999999999999680e+00
-1.000000000000000000e+00 1.903999999999999915e+01 6.349999999999999645e+00 -1.000000000000000000e+00 -1.000000000000000000e+00 1.011999999999999922e+01 1.061999999999999922e+01 -1.000000000000000000e+00 6.660000000000000142e+00
-1.000000000000000000e+00 1.907000000000000028e+01 6.269999999999999574e+00 -1.000000000000000000e+00 -1.000000000000000000e+00 1.055000000000000071e+01 1.061999999999999922e+01 -1.000000000000000000e+00 6.610000000000000320e+00
-1.000000000000000000e+00 1.907000000000000028e+01 6.259999999999999787e+00 -1.000000000000000000e+00 -1.000000000000000000e+00 1.013000000000000078e+01 1.057000000000000028e+01 -1.000000000000000000e+00 6.669999999999999929e+00
-1.000000000000000000e+00 1.903000000000000114e+01 6.280000000000000249e+00 -1.000000000000000000e+00 -1.000000000000000000e+00 -1.000000000000000000e+00 1.056000000000000050e+01 -1.000000000000000000e+00 6.620000000000000107e+00
-1.000000000000000000e+00 1.905999999999999872e+01 6.240000000000000213e+00 -1.000000000000000000e+00 -1.000000000000000000e+00 8.650000000000000355e+00 1.057000000000000028e+01 -1.000000000000000000e+00 6.599999999999999645e+00
-1.000000000000000000e+00 1.903999999999999915e+01 6.330000000000000071e+00 -1.000000000000000000e+00 -1.000000000000000000e+00 1.053999999999999915e+01 1.059999999999999964e+01 -1.000000000000000000e+00 6.580000000000000071e+00
-1.000000000000000000e+00 1.903999999999999915e+01 6.219999999999999751e+00 -1.000000000000000000e+00 -1.000000000000000000e+00 1.056000000000000050e+01 1.060999999999999943e+01 -1.000000000000000000e+00 6.610000000000000320e+00
-1.000000000000000000e+00 1.901999999999999957e+01 6.250000000000000000e+00 -1.000000000000000000e+00 -1.000000000000000000e+00 1.055000000000000071e+01 1.058999999999999986e+01 -1.000000000000000000e+00 6.629999999999999893e+00
-1.000000000000000000e+00 1.907000000000000028e+01 6.190000000000000391e+00 -1.000000000000000000e+00 -1.000000000000000000e+00 9.599999999999999645e+00 1.065000000000000036e+01 -1.000000000000000000e+00 6.610000000000000320e+00
-1.000000000000000000e+00 1.905000000000000071e+01 6.169999999999999929e+00 -1.000000000000000000e+00 -1.000000000000000000e+00 1.057000000000000028e+01 1.056000000000000050e+01 -1.000000000000000000e+00 6.610000000000000320e+00
-1.000000000000000000e+00 1.905000000000000071e+01 6.089999999999999858e+00 -1.000000000000000000e+00 -1.000000000000000000e+00 1.058000000000000007e+01 1.058000000000000007e+01 -1.000000000000000000e+00 6.610000000000000320e+00
-1.000000000000000000e+00 1.903999999999999915e+01 6.160000000000000142e+00 -1.000000000000000000e+00 -1.000000000000000000e+00 1.050999999999999979e+01 1.060999999999999943e+01 -1.000000000000000000e+00 6.610000000000000320e+00
-1.000000000000000000e+00 1.901000000000000156e+01 6.169999999999999929e+00 -1.000000000000000000e+00 -1.000000000000000000e+00 1.008000000000000007e+01 1.051999999999999957e+01 -1.000000000000000000e+00 6.599999999999999645e+00
-1.000000000000000000e+00 1.898999999999999844e+01 6.129999999999999893e+00 -1.000000000000000000e+00 -1.000000000000000000e+00 1.057000000000000028e+01 1.055000000000000071e+01 -1.000000000000000000e+00 6.610000000000000320e+00
-1.000000000000000000e+00 1.903999999999999915e+01 6.190000000000000391e+00 -1.000000000000000000e+00 -1.000000000000000000e+00 1.059999999999999964e+01 1.055000000000000071e+01 1.158999999999999986e+01 6.620000000000000107e+00
-1.000000000000000000e+00 1.900000000000000000e+01 6.219999999999999751e+00 -1.000000000000000000e+00 -1.000000000000000000e+00 -1.000000000000000000e+00 1.067999999999999972e+01 -1.000000000000000000e+00 6.610000000000000320e+00
-1.000000000000000000e+00 1.903000000000000114e+01 6.139999999999999680e+00 -1.000000000000000000e+00 -1.000000000000000000e+00 1.052999999999999936e+01 1.064000000000000057e+01 -1.000000000000000000e+00 6.620000000000000107e+00
-1.000000000000000000e+00 1.896000000000000085e+01 6.089999999999999858e+00 -1.000000000000000000e+00 -1.000000000000000000e+00 1.061999999999999922e+01 1.066000000000000014e+01 -1.000000000000000000e+00 6.610000000000000320e+00
-1.000000000000000000e+00 1.907000000000000028e+01 6.139999999999999680e+00 -1.000000000000000000e+00 -1.000000000000000000e+00 9.660000000000000142e+00 1.056000000000000050e+01 -1.000000000000000000e+00 6.639999999999999680e+00
-1.000000000000000000e+00 1.901999999999999957e+01 6.169999999999999929e+00 -1.000000000000000000e+00 -1.000000000000000000e+00 1.050000000000000000e+01 1.065000000000000036e+01 1.068999999999999950e+01 6.599999999999999645e+00
