-1.000000000000000000e+00 -1.000000000000000000e+00 -1.000000000000000000e+00 -1.000000000000000000e+00 -1.000000000000000000e+00 -1.000000000000000000e+00 -1.000000000000000000e+00 -1.000000000000000000e+00 -1.000000000000000000e+00
-1.000000000000000000e+00 1.285999999999999943e+01 -1.000000000000000000e+00 6.240000000000000213e+00 -1.000000000000000000e+00 -1.000000000000000000e+00 5.719999999999999751e+00 5.320000000000000284e+00 3.669999999999999929e+00
-1.000000000000000000e+00 1.284999999999999964e+01 -1.000000000000000000e+00 6.240000000000000213e+00 -1.000000000000000000e+00 -1.000000000000000000e+00 5.799999999999999822e+00 5.209999999999999964e+00 3.640000000000000124e+00
-1.000000000000000000e+00 1.285999999999999943e+01 -1.000000000000000000e+00 6.230000000000000426e+00 -1.000000000000000000e+00 -1.000000000000000000e+00 5.809999999999999609e+00 4.750000000000000000e+00 3.569999999999999840e+00
-1.000000000000000000e+00 1.284999999999999964e+01 -1.000000000000000000e+00 6.269999999999999574e+00 -1.000000000000000000e+00 -1.000000000000000000e+00 5.809999999999999609e+00 5.280000000000000249e+00 3.640000000000000124e+00
-1.000000000000000000e+00 1.283999999999999986e+01 -1.000000000000000000e+00 6.209999999999999964e+00 -1.000000000000000000e+00 -1.000000000000000000e+00 5.740000000000000213e+00 5.259999999999999787e+00 3.569999999999999840e+00
-1.000000000000000000e+00 1.288000000000000078e+01 -1.000000000000000000e+00 6.290000000000000036e+00 -1.000000000000000000e+00 -1.000000000000000000e+00 5.730000000000000426e+00 4.700000000000000178e+00 3.640000000000000124e+00
-1.000000000000000000e+00 1.283999999999999986e+01 -1.000000000000000000e+00 6.209999999999999964e+00 -1.000000000000000000e+00 -1.000000000000000000e+00 5.740000000000000213e+00 5.269999999999999574e+00 3.629999999999999893e+00
-1.000000000000000000e+00 1.291000000000000014e+01 -1.000000000000000000e+00 6.219999999999999751e+00 -1.000000000000000000e+00 -1.000000000000000000e+00 5.750000000000000000e+00 5.219999999999999751e+00 3.589999999999999858e+00
-1.000000000000000000e+00 1.284999999999999964e+01 -1.000000000000000000e+00 6.219999999999999751e+00 -1.000000000000000000e+00 -1.000000000000000000e+00 5.790000000000000036e+00 4.669999999999999929e+00 3.589999999999999858e+00
-1.000000000000000000e+00 1.286999999999999922e+01 -1.000000000000000000e+00 6.200000000000000178e+00 -1.000000000000000000e+00 -1.000000000000000000e+00 5.750000000000000000e+00 4.620000000000000107e+00 3.600000000000000089e+00
-1.000000000000000000e+00 1.284999999999999964e+01 -1.000000000000000000e+00 6.250000000000000000e+00 -1.000000000000000000e+00 -1.000000000000000000e+00 5.759999999999999787e+00 4.719999999999999751e+00 3.689999999999999947e+00
-1.000000000000000000e+00 1.278999999999999915e+01 -1.000000000000000000e+00 6.230000000000000426e+00 -1.000000000000000000e+00 -1.000000000000000000e+00 5.790000000000000036e+00 4.179999999999999716e+00 3.620000000000000107e+00
-1.000000000000000000e+00 1.284999999999999964e+01 -1.000000000000000000e+00 6.230000000000000426e+00 -1.000000000000000000e+00 -1.000000000000000000e+00 5.790000000000000036e+00 4.650000000000000355e+00 3.600000000000000089e+00
-1.000000000000000000e+00 1.276999999999999957e+01 -1.000000000000000000e+00 6.250000000000000000e+00 -1.000000000000000000e+00 -1.000000000000000000e+00 5.759999999999999787e+00 5.280000000000000249e+00 3.600000000000000089e+00
-1.000000000000000000e+00 1.286999999999999922e+01 -1.000000000000000000e+00 6.219999999999999751e+00 -1.000000000000000000e+00 -1.000000000000000000e+00 5.719999999999999751e+00 5.280000000000000249e+00 3.629999999999999893e+00
-1.000000000000000000e+00 1.291000000000000014e+01 -1.000000000000000000e+00 6.230000000000000426e+00 -1.000000000000000000e+00 -1.000000000000000000e+00 5.759999999999999787e+00 5.250000000000000000e+00 3.649999999999999911e+00
-1.000000000000000000e+00 1.290000000000000036e+01 -1.000000000000000000e+00 6.269999999999999574e+00 -1.000000000000000000e+00 -1.000000000000000000e+00 5.740000000000000213e+00 5.280000000000000249e+00 3.600000000000000089e+00
-1.000000000000000000e+00 1.284999999999999964e+01 -1.000000000000000000e+00 6.269999999999999574e+00 -1.000000000000000000e+00 -1.000000000000000000e+00 5.790000000000000036e+00 5.290000000000000036e+00 3.649999999999999911e+00
-1.000000000000000000e+00 1.281000000000000050e+01 -1.000000000000000000e+00 6.230000000000000426e+00 -1.000000000000000000e+00 -1.000000000000000000e+00 5.740000000000000213e+00 5.240000000000000213e+00 3.689999999999999947e+00
-1.000000000000000000e+00 1.276999999999999957e+01 -1.000000000000000000e+00 6.259999999999999787e+00 -1.000000000000000000e+00 -1.000000000000000000e+00 5.750000000000000000e+00 5.240000000000000213e+00 3.600000000000000089e+00
-1.000000000000000000e+00 1.288000000000000078e+01 -1.000000000000000000e+00 6.259999999999999787e+00 -1.000000000000000000e+00 -1.000000000000000000e+00 5.730000000000000426e+00 4.639999999999999680e+00 3.560000000000000053e+00
-1.000000000000000000e+00 1.283999999999999986e+01 -1.000000000000000000e+00 6.230000000000000426e+00 -1.000000000000000000e+00 -1.000000000000000000e+00 5.790000000000000036e+00 4.679999999999999716e+00 3.640000000000000124e+00
-1.000000000000000000e+00 1.288000000000000078e+01 -1.000000000000000000e+00 6.259999999999999787e+00 -1.000000000000000000e+00 -1.000000000000000000e+00 5.759999999999999787e+00 4.780000000000000249e+00 3.640000000000000124e+00
-1.000000000000000000e+00 1.282000000000000028e+01 -1.000000000000000000e+00 6.209999999999999964e+00 -1.000000000000000000e+00 -1.000000000000000000e+00 5.780000000000000249e+00 4.730000000000000426e+00 3.629999999999999893e+00
-1.000000000000000000e+00 1.283999999999999986e+01 -1.000000000000000000e+00 6.240000000000000213e+00 -1.000000000000000000e+00 -1.000000000000000000e+00 5.700000000000000178e+00 4.639999999999999680e+00 3.600000000000000089e+00
-1.000000000000000000e+00 1.293999999999999950e+01 -1.000000000000000000e+00 6.269999999999999574e+00 -1.000000000000000000e+00 -1.000000000000000000e+00 5.730000000000000426e+00 5.179999999999999716e+00 3.609999999999999876e+00
-1.000000000000000000e+00 1.285999999999999943e+01 -1.000000000000000000e+00 6.209999999999999964e+00 -1.000000000000000000e+00 -1.000000000000000000e+00 5.809999999999999609e+00 4.750000000000000000e+00 3.669999999999999929e+00
-1.000000000000000000e+00 1.282000000000000028e+01 -1.000000000000000000e+00 6.240000000000000213e+00 -1.000000000000000000e+00 -1.000000000000000000e+00 5.750000000000000000e+00 5.259999999999999787e+00 3.649999999999999911e+00
-1.000000000000000000e+00 1.286999999999999922e+01 -1.000000000000000000e+00 6.240000000000000213e+00 -1.000000000000000000e+00 -1.000000000000000000e+00 5.769999999999999574e+00 4.679999999999999716e+00 3.609999999999999876e+00
-1.000000000000000000e+00 1.291000000000000014e+01 -1.000000000000000000e+00 6.259999999999999787e+00 -1.000000000000000000e+00 -1.000000000000000000e+00 5.750000000000000000e+00 5.240000000000000213e+00 3.609999999999999876e+00
-1.000000000000000000e+00 1.288000000000000078e+01 -1.000000000000000000e+00 6.209999999999999964e+00 -1.000000000000000000e+00 -1.000000000000000000e+00 5.719999999999999751e+00 5.089999999999999858e+00 3.649999999999999911e+00
-1.000000000000000000e+00 1.288000000000000078e+01 -1.000000000000000000e+00 6.240000000000000213e+00 -1.000000000000000000e+00 -1.000000000000000000e+00 5.740000000000000213e+00 5.200000000000000178e+00 3.660000000000000142e+00
-1.000000000000000000e+00 1.288000000000000078e+01 -1.000000000000000000e+00 6.309999999999999609e+00 -1.000000000000000000e+00 -1.000000000000000000e+00 5.750000000000000000e+00 -1.000000000000000000e+00 3.640000000000000124e+00
-1.000000000000000000e+00 1.286999999999999922e+01 -1.000000000000000000e+00 6.250000000000000000e+00 -1.000000000000000000e+00 -1.000000000000000000e+00 5.769999999999999574e+00 4.750000000000000000e+00 3.640000000000000124e+00
-1.000000000000000000e+00 1.283999999999999986e+01 -1.000000000000000000e+00 6.190000000000000391e+00 -1.000000000000000000e+00 -1.000000000000000000e+00 5.690000000000000391e+00 5.269999999999999574e+00 3.580000000000000071e+00
-1.000000000000000000e+00 1.286999999999999922e+01 -1.000000000000000000e+00 6.250000000000000000e+00 -1.000000000000000000e+00 -1.000000000000000000e+00 5.740000000000000213e+00 4.709999999999999964e+00 3.609999999999999876e+00
-1.000000000000000000e+00 1.286999999999999922e+01 -1.000000000000000000e+00 6.240000000000000213e+00 -1.000000000000000000e+00 -1.000000000000000000e+00 5.780000000000000249e+00 -1.000000000000000000e+00 3.620000000000000107e+00
-1.000000000000000000e+00 1.283999999999999986e+01 -1.000000000000000000e+00 6.240000000000000213e+00 -1.000000000000000000e+00 -1.000000000000000000e+00 5.740000000000000213e+00 5.139999999999999680e+00 3.669999999999999929e+00
-1.000000000000000000e+00 1.280000000000000071e+01 -1.000000000000000000e+00 6.190000000000000391e+00 -1.000000000000000000e+00 -1.000000000000000000e+00 5.750000000000000000e+00 4.700000000000000178e+00 3.640000000000000124e+00
-1.000000000000000000e+00 1.285999999999999943e+01 -1.000000000000000000e+00 6.209999999999999964e+00 -1.000000000000000000e+00 -1.000000000000000000e+00 5.730000000000000426e+00 5.240000000000000213e+00 3.609999999999999876e+00
-1.000000000000000000e+00 1.283000000000000007e+01 -1.000000000000000000e+00 6.259999999999999787e+00 -1.000000000000000000e+00 -1.000000000000000000e+00 5.759999999999999787e+00 4.769999999999999574e+00 3.629999999999999893e+00
-1.000000000000000000e+00 1.289000000000000057e+01 -1.000000000000000000e+00 6.219999999999999751e+00 -1.000000000000000000e+00 -1.000000000000000000e+00 5.730000000000000426e+00 5.219999999999999751e+00 3.600000000000000089e+00
-1.000000000000000000e+00 1.282000000000000028e+01 -1.000000000000000000e+00 6.240000000000000213e+00 -1.000000000000000000e+00 -1.000000000000000000e+00 5.740000000000000213e+00 5.230000000000000426e+00 3.629999999999999893e+00
-1.000000000000000000e+00 1.286999999999999922e+01 -1.000000000000000000e+00 6.269999999999999574e+00 -1.000000000000000000e+00 -1.000000000000000000e+00 5.750000000000000000e+00 5.219999999999999751e+00 3.620000000000000107e+00
-1.000000000000000000e+00 1.285999999999999943e+01 -1.000000000000000000e+00 6.250000000000000000e+00 -1.000000000000000000e+00 -1.000000000000000000e+00 5.769999999999999574e+00 4.790000000000000036e+00 3.620000000000000107e+00
-1.000000000000000000e+00 1.281000000000000050e+01 -1.000000000000000000e+00 6.209999999999999964e+00 -1.000000000000000000e+00 -1.000000000000000000e+00 5.730000000000000426e+00 5.230000000000000426e+00 3.600000000000000089e+00
-1.000000000000000000e+00 1.290000000000000036e+01 -1.000000000000000000e+00 6.179999999999999716e+00 -1.000000000000000000e+00 -1.000000000000000000e+00 5.790000000000000036e+00 -1.000000000000000000e+00 3.620000000000000107e+00
-1.000000000000000000e+00 1.280000000000000071e+01 -1.000000000000000000e+00 6.209999999999999964e+00 -1.000000000000000000e+00 -1.000000000000000000e+00 5.740000000000000213e+00 5.299999999999999822e+00 3.649999999999999911e+00
-1.000000000000000000e+00 1.291000000000000014e+01 -1.000000000000000000e+00 6.219999999999999751e+00 -1.000000000000000000e+00 -1.000000000000000000e+00 5.750000000000000000e+00 4.719999999999999751e+00 3.580000000000000071e+00
-1.000000000000000000e+00 1.282000000000000028e+01 -1.000000000000000000e+00 6.219999999999999751e+00 -1.000000000000000000e+00 -1.000000000000000000e+00 5.750000000000000000e+00 4.690000000000000391e+00 3.640000000000000124e+00
-1.000000000000000000e+00 1.291999999999999993e+01 -1.000000000000000000e+00 6.219999999999999751e+00 -1.000000000000000000e+00 -1.000000000000000000e+00 5.700000000000000178e+00 4.759999999999999787e+00 3.609999999999999876e+00
-1.000000000000000000e+00 1.289000000000000057e+01 -1.000000000000000000e+00 6.240000000000000213e+00 -1.000000000000000000e+00 -1.000000000000000000e+00 5.700000000000000178e+00 5.290000000000000036e+00 3.600000000000000089e+00
-1.000000000000000000e+00 1.289000000000000057e+01 -1.000000000000000000e+00 6.250000000000000000e+00 -1.000000000000000000e+00 -1.000000000000000000e+00 5.759999999999999787e+00 4.769999999999999574e+00 3.629999999999999893e+00
-1.000000000000000000e+00 1.291999999999999993e+01 -1.000000000000000000e+00 6.240000000000000213e+00 -1.000000000000000000e+00 -1.000000000000000000e+00 5.740000000000000213e+00 -1.000000000000000000e+00 3.609999999999999876e+00
-1.000000000000000000e+00 1.289000000000000057e+01 -1.000000000000000000e+00 6.240000000000000213e+00 -1.000000000000000000e+00 -1.000000000000000000e+00 5.740000000000000213e+00 4.759999999999999787e+00 3.640000000000000124e+00
-1.000000000000000000e+00 1.283000000000000007e+01 -1.000000000000000000e+00 6.280000000000000249e+00 -1.000000000000000000e+00 -1.000000000000000000e+00 5.799999999999999822e+00 4.769999999999999574e+00 3.669999999999999929e+00
-1.000000000000000000e+00 1.277999999999999936e+01 -1.000000000000000000e+00 6.209999999999999964e+00 -1.000000000000000000e+00 -1.000000000000000000e+00 5.719999999999999751e+00 5.230000000000000426e+00 3.620000000000000107e+00
-1.000000000000000000e+00 1.290000000000000036e+01 -1.000000000000000000e+00 6.259999999999999787e+00 -1.000000000000000000e+00 -1.000000000000000000e+00 5.750000000000000000e+00 4.780000000000000249e+00 3.629999999999999893e+00
-1.000000000000000000e+00 1.286999999999999922e+01 -1.000000000000000000e+00 6.209999999999999964e+00 -1.000000000000000000e+00 -1.000000000000000000e+00 5.690000000000000391e+00 4.639999999999999680e+00 3.629999999999999893e+00
-1.000000000000000000e+00 1.288000000000000078e+01 -1.000000000000000000e+00 6.219999999999999751e+00 -1.000000000000000000e+00 -1.000000000000000000e+00 5.719999999999999751e+00 -1.000000000000000000e+00 3.629999999999999893e+00
-1.000000000000000000e+00 1.283999999999999986e+01 -1.000000000000000000e+00 6.240000000000000213e+00 -1.000000000000000000e+00 -1.000000000000000000e+00 5.750000000000000000e+00 -1.000000000000000000e+00 3.640000000000000124e+00
-1.000000000000000000e+00 1.284999999999999964e+01 -1.000000000000000000e+00 6.230000000000000426e+00 -1.000000000000000000e+00 -1.000000000000000000e+00 5.730000000000000426e+00 4.690000000000000391e+00 3.660000000000000142e+00
-1.000000000000000000e+00 1.286999999999999922e+01 -1.000000000000000000e+00 6.240000000000000213e+00 -1.000000000000000000e+00 -1.000000000000000000e+00 5.759999999999999787e+00 4.700000000000000178e+00 3.569999999999999840e+00
-1.000000000000000000e+00 1.291000000000000014e+01 -1.000000000000000000e+00 6.230000000000000426e+00 -1.000000000000000000e+00 -1.000000000000000000e+00 5.730000000000000426e+00 5.219999999999999751e+00 3.600000000000000089e+00
-1.000000000000000000e+00 1.284999999999999964e+01 -1.000000000000000000e+00 6.269999999999999574e+00 -1.000000000000000000e+00 -1.000000000000000000e+00 5.730000000000000426e+00 5.190000000000000391e+00 3.629999999999999893e+00
-1.000000000000000000e+00 1.289000000000000057e+01 -1.000000000000000000e+00 6.299999999999999822e+00 -1.000000000000000000e+00 -1.000000000000000000e+00 5.709999999999999964e+00 -1.000000000000000000e+00 3.569999999999999840e+00
-1.000000000000000000e+00 1.284999999999999964e+01 -1.000000000000000000e+00 6.269999999999999574e+00 -1.000000000000000000e+00 -1.000000000000000000e+00 5.780000000000000249e+00 4.589999999999999858e+00 3.629999999999999893e+00
-1.000000000000000000e+00 1.286999999999999922e+01 -1.000000000000000000e+00 6.259999999999999787e+00 -1.000000000000000000e+00 -1.000000000000000000e+00 5.740000000000000213e+00 5.240000000000000213e+00 3.589999999999999858e+00
-1.000000000000000000e+00 1.282000000000000028e+01 -1.000000000000000000e+00 6.259999999999999787e+00 -1.000000000000000000e+00 -1.000000000000000000e+00 5.780000000000000249e+00 5.290000000000000036e+00 3.629999999999999893e+00
-1.000000000000000000e+00 1.286999999999999922e+01 -1.000000000000000000e+00 6.250000000000000000e+00 -1.000000000000000000e+00 -1.000000000000000000e+00 5.719999999999999751e+00 4.169999999999999929e+00 3.660000000000000142e+00
-1.000000000000000000e+00 1.294999999999999929e+01 -1.000000000000000000e+00 6.259999999999999787e+00 -1.000000000000000000e+00 -1.000000000000000000e+00 5.750000000000000000e+00 5.299999999999999822e+00 3.620000000000000107e+00
-1.000000000000000000e+00 1.284999999999999964e+01 -1.000000000000000000e+00 6.209999999999999964e+00 -1.000000000000000000e+00 -1.000000000000000000e+00 5.719999999999999751e+00 5.200000000000000178e+00 3.620000000000000107e+00
-1.000000000000000000e+00 1.286999999999999922e+01 -1.000000000000000000e+00 6.219999999999999751e+00 -1.000000000000000000e+00 -1.000000000000000000e+00 5.759999999999999787e+00 4.780000000000000249e+00 3.620000000000000107e+00
-1.000000000000000000e+00 1.281000000000000050e+01 -1.000000000000000000e+00 6.230000000000000426e+00 -1.000000000000000000e+00 -1.000000000000000000e+00 5.740000000000000213e+00 4.719999999999999751e+00 3.620000000000000107e+00
-1.000000000000000000e+00 1.291999999999999993e+01 -1.000000000000000000e+00 6.269999999999999574e+00 -1.000000000000000000e+00 -1.000000000000000000e+00 5.719999999999999751e+00 4.730000000000000426e+00 3.629999999999999893e+00
-1.000000000000000000e+00 1.283999999999999986e+01 -1.000000000000000000e+00 6.240000000000000213e+00 -1.000000000000000000e+00 -1.000000000000000000e+00 5.719999999999999751e+00 4.759999999999999787e+00 3.669999999999999929e+00
-1.000000000000000000e+00 1.286999999999999922e+01 -1.000000000000000000e+00 6.259999999999999787e+00 -1.000000000000000000e+00 -1.000000000000000000e+00 5.719999999999999751e+00 5.209999999999999964e+00 3.640000000000000124e+00
-1.000000000000000000e+00 1.288000000000000078e+01 -1.000000000000000000e+00 6.230000000000000426e+00 -1.000000000000000000e+00 -1.000000000000000000e+00 5.759999999999999787e+00 5.330000000000000071e+00 3.609999999999999876e+00
-1.000000000000000000e+00 1.291000000000000014e+01 -1.000000000000000000e+00 6.240000000000000213e+00 -1.000000000000000000e+00 -1.000000000000000000e+00 5.740000000000000213e+00 5.230000000000000426e+00 3.620000000000000107e+00
-1.000000000000000000e+00 1.293999999999999950e+01 -1.000000000000000000e+00 6.209999999999999964e+00 -1.000000000000000000e+00 -1.000000000000000000e+00 5.719999999999999751e+00 4.120000000000000107e+00 3.640000000000000124e+00
-1.000000000000000000e+00 1.290000000000000036e+01 -1.000000000000000000e+00 6.230000000000000426e+00 -1.000000000000000000e+00 -1.000000000000000000e+00 5.709999999999999964e+00 -1.000000000000000000e+00 3.629999999999999893e+00
-1.000000000000000000e+00 1.284999999999999964e+01 -1.000000000000000000e+00 6.269999999999999574e+00 -1.000000000000000000e+00 -1.000000000000000000e+00 5.740000000000000213e+00 -1.000000000000000000e+00 3.660000000000000142e+00
-1.000000000000000000e+00 1.288000000000000078e+01 -1.000000000000000000e+00 6.200000000000000178e+00 -1.000000000000000000e+00 -1.000000000000000000e+00 5.750000000000000000e+00 5.339999999999999858e+00 3.640000000000000124e+00
-1.000000000000000000e+00 1.291999999999999993e+01 -1.000000000000000000e+00 6.230000000000000426e+00 -1.000000000000000000e+00 -1.000000000000000000e+00 5.740000000000000213e+00 5.179999999999999716e+00 3.669999999999999929e+00
-1.000000000000000000e+00 1.290000000000000036e+01 -1.000000000000000000e+00 6.209999999999999964e+00 -1.000000000000000000e+00 -1.000000000000000000e+00 5.719999999999999751e+00 -1.000000000000000000e+00 3.600000000000000089e+00
-1.000000000000000000e+00 1.291999999999999993e+01 -1.000000000000000000e+00 6.259999999999999787e+00 -1.000000000000000000e+00 -1.000000000000000000e+00 5.639999999999999680e+00 4.690000000000000391e+00 3.660000000000000142e+00
-1.000000000000000000e+00 1.283999999999999986e+01 -1.000000000000000000e+00 6.230000000000000426e+00 -1.000000000000000000e+00 -1.000000000000000000e+00 5.719999999999999751e+00 4.669999999999999929e+00 3.629999999999999893e+00
-1.000000000000000000e+00 1.283999999999999986e+01 -1.000000000000000000e+00 6.240000000000000213e+00 -1.000000000000000000e+00 -1.000000000000000000e+00 5.759999999999999787e+00 5.219999999999999751e+00 3.649999999999999911e+00
-1.000000000000000000e+00 1.288000000000000078e+01 -1.000000000000000000e+00 6.240000000000000213e+00 -1.000000000000000000e+00 -1.000000000000000000e+00 5.719999999999999751e+00 5.589999999999999858e+00 3.600000000000000089e+00
-1.000000000000000000e+00 1.285999999999999943e+01 -1.000000000000000000e+00 6.179999999999999716e+00 -1.000000000000000000e+00 -1.000000000000000000e+00 5.730000000000000426e+00 4.139999999999999680e+00 3.609999999999999876e+00
-1.000000000000000000e+00 1.288000000000000078e+01 -1.000000000000000000e+00 6.240000000000000213e+00 -1.000000000000000000e+00 -1.000000000000000000e+00 5.769999999999999574e+00 5.250000000000000000e+00 3.589999999999999858e+00
-1.000000000000000000e+00 1.286999999999999922e+01 -1.000000000000000000e+00 6.240000000000000213e+00 -1.000000000000000000e+00 -1.000000000000000000e+00 5.759999999999999787e+00 4.690000000000000391e+00 3.640000000000000124e+00
-1.000000000000000000e+00 1.283999999999999986e+01 -1.000000000000000000e+00 6.240000000000000213e+00 -1.000000000000000000e+00 -1.000000000000000000e+00 5.780000000000000249e+00 5.219999999999999751e+00 3.600000000000000089e+00
-1.000000000000000000e+00 1.283999999999999986e+01 -1.000000000000000000e+00 6.209999999999999964e+00 -1.000000000000000000e+00 -1.000000000000000000e+00 5.759999999999999787e+00 4.679999999999999716e+00 3.620000000000000107e+00
-1.000000000000000000e+00 1.292999999999999972e+01 -1.000000000000000000e+00 6.190000000000000391e+00 -1.000000000000000000e+00 -1.000000000000000000e+00 5.780000000000000249e+00 5.250000000000000000e+00 3.589999999999999858e+00
-1.000000000000000000e+00 1.283999999999999986e+01 -1.000000000000000000e+00 6.169999999999999929e+00 -1.000000000000000000e+00 -1.000000000000000000e+00 5.719999999999999751e+00 5.269999999999999574e+00 3.669999999999999929e+00
-1.000000000000000000e+00 1.291000000000000014e+01 -1.000000000000000000e+00 6.200000000000000178e+00 -1.000000000000000000e+00 -1.000000000000000000e+00 5.769999999999999574e+00 5.219999999999999751e+00 3.620000000000000107e+00
-1.000000000000000000e+00 1.286999999999999922e+01 -1.000000000000000000e+00 6.250000000000000000e+00 -1.000000000000000000e+00 -1.000000000000000000e+00 5.759999999999999787e+00 4.660000000000000142e+00 3.629999999999999893e+00
-1.000000000000000000e+00 1.289000000000000057e+01 -1.000000000000000000e+00 6.280000000000000249e+00 -1.000000000000000000e+00 -1.000000000000000000e+00 5.769999999999999574e+00 4.709999999999999964e+00 3.609999999999999876e+00
