-1.000000000000000000e+00 -1.000000000000000000e+00 -1.000000000000000000e+00 -1.000000000000000000e+00 -1.000000000000000000e+00 -1.000000000000000000e+00 -1.000000000000000000e+00 -1.000000000000000000e+00 -1.000000000000000000e+00
-1.000000000000000000e+00 8.619999999999999218e+00 5.660000000000000142e+00 1.056000000000000050e+01 -1.000000000000000000e+00 1.935999999999999943e+01 -1.000000000000000000e+00 3.919999999999999929e+00 4.490000000000000213e+00
-1.000000000000000000e+00 8.679999999999999716e+00 5.669999999999999929e+00 1.044999999999999929e+01 -1.000000000000000000e+00 1.939999999999999858e+01 -1.000000000000000000e+00 3.899999999999999911e+00 4.490000000000000213e+00
-1.000000000000000000e+00 8.619999999999999218e+00 5.690000000000000391e+00 1.051999999999999957e+01 -1.000000000000000000e+00 1.937999999999999901e+01 -1.000000000000000000e+00 3.930000000000000160e+00 4.469999999999999751e+00
-1.000000000000000000e+00 8.669999999999999929e+00 5.709999999999999964e+00 1.048000000000000043e+01 -1.000000000000000000e+00 1.932000000000000028e+01 -1.000000000000000000e+00 3.930000000000000160e+00 4.469999999999999751e+00
-1.000000000000000000e+00 8.630000000000000782e+00 5.660000000000000142e+00 1.050999999999999979e+01 -1.000000000000000000e+00 1.939000000000000057e+01 -1.000000000000000000e+00 3.910000000000000142e+00 4.429999999999999716e+00
-1.000000000000000000e+00 8.539999999999999147e+00 5.679999999999999716e+00 1.053999999999999915e+01 -1.000000000000000000e+00 1.937000000000000099e+01 -1.000000000000000000e+00 3.930000000000000160e+00 4.450000000000000178e+00
-1.000000000000000000e+00 8.609999999999999432e+00 5.709999999999999964e+00 1.049000000000000021e+01 -1.000000000000000000e+00 1.935000000000000142e+01 -1.000000000000000000e+00 3.930000000000000160e+00 4.450000000000000178e+00
-1.000000000000000000e+00 8.650000000000000355e+00 5.700000000000000178e+00 1.050000000000000000e+01 -1.000000000000000000e+00 1.935999999999999943e+01 -1.000000000000000000e+00 3.970000000000000195e+00 4.389999999999999680e+00
-1.000000000000000000e+00 8.589999999999999858e+00 5.669999999999999929e+00 1.065000000000000036e+01 -1.000000000000000000e+00 1.926000000000000156e+01 -1.000000000000000000e+00 3.919999999999999929e+00 4.490000000000000213e+00
-1.000000000000000000e+00 8.640000000000000568e+00 5.660000000000000142e+00 1.046000000000000085e+01 -1.000000000000000000e+00 1.935999999999999943e+01 -1.000000000000000000e+00 3.970000000000000195e+00 4.440000000000000391e+00
-1.000000000000000000e+00 8.730000000000000426e+00 5.700000000000000178e+00 1.051999999999999957e+01 -1.000000000000000000e+00 1.937999999999999901e+01 -1.000000000000000000e+00 3.930000000000000160e+00 4.480000000000000426e+00
-1.000000000000000000e+00 8.689999999999999503e+00 5.679999999999999716e+00 1.052999999999999936e+01 -1.000000000000000000e+00 1.928999999999999915e+01 -1.000000000000000000e+00 3.910000000000000142e+00 4.540000000000000036e+00
-1.000000000000000000e+00 8.619999999999999218e+00 5.620000000000000107e+00 1.053999999999999915e+01 -1.000000000000000000e+00 1.935000000000000142e+01 -1.000000000000000000e+00 3.910000000000000142e+00 4.500000000000000000e+00
-1.000000000000000000e+00 8.630000000000000782e+00 5.679999999999999716e+00 1.050000000000000000e+01 -1.000000000000000000e+00 1.939999999999999858e+01 -1.000000000000000000e+00 3.919999999999999929e+00 4.450000000000000178e+00
-1.000000000000000000e+00 8.650000000000000355e+00 5.629999999999999893e+00 1.055000000000000071e+01 -1.000000000000000000e+00 1.935999999999999943e+01 -1.000000000000000000e+00 3.930000000000000160e+00 4.440000000000000391e+00
-1.000000000000000000e+00 8.640000000000000568e+00 5.639999999999999680e+00 1.049000000000000021e+01 -1.000000000000000000e+00 1.926999999999999957e+01 -1.000000000000000000e+00 3.950000000000000178e+00 4.500000000000000000e+00
-1.000000000000000000e+00 8.630000000000000782e+00 5.639999999999999680e+00 1.055000000000000071e+01 -1.000000000000000000e+00 1.926999999999999957e+01 -1.000000000000000000e+00 3.930000000000000160e+00 4.469999999999999751e+00
-1.000000000000000000e+00 8.589999999999999858e+00 5.679999999999999716e+00 1.057000000000000028e+01 -1.000000000000000000e+00 1.928000000000000114e+01 -1.000000000000000000e+00 3.930000000000000160e+00 4.379999999999999893e+00
-1.000000000000000000e+00 8.560000000000000497e+00 5.650000000000000355e+00 1.052999999999999936e+01 -1.000000000000000000e+00 1.928000000000000114e+01 -1.000000000000000000e+00 3.930000000000000160e+00 4.469999999999999751e+00
-1.000000000000000000e+00 8.619999999999999218e+00 5.660000000000000142e+00 1.040000000000000036e+01 -1.000000000000000000e+00 1.932999999999999829e+01 -1.000000000000000000e+00 3.899999999999999911e+00 4.450000000000000178e+00
-1.000000000000000000e+00 8.679999999999999716e+00 5.690000000000000391e+00 1.074000000000000021e+01 -1.000000000000000000e+00 1.935000000000000142e+01 -1.000000000000000000e+00 3.910000000000000142e+00 4.419999999999999929e+00
-1.000000000000000000e+00 8.759999999999999787e+00 5.669999999999999929e+00 1.044999999999999929e+01 -1.000000000000000000e+00 1.935999999999999943e+01 -1.000000000000000000e+00 3.879999999999999893e+00 4.379999999999999893e+00
-1.000000000000000000e+00 8.660000000000000142e+00 5.660000000000000142e+00 1.050999999999999979e+01 -1.000000000000000000e+00 1.930000000000000071e+01 -1.000000000000000000e+00 3.950000000000000178e+00 4.429999999999999716e+00
-1.000000000000000000e+00 8.630000000000000782e+00 5.650000000000000355e+00 1.050999999999999979e+01 -1.000000000000000000e+00 1.932000000000000028e+01 -1.000000000000000000e+00 3.970000000000000195e+00 4.429999999999999716e+00
-1.000000000000000000e+00 8.589999999999999858e+00 5.650000000000000355e+00 1.042999999999999972e+01 -1.000000000000000000e+00 1.932999999999999829e+01 -1.000000000000000000e+00 3.950000000000000178e+00 4.490000000000000213e+00
-1.000000000000000000e+00 8.619999999999999218e+00 5.679999999999999716e+00 1.057000000000000028e+01 -1.000000000000000000e+00 1.932000000000000028e+01 -1.000000000000000000e+00 3.930000000000000160e+00 4.469999999999999751e+00
-1.000000000000000000e+00 8.650000000000000355e+00 5.660000000000000142e+00 1.051999999999999957e+01 -1.000000000000000000e+00 1.937000000000000099e+01 -1.000000000000000000e+00 3.919999999999999929e+00 4.410000000000000142e+00
-1.000000000000000000e+00 8.619999999999999218e+00 5.700000000000000178e+00 1.052999999999999936e+01 -1.000000000000000000e+00 1.939999999999999858e+01 -1.000000000000000000e+00 3.890000000000000124e+00 4.450000000000000178e+00
-1.000000000000000000e+00 8.730000000000000426e+00 5.669999999999999929e+00 1.051999999999999957e+01 -1.000000000000000000e+00 1.930000000000000071e+01 -1.000000000000000000e+00 3.939999999999999947e+00 4.450000000000000178e+00
-1.000000000000000000e+00 8.630000000000000782e+00 5.669999999999999929e+00 1.058999999999999986e+01 -1.000000000000000000e+00 1.935000000000000142e+01 -1.000000000000000000e+00 3.939999999999999947e+00 4.490000000000000213e+00
-1.000000000000000000e+00 8.720000000000000639e+00 5.660000000000000142e+00 1.051999999999999957e+01 -1.000000000000000000e+00 1.933999999999999986e+01 -1.000000000000000000e+00 3.930000000000000160e+00 4.519999999999999574e+00
-1.000000000000000000e+00 8.580000000000000071e+00 5.690000000000000391e+00 1.049000000000000021e+01 -1.000000000000000000e+00 1.935000000000000142e+01 -1.000000000000000000e+00 3.939999999999999947e+00 4.500000000000000000e+00
-1.000000000000000000e+00 8.640000000000000568e+00 5.690000000000000391e+00 1.040000000000000036e+01 -1.000000000000000000e+00 1.933999999999999986e+01 -1.000000000000000000e+00 3.910000000000000142e+00 4.440000000000000391e+00
-1.000000000000000000e+00 8.619999999999999218e+00 5.700000000000000178e+00 1.057000000000000028e+01 -1.000000000000000000e+00 1.935000000000000142e+01 -1.000000000000000000e+00 3.930000000000000160e+00 4.450000000000000178e+00
-1.000000000000000000e+00 8.699999999999999289e+00 5.669999999999999929e+00 1.055000000000000071e+01 -1.000000000000000000e+00 1.939000000000000057e+01 -1.000000000000000000e+00 3.930000000000000160e+00 4.370000000000000107e+00
-1.000000000000000000e+00 8.710000000000000853e+00 5.690000000000000391e+00 1.044999999999999929e+01 -1.000000000000000000e+00 1.942000000000000171e+01 -1.000000000000000000e+00 3.930000000000000160e+00 4.480000000000000426e+00
-1.000000000000000000e+00 8.550000000000000711e+00 5.669999999999999929e+00 1.052999999999999936e+01 -1.000000000000000000e+00 1.932000000000000028e+01 -1.000000000000000000e+00 3.899999999999999911e+00 4.530000000000000249e+00
-1.000000000000000000e+00 8.720000000000000639e+00 5.629999999999999893e+00 1.061999999999999922e+01 -1.000000000000000000e+00 1.933999999999999986e+01 -1.000000000000000000e+00 3.930000000000000160e+00 4.469999999999999751e+00
-1.000000000000000000e+00 8.650000000000000355e+00 5.679999999999999716e+00 1.053999999999999915e+01 -1.000000000000000000e+00 1.928999999999999915e+01 -1.000000000000000000e+00 3.959999999999999964e+00 4.469999999999999751e+00
-1.000000000000000000e+00 8.630000000000000782e+00 5.660000000000000142e+00 1.052999999999999936e+01 -1.000000000000000000e+00 1.935000000000000142e+01 -1.000000000000000000e+00 3.919999999999999929e+00 4.450000000000000178e+00
-1.000000000000000000e+00 8.589999999999999858e+00 5.709999999999999964e+00 1.050000000000000000e+01 -1.000000000000000000e+00 1.935999999999999943e+01 -1.000000000000000000e+00 3.910000000000000142e+00 4.549999999999999822e+00
-1.000000000000000000e+00 8.619999999999999218e+00 5.660000000000000142e+00 1.050000000000000000e+01 -1.000000000000000000e+00 1.930000000000000071e+01 -1.000000000000000000e+00 3.939999999999999947e+00 4.440000000000000391e+00
-1.000000000000000000e+00 8.640000000000000568e+00 5.650000000000000355e+00 1.059999999999999964e+01 -1.000000000000000000e+00 1.930000000000000071e+01 -1.000000000000000000e+00 3.910000000000000142e+00 4.410000000000000142e+00
-1.000000000000000000e+00 8.679999999999999716e+00 5.669999999999999929e+00 1.051999999999999957e+01 -1.000000000000000000e+00 1.941000000000000014e+01 -1.000000000000000000e+00 3.950000000000000178e+00 4.519999999999999574e+00
-1.000000000000000000e+00 -1.000000000000000000e+00 5.660000000000000142e+00 1.050999999999999979e+01 -1.000000000000000000e+00 1.935000000000000142e+01 -1.000000000000000000e+00 3.890000000000000124e+00 4.490000000000000213e+00
-1.000000000000000000e+00 8.720000000000000639e+00 5.660000000000000142e+00 1.052999999999999936e+01 -1.000000000000000000e+00 1.932999999999999829e+01 -1.000000000000000000e+00 3.899999999999999911e+00 4.440000000000000391e+00
-1.000000000000000000e+00 8.679999999999999716e+00 5.679999999999999716e+00 1.056000000000000050e+01 -1.000000000000000000e+00 1.933999999999999986e+01 -1.000000000000000000e+00 3.939999999999999947e+00 4.469999999999999751e+00
-1.000000000000000000e+00 8.619999999999999218e+00 5.669999999999999929e+00 1.049000000000000021e+01 -1.000000000000000000e+00 1.932000000000000028e+01 -1.000000000000000000e+00 3.930000000000000160e+00 4.469999999999999751e+00
-1.000000000000000000e+00 8.699999999999999289e+00 5.669999999999999929e+00 1.052999999999999936e+01 -1.000000000000000000e+00 1.933999999999999986e+01 -1.000000000000000000e+00 3.930000000000000160e+00 4.349999999999999645e+00
-1.000000000000000000e+00 8.619999999999999218e+00 5.690000000000000391e+00 1.051999999999999957e+01 -1.000000000000000000e+00 1.932999999999999829e+01 -1.000000000000000000e+00 3.910000000000000142e+00 4.509999999999999787e+00
-1.000000000000000000e+00 8.550000000000000711e+00 5.719999999999999751e+00 1.055000000000000071e+01 -1.000000000000000000e+00 1.930999999999999872e+01 -1.000000000000000000e+00 3.959999999999999964e+00 4.509999999999999787e+00
-1.000000000000000000e+00 8.660000000000000142e+00 5.700000000000000178e+00 1.050000000000000000e+01 -1.000000000000000000e+00 1.932000000000000028e+01 -1.000000000000000000e+00 3.859999999999999876e+00 4.500000000000000000e+00
-1.000000000000000000e+00 8.660000000000000142e+00 5.660000000000000142e+00 1.055000000000000071e+01 -1.000000000000000000e+00 1.935000000000000142e+01 -1.000000000000000000e+00 3.990000000000000213e+00 4.410000000000000142e+00
-1.000000000000000000e+00 8.669999999999999929e+00 5.669999999999999929e+00 1.050999999999999979e+01 -1.000000000000000000e+00 1.932000000000000028e+01 -1.000000000000000000e+00 3.910000000000000142e+00 4.459999999999999964e+00
-1.000000000000000000e+00 8.689999999999999503e+00 5.679999999999999716e+00 1.046000000000000085e+01 -1.000000000000000000e+00 1.932999999999999829e+01 -1.000000000000000000e+00 3.930000000000000160e+00 4.459999999999999964e+00
-1.000000000000000000e+00 8.560000000000000497e+00 5.700000000000000178e+00 1.064000000000000057e+01 -1.000000000000000000e+00 1.932999999999999829e+01 -1.000000000000000000e+00 3.899999999999999911e+00 4.450000000000000178e+00
-1.000000000000000000e+00 8.589999999999999858e+00 5.690000000000000391e+00 1.057000000000000028e+01 -1.000000000000000000e+00 1.935999999999999943e+01 -1.000000000000000000e+00 3.899999999999999911e+00 4.490000000000000213e+00
-1.000000000000000000e+00 8.589999999999999858e+00 5.679999999999999716e+00 1.049000000000000021e+01 -1.000000000000000000e+00 1.935999999999999943e+01 -1.000000000000000000e+00 3.930000000000000160e+00 4.519999999999999574e+00
-1.000000000000000000e+00 8.730000000000000426e+00 5.679999999999999716e+00 1.048000000000000043e+01 -1.000000000000000000e+00 1.925000000000000000e+01 -1.000000000000000000e+00 3.899999999999999911e+00 4.429999999999999716e+00
-1.000000000000000000e+00 8.679999999999999716e+00 5.610000000000000320e+00 1.047000000000000064e+01 -1.000000000000000000e+00 1.935999999999999943e+01 -1.000000000000000000e+00 3.850000000000000089e+00 4.580000000000000071e+00
-1.000000000000000000e+00 8.599999999999999645e+00 5.650000000000000355e+00 1.053999999999999915e+01 -1.000000000000000000e+00 1.939000000000000057e+01 -1.000000000000000000e+00 3.930000000000000160e+00 4.530000000000000249e+00
-1.000000000000000000e+00 8.640000000000000568e+00 5.660000000000000142e+00 1.046000000000000085e+01 -1.000000000000000000e+00 1.937000000000000099e+01 -1.000000000000000000e+00 3.919999999999999929e+00 4.320000000000000284e+00
-1.000000000000000000e+00 8.609999999999999432e+00 5.669999999999999929e+00 1.049000000000000021e+01 -1.000000000000000000e+00 1.930999999999999872e+01 -1.000000000000000000e+00 3.930000000000000160e+00 4.450000000000000178e+00
-1.000000000000000000e+00 8.619999999999999218e+00 5.669999999999999929e+00 1.043999999999999950e+01 -1.000000000000000000e+00 1.928000000000000114e+01 -1.000000000000000000e+00 3.959999999999999964e+00 4.469999999999999751e+00
-1.000000000000000000e+00 8.609999999999999432e+00 5.709999999999999964e+00 1.042999999999999972e+01 -1.000000000000000000e+00 1.928999999999999915e+01 -1.000000000000000000e+00 3.919999999999999929e+00 4.410000000000000142e+00
-1.000000000000000000e+00 8.689999999999999503e+00 5.660000000000000142e+00 1.058000000000000007e+01 -1.000000000000000000e+00 1.935999999999999943e+01 -1.000000000000000000e+00 3.930000000000000160e+00 4.459999999999999964e+00
-1.000000000000000000e+00 8.609999999999999432e+00 5.669999999999999929e+00 1.058000000000000007e+01 -1.000000000000000000e+00 1.937999999999999901e+01 -1.000000000000000000e+00 3.890000000000000124e+00 4.410000000000000142e+00
-1.000000000000000000e+00 8.619999999999999218e+00 5.669999999999999929e+00 1.052999999999999936e+01 -1.000000000000000000e+00 1.932000000000000028e+01 -1.000000000000000000e+00 3.919999999999999929e+00 4.549999999999999822e+00
-1.000000000000000000e+00 8.609999999999999432e+00 5.629999999999999893e+00 1.049000000000000021e+01 -1.000000000000000000e+00 1.932000000000000028e+01 -1.000000000000000000e+00 3.959999999999999964e+00 4.360000000000000320e+00
-1.000000000000000000e+00 8.630000000000000782e+00 5.700000000000000178e+00 1.046000000000000085e+01 -1.000000000000000000e+00 1.935000000000000142e+01 -1.000000000000000000e+00 3.919999999999999929e+00 4.490000000000000213e+00
-1.000000000000000000e+00 8.740000000000000213e+00 5.650000000000000355e+00 1.048000000000000043e+01 -1.000000000000000000e+00 1.935000000000000142e+01 -1.000000000000000000e+00 3.910000000000000142e+00 4.450000000000000178e+00
-1.000000000000000000e+00 8.689999999999999503e+00 5.660000000000000142e+00 1.041999999999999993e+01 -1.000000000000000000e+00 1.937000000000000099e+01 -1.000000000000000000e+00 3.910000000000000142e+00 4.549999999999999822e+00
-1.000000000000000000e+00 8.660000000000000142e+00 5.669999999999999929e+00 1.050999999999999979e+01 -1.000000000000000000e+00 1.928999999999999915e+01 -1.000000000000000000e+00 3.970000000000000195e+00 4.440000000000000391e+00
-1.000000000000000000e+00 8.640000000000000568e+00 5.679999999999999716e+00 1.042999999999999972e+01 -1.000000000000000000e+00 1.935000000000000142e+01 -1.000000000000000000e+00 3.890000000000000124e+00 4.419999999999999929e+00
-1.000000000000000000e+00 8.490000000000000213e+00 5.679999999999999716e+00 1.051999999999999957e+01 -1.000000000000000000e+00 1.932000000000000028e+01 -1.000000000000000000e+00 3.899999999999999911e+00 4.410000000000000142e+00
-1.000000000000000000e+00 8.640000000000000568e+00 5.660000000000000142e+00 1.049000000000000021e+01 -1.000000000000000000e+00 1.932999999999999829e+01 -1.000000000000000000e+00 3.899999999999999911e+00 4.490000000000000213e+00
-1.000000000000000000e+00 8.609999999999999432e+00 5.639999999999999680e+00 1.047000000000000064e+01 -1.000000000000000000e+00 1.933999999999999986e+01 -1.000000000000000000e+00 3.930000000000000160e+00 4.450000000000000178e+00
-1.000000000000000000e+00 8.660000000000000142e+00 5.679999999999999716e+00 1.051999999999999957e+01 -1.000000000000000000e+00 1.932000000000000028e+01 -1.000000000000000000e+00 3.950000000000000178e+00 4.459999999999999964e+00
-1.000000000000000000e+00 8.619999999999999218e+00 5.700000000000000178e+00 1.050999999999999979e+01 -1.000000000000000000e+00 1.932999999999999829e+01 -1.000000000000000000e+00 3.919999999999999929e+00 4.540000000000000036e+00
-1.000000000000000000e+00 8.669999999999999929e+00 5.679999999999999716e+00 1.052999999999999936e+01 -1.000000000000000000e+00 1.942999999999999972e+01 -1.000000000000000000e+00 3.939999999999999947e+00 4.480000000000000426e+00
-1.000000000000000000e+00 8.609999999999999432e+00 5.669999999999999929e+00 1.055000000000000071e+01 -1.000000000000000000e+00 1.932999999999999829e+01 -1.000000000000000000e+00 3.950000000000000178e+00 4.559999999999999609e+00
-1.000000000000000000e+00 8.560000000000000497e+00 5.669999999999999929e+00 1.048000000000000043e+01 -1.000000000000000000e+00 1.930000000000000071e+01 -1.000000000000000000e+00 3.930000000000000160e+00 4.429999999999999716e+00
-1.000000000000000000e+00 8.710000000000000853e+00 5.679999999999999716e+00 1.052999999999999936e+01 -1.000000000000000000e+00 1.930000000000000071e+01 -1.000000000000000000e+00 3.930000000000000160e+00 4.450000000000000178e+00
-1.000000000000000000e+00 8.619999999999999218e+00 5.679999999999999716e+00 1.058000000000000007e+01 -1.000000000000000000e+00 1.932000000000000028e+01 -1.000000000000000000e+00 3.919999999999999929e+00 4.450000000000000178e+00
-1.000000000000000000e+00 8.619999999999999218e+00 5.700000000000000178e+00 1.053999999999999915e+01 -1.000000000000000000e+00 1.932000000000000028e+01 -1.000000000000000000e+00 3.890000000000000124e+00 4.459999999999999964e+00
-1.000000000000000000e+00 8.640000000000000568e+00 5.669999999999999929e+00 1.056000000000000050e+01 -1.000000000000000000e+00 1.932999999999999829e+01 -1.000000000000000000e+00 3.910000000000000142e+00 4.450000000000000178e+00
-1.000000000000000000e+00 8.589999999999999858e+00 5.660000000000000142e+00 1.051999999999999957e+01 -1.000000000000000000e+00 1.933999999999999986e+01 -1.000000000000000000e+00 3.930000000000000160e+00 4.450000000000000178e+00
-1.000000000000000000e+00 8.650000000000000355e+00 5.660000000000000142e+00 1.051999999999999957e+01 -1.000000000000000000e+00 1.939000000000000057e+01 -1.000000000000000000e+00 3.950000000000000178e+00 4.389999999999999680e+00
-1.000000000000000000e+00 8.669999999999999929e+00 5.669999999999999929e+00 1.050000000000000000e+01 -1.000000000000000000e+00 1.935000000000000142e+01 -1.000000000000000000e+00 3.930000000000000160e+00 4.480000000000000426e+00
-1.000000000000000000e+00 8.609999999999999432e+00 5.700000000000000178e+00 1.047000000000000064e+01 -1.000000000000000000e+00 1.935000000000000142e+01 -1.000000000000000000e+00 3.950000000000000178e+00 4.450000000000000178e+00
-1.000000000000000000e+00 8.789999999999999147e+00 5.690000000000000391e+00 1.044999999999999929e+01 -1.000000000000000000e+00 1.933999999999999986e+01 -1.000000000000000000e+00 3.930000000000000160e+00 4.490000000000000213e+00
-1.000000000000000000e+00 8.650000000000000355e+00 5.639999999999999680e+00 1.046000000000000085e+01 -1.000000000000000000e+00 1.930000000000000071e+01 -1.000000000000000000e+00 3.930000000000000160e+00 4.540000000000000036e+00
-1.000000000000000000e+00 8.619999999999999218e+00 5.669999999999999929e+00 1.051999999999999957e+01 -1.000000000000000000e+00 1.939999999999999858e+01 -1.000000000000000000e+00 3.950000000000000178e+00 4.570000000000000284e+00
-1.000000000000000000e+00 8.669999999999999929e+00 5.669999999999999929e+00 1.042999999999999972e+01 -1.000000000000000000e+00 1.928999999999999915e+01 -1.000000000000000000e+00 3.910000000000000142e+00 4.429999999999999716e+00
-1.000000000000000000e+00 8.669999999999999929e+00 5.719999999999999751e+00 1.043999999999999950e+01 -1.000000000000000000e+00 1.932999999999999829e+01 -1.000000000000000000e+00 3.930000000000000160e+00 4.519999999999999574e+00
-1.000000000000000000e+00 8.599999999999999645e+00 5.669999999999999929e+00 1.049000000000000021e+01 -1.000000000000000000e+00 1.932999999999999829e+01 -1.000000000000000000e+00 3.879999999999999893e+00 4.400000000000000355e+00
-1.000000000000000000e+00 8.630000000000000782e+00 5.650000000000000355e+00 1.055000000000000071e+01 -1.000000000000000000e+00 1.932999999999999829e+01 -1.000000000000000000e+00 3.899999999999999911e+00 4.440000000000000391e+00
-1.000000000000000000e+00 8.660000000000000142e+00 5.660000000000000142e+00 1.056000000000000050e+01 -1.000000000000000000e+00 1.935999999999999943e+01 -1.000000000000000000e+00 3.890000000000000124e+00 4.410000000000000142e+00
-1.000000000000000000e+00 8.580000000000000071e+00 5.690000000000000391e+00 1.048000000000000043e+01 -1.000000000000000000e+00 1.933999999999999986e+01 -1.000000000000000000e+00 3.919999999999999929e+00 4.889999999999999680e+00
