-1.000000000000000000e+00 -1.000000000000000000e+00 -1.000000000000000000e+00 -1.000000000000000000e+00 -1.000000000000000000e+00 -1.000000000000000000e+00 -1.000000000000000000e+00 -1.000000000000000000e+00 -1.000000000000000000e+00
-1.000000000000000000e+00 2.439999999999999858e+01 -1.000000000000000000e+00 6.589999999999999858e+00 -1.000000000000000000e+00 -1.000000000000000000e+00 -1.000000000000000000e+00 -1.000000000000000000e+00 1.199000000000000021e+01
-1.000000000000000000e+00 2.444000000000000128e+01 -1.000000000000000000e+00 6.440000000000000391e+00 -1.000000000000000000e+00 -1.000000000000000000e+00 -1.000000000000000000e+00 -1.000000000000000000e+00 1.199000000000000021e+01
-1.000000000000000000e+00 2.437000000000000099e+01 -1.000000000000000000e+00 6.500000000000000000e+00 -1.000000000000000000e+00 -1.000000000000000000e+00 -1.000000000000000000e+00 -1.000000000000000000e+00 1.199000000000000021e+01
-1.000000000000000000e+00 2.432999999999999829e+01 -1.000000000000000000e+00 6.490000000000000213e+00 -1.000000000000000000e+00 -1.000000000000000000e+00 -1.000000000000000000e+00 -1.000000000000000000e+00 1.194999999999999929e+01
-1.000000000000000000e+00 2.441000000000000014e+01 -1.000000000000000000e+00 6.530000000000000249e+00 -1.000000000000000000e+00 -1.000000000000000000e+00 -1.000000000000000000e+00 -1.000000000000000000e+00 1.196000000000000085e+01
-1.000000000000000000e+00 2.448000000000000043e+01 -1.000000000000000000e+00 6.480000000000000426e+00 -1.000000000000000000e+00 -1.000000000000000000e+00 -1.000000000000000000e+00 -1.000000000000000000e+00 1.194999999999999929e+01
-1.000000000000000000e+00 2.442000000000000171e+01 -1.000000000000000000e+00 6.549999999999999822e+00 -1.000000000000000000e+00 -1.000000000000000000e+00 1.785999999999999943e+01 -1.000000000000000000e+00 -1.000000000000000000e+00
-1.000000000000000000e+00 2.441000000000000014e+01 -1.000000000000000000e+00 6.549999999999999822e+00 -1.000000000000000000e+00 -1.000000000000000000e+00 1.780999999999999872e+01 -1.000000000000000000e+00 1.202999999999999936e+01
-1.000000000000000000e+00 2.512000000000000099e+01 -1.000000000000000000e+00 6.509999999999999787e+00 -1.000000000000000000e+00 -1.000000000000000000e+00 1.782999999999999829e+01 -1.000000000000000000e+00 1.199000000000000021e+01
-1.000000000000000000e+00 2.464999999999999858e+01 -1.000000000000000000e+00 6.459999999999999964e+00 -1.000000000000000000e+00 -1.000000000000000000e+00 1.751000000000000156e+01 -1.000000000000000000e+00 1.191999999999999993e+01
-1.000000000000000000e+00 2.442999999999999972e+01 -1.000000000000000000e+00 6.509999999999999787e+00 -1.000000000000000000e+00 -1.000000000000000000e+00 1.714999999999999858e+01 -1.000000000000000000e+00 1.192999999999999972e+01
-1.000000000000000000e+00 2.444999999999999929e+01 -1.000000000000000000e+00 6.450000000000000178e+00 -1.000000000000000000e+00 -1.000000000000000000e+00 1.782000000000000028e+01 -1.000000000000000000e+00 1.191999999999999993e+01
-1.000000000000000000e+00 2.446000000000000085e+01 -1.000000000000000000e+00 6.549999999999999822e+00 -1.000000000000000000e+00 -1.000000000000000000e+00 1.714000000000000057e+01 -1.000000000000000000e+00 1.194999999999999929e+01
-1.000000000000000000e+00 2.448000000000000043e+01 -1.000000000000000000e+00 6.580000000000000071e+00 -1.000000000000000000e+00 -1.000000000000000000e+00 1.785000000000000142e+01 -1.000000000000000000e+00 1.200000000000000000e+01
-1.000000000000000000e+00 2.448000000000000043e+01 -1.000000000000000000e+00 6.500000000000000000e+00 -1.000000000000000000e+00 -1.000000000000000000e+00 1.789000000000000057e+01 -1.000000000000000000e+00 1.190000000000000036e+01
-1.000000000000000000e+00 2.455000000000000071e+01 -1.000000000000000000e+00 6.500000000000000000e+00 -1.000000000000000000e+00 -1.000000000000000000e+00 1.783999999999999986e+01 -1.000000000000000000e+00 1.201999999999999957e+01
-1.000000000000000000e+00 2.448999999999999844e+01 -1.000000000000000000e+00 6.419999999999999929e+00 -1.000000000000000000e+00 -1.000000000000000000e+00 1.785999999999999943e+01 -1.000000000000000000e+00 1.193999999999999950e+01
-1.000000000000000000e+00 2.437000000000000099e+01 -1.000000000000000000e+00 6.549999999999999822e+00 -1.000000000000000000e+00 -1.000000000000000000e+00 1.787000000000000099e+01 -1.000000000000000000e+00 1.196000000000000085e+01
-1.000000000000000000e+00 2.444000000000000128e+01 -1.000000000000000000e+00 6.519999999999999574e+00 -1.000000000000000000e+00 -1.000000000000000000e+00 1.789999999999999858e+01 -1.000000000000000000e+00 1.200000000000000000e+01
-1.000000000000000000e+00 2.439000000000000057e+01 -1.000000000000000000e+00 6.500000000000000000e+00 -1.000000000000000000e+00 -1.000000000000000000e+00 1.780000000000000071e+01 -1.000000000000000000e+00 1.196000000000000085e+01
-1.000000000000000000e+00 2.446000000000000085e+01 -1.000000000000000000e+00 6.570000000000000284e+00 -1.000000000000000000e+00 -1.000000000000000000e+00 1.787000000000000099e+01 -1.000000000000000000e+00 1.200000000000000000e+01
-1.000000000000000000e+00 2.437000000000000099e+01 -1.000000000000000000e+00 6.679999999999999716e+00 -1.000000000000000000e+00 -1.000000000000000000e+00 1.782000000000000028e+01 -1.000000000000000000e+00 1.197000000000000064e+01
-1.000000000000000000e+00 2.441000000000000014e+01 -1.000000000000000000e+00 6.450000000000000178e+00 -1.000000000000000000e+00 -1.000000000000000000e+00 1.782000000000000028e+01 -1.000000000000000000e+00 1.200000000000000000e+01
-1.000000000000000000e+00 2.439999999999999858e+01 -1.000000000000000000e+00 6.500000000000000000e+00 -1.000000000000000000e+00 -1.000000000000000000e+00 -1.000000000000000000e+00 -1.000000000000000000e+00 1.193999999999999950e+01
-1.000000000000000000e+00 2.442999999999999972e+01 -1.000000000000000000e+00 6.519999999999999574e+00 -1.000000000000000000e+00 -1.000000000000000000e+00 -1.000000000000000000e+00 -1.000000000000000000e+00 1.200000000000000000e+01
-1.000000000000000000e+00 2.442999999999999972e+01 -1.000000000000000000e+00 6.459999999999999964e+00 -1.000000000000000000e+00 -1.000000000000000000e+00 -1.000000000000000000e+00 -1.000000000000000000e+00 1.190000000000000036e+01
-1.000000000000000000e+00 2.446000000000000085e+01 -1.000000000000000000e+00 6.530000000000000249e+00 -1.000000000000000000e+00 -1.000000000000000000e+00 -1.000000000000000000e+00 -1.000000000000000000e+00 1.197000000000000064e+01
-1.000000000000000000e+00 2.435999999999999943e+01 -1.000000000000000000e+00 6.490000000000000213e+00 -1.000000000000000000e+00 -1.000000000000000000e+00 -1.000000000000000000e+00 -1.000000000000000000e+00 1.194999999999999929e+01
-1.000000000000000000e+00 2.444999999999999929e+01 -1.000000000000000000e+00 6.389999999999999680e+00 -1.000000000000000000e+00 -1.000000000000000000e+00 -1.000000000000000000e+00 -1.000000000000000000e+00 1.201999999999999957e+01
-1.000000000000000000e+00 2.439999999999999858e+01 -1.000000000000000000e+00 6.500000000000000000e+00 -1.000000000000000000e+00 -1.000000000000000000e+00 -1.000000000000000000e+00 -1.000000000000000000e+00 1.192999999999999972e+01
-1.000000000000000000e+00 2.442999999999999972e+01 -1.000000000000000000e+00 6.509999999999999787e+00 -1.000000000000000000e+00 -1.000000000000000000e+00 1.796999999999999886e+01 -1.000000000000000000e+00 1.200000000000000000e+01
-1.000000000000000000e+00 2.450000000000000000e+01 -1.000000000000000000e+00 6.540000000000000036e+00 -1.000000000000000000e+00 -1.000000000000000000e+00 1.789999999999999858e+01 -1.000000000000000000e+00 1.198000000000000043e+01
-1.000000000000000000e+00 2.446000000000000085e+01 -1.000000000000000000e+00 6.509999999999999787e+00 -1.000000000000000000e+00 -1.000000000000000000e+00 1.789000000000000057e+01 -1.000000000000000000e+00 1.200000000000000000e+01
-1.000000000000000000e+00 2.444000000000000128e+01 -1.000000000000000000e+00 6.540000000000000036e+00 -1.000000000000000000e+00 -1.000000000000000000e+00 1.787000000000000099e+01 -1.000000000000000000e+00 1.199000000000000021e+01
-1.000000000000000000e+00 2.450000000000000000e+01 -1.000000000000000000e+00 6.589999999999999858e+00 -1.000000000000000000e+00 -1.000000000000000000e+00 1.787000000000000099e+01 -1.000000000000000000e+00 1.193999999999999950e+01
-1.000000000000000000e+00 2.507000000000000028e+01 -1.000000000000000000e+00 6.530000000000000249e+00 -1.000000000000000000e+00 -1.000000000000000000e+00 1.796999999999999886e+01 -1.000000000000000000e+00 1.193999999999999950e+01
-1.000000000000000000e+00 2.505999999999999872e+01 -1.000000000000000000e+00 6.530000000000000249e+00 -1.000000000000000000e+00 -1.000000000000000000e+00 -1.000000000000000000e+00 -1.000000000000000000e+00 1.192999999999999972e+01
-1.000000000000000000e+00 2.442000000000000171e+01 -1.000000000000000000e+00 6.480000000000000426e+00 -1.000000000000000000e+00 -1.000000000000000000e+00 1.780999999999999872e+01 -1.000000000000000000e+00 -1.000000000000000000e+00
-1.000000000000000000e+00 2.444999999999999929e+01 -1.000000000000000000e+00 6.450000000000000178e+00 -1.000000000000000000e+00 -1.000000000000000000e+00 -1.000000000000000000e+00 -1.000000000000000000e+00 1.190000000000000036e+01
-1.000000000000000000e+00 2.446999999999999886e+01 -1.000000000000000000e+00 6.450000000000000178e+00 -1.000000000000000000e+00 -1.000000000000000000e+00 1.782999999999999829e+01 -1.000000000000000000e+00 1.196000000000000085e+01
-1.000000000000000000e+00 2.450000000000000000e+01 -1.000000000000000000e+00 6.519999999999999574e+00 -1.000000000000000000e+00 -1.000000000000000000e+00 -1.000000000000000000e+00 -1.000000000000000000e+00 1.198000000000000043e+01
-1.000000000000000000e+00 2.435999999999999943e+01 -1.000000000000000000e+00 6.400000000000000355e+00 -1.000000000000000000e+00 -1.000000000000000000e+00 -1.000000000000000000e+00 -1.000000000000000000e+00 1.193999999999999950e+01
-1.000000000000000000e+00 2.473999999999999844e+01 -1.000000000000000000e+00 6.530000000000000249e+00 -1.000000000000000000e+00 -1.000000000000000000e+00 -1.000000000000000000e+00 -1.000000000000000000e+00 1.196000000000000085e+01
-1.000000000000000000e+00 2.448000000000000043e+01 -1.000000000000000000e+00 6.459999999999999964e+00 -1.000000000000000000e+00 -1.000000000000000000e+00 -1.000000000000000000e+00 -1.000000000000000000e+00 1.198000000000000043e+01
-1.000000000000000000e+00 2.442000000000000171e+01 -1.000000000000000000e+00 6.490000000000000213e+00 -1.000000000000000000e+00 -1.000000000000000000e+00 -1.000000000000000000e+00 -1.000000000000000000e+00 1.198000000000000043e+01
-1.000000000000000000e+00 2.439000000000000057e+01 -1.000000000000000000e+00 6.599999999999999645e+00 -1.000000000000000000e+00 -1.000000000000000000e+00 -1.000000000000000000e+00 -1.000000000000000000e+00 1.192999999999999972e+01
-1.000000000000000000e+00 2.448000000000000043e+01 -1.000000000000000000e+00 6.500000000000000000e+00 -1.000000000000000000e+00 -1.000000000000000000e+00 -1.000000000000000000e+00 -1.000000000000000000e+00 1.202999999999999936e+01
-1.000000000000000000e+00 2.439999999999999858e+01 -1.000000000000000000e+00 6.509999999999999787e+00 -1.000000000000000000e+00 -1.000000000000000000e+00 -1.000000000000000000e+00 -1.000000000000000000e+00 1.200000000000000000e+01
-1.000000000000000000e+00 2.446000000000000085e+01 -1.000000000000000000e+00 6.519999999999999574e+00 -1.000000000000000000e+00 -1.000000000000000000e+00 -1.000000000000000000e+00 -1.000000000000000000e+00 1.197000000000000064e+01
-1.000000000000000000e+00 2.450000000000000000e+01 -1.000000000000000000e+00 6.589999999999999858e+00 -1.000000000000000000e+00 -1.000000000000000000e+00 -1.000000000000000000e+00 -1.000000000000000000e+00 1.202999999999999936e+01
-1.000000000000000000e+00 2.439000000000000057e+01 -1.000000000000000000e+00 6.509999999999999787e+00 -1.000000000000000000e+00 -1.000000000000000000e+00 -1.000000000000000000e+00 -1.000000000000000000e+00 1.199000000000000021e+01
-1.000000000000000000e+00 2.451999999999999957e+01 -1.000000000000000000e+00 6.419999999999999929e+00 -1.000000000000000000e+00 -1.000000000000000000e+00 -1.000000000000000000e+00 -1.000000000000000000e+00 1.193999999999999950e+01
-1.000000000000000000e+00 2.442000000000000171e+01 -1.000000000000000000e+00 6.530000000000000249e+00 -1.000000000000000000e+00 -1.000000000000000000e+00 -1.000000000000000000e+00 -1.000000000000000000e+00 1.193999999999999950e+01
-1.000000000000000000e+00 2.448999999999999844e+01 -1.000000000000000000e+00 6.459999999999999964e+00 -1.000000000000000000e+00 -1.000000000000000000e+00 -1.000000000000000000e+00 -1.000000000000000000e+00 1.201999999999999957e+01
-1.000000000000000000e+00 2.439000000000000057e+01 -1.000000000000000000e+00 6.450000000000000178e+00 -1.000000000000000000e+00 -1.000000000000000000e+00 -1.000000000000000000e+00 -1.000000000000000000e+00 1.202999999999999936e+01
-1.000000000000000000e+00 2.455000000000000071e+01 -1.000000000000000000e+00 6.540000000000000036e+00 -1.000000000000000000e+00 -1.000000000000000000e+00 -1.000000000000000000e+00 -1.000000000000000000e+00 1.194999999999999929e+01
-1.000000000000000000e+00 2.464999999999999858e+01 -1.000000000000000000e+00 6.559999999999999609e+00 -1.000000000000000000e+00 -1.000000000000000000e+00 -1.000000000000000000e+00 -1.000000000000000000e+00 1.193999999999999950e+01
-1.000000000000000000e+00 2.448000000000000043e+01 -1.000000000000000000e+00 6.559999999999999609e+00 -1.000000000000000000e+00 -1.000000000000000000e+00 -1.000000000000000000e+00 -1.000000000000000000e+00 1.200000000000000000e+01
-1.000000000000000000e+00 2.446000000000000085e+01 -1.000000000000000000e+00 6.490000000000000213e+00 -1.000000000000000000e+00 -1.000000000000000000e+00 -1.000000000000000000e+00 -1.000000000000000000e+00 1.192999999999999972e+01
-1.000000000000000000e+00 2.439999999999999858e+01 -1.000000000000000000e+00 6.490000000000000213e+00 -1.000000000000000000e+00 -1.000000000000000000e+00 -1.000000000000000000e+00 -1.000000000000000000e+00 1.194999999999999929e+01
-1.000000000000000000e+00 2.439000000000000057e+01 -1.000000000000000000e+00 6.490000000000000213e+00 -1.000000000000000000e+00 -1.000000000000000000e+00 -1.000000000000000000e+00 -1.000000000000000000e+00 1.199000000000000021e+01
-1.000000000000000000e+00 2.448000000000000043e+01 -1.000000000000000000e+00 6.610000000000000320e+00 -1.000000000000000000e+00 -1.000000000000000000e+00 -1.000000000000000000e+00 -1.000000000000000000e+00 1.200000000000000000e+01
-1.000000000000000000e+00 2.446999999999999886e+01 -1.000000000000000000e+00 6.530000000000000249e+00 -1.000000000000000000e+00 -1.000000000000000000e+00 -1.000000000000000000e+00 -1.000000000000000000e+00 1.194999999999999929e+01
-1.000000000000000000e+00 -1.000000000000000000e+00 -1.000000000000000000e+00 6.490000000000000213e+00 -1.000000000000000000e+00 -1.000000000000000000e+00 -1.000000000000000000e+00 -1.000000000000000000e+00 1.197000000000000064e+01
-1.000000000000000000e+00 2.437999999999999901e+01 -1.000000000000000000e+00 6.450000000000000178e+00 -1.000000000000000000e+00 -1.000000000000000000e+00 -1.000000000000000000e+00 -1.000000000000000000e+00 1.198000000000000043e+01
-1.000000000000000000e+00 -1.000000000000000000e+00 -1.000000000000000000e+00 6.519999999999999574e+00 -1.000000000000000000e+00 -1.000000000000000000e+00 -1.000000000000000000e+00 -1.000000000000000000e+00 1.198000000000000043e+01
-1.000000000000000000e+00 2.450000000000000000e+01 -1.000000000000000000e+00 6.570000000000000284e+00 -1.000000000000000000e+00 -1.000000000000000000e+00 -1.000000000000000000e+00 -1.000000000000000000e+00 1.200000000000000000e+01
-1.000000000000000000e+00 2.439999999999999858e+01 -1.000000000000000000e+00 6.450000000000000178e+00 -1.000000000000000000e+00 -1.000000000000000000e+00 -1.000000000000000000e+00 -1.000000000000000000e+00 1.198000000000000043e+01
-1.000000000000000000e+00 2.441000000000000014e+01 -1.000000000000000000e+00 6.559999999999999609e+00 -1.000000000000000000e+00 -1.000000000000000000e+00 -1.000000000000000000e+00 -1.000000000000000000e+00 1.198000000000000043e+01
-1.000000000000000000e+00 2.441000000000000014e+01 -1.000000000000000000e+00 6.549999999999999822e+00 -1.000000000000000000e+00 -1.000000000000000000e+00 -1.000000000000000000e+00 -1.000000000000000000e+00 1.200999999999999979e+01
-1.000000000000000000e+00 2.451000000000000156e+01 -1.000000000000000000e+00 6.490000000000000213e+00 -1.000000000000000000e+00 -1.000000000000000000e+00 -1.000000000000000000e+00 -1.000000000000000000e+00 1.203999999999999915e+01
-1.000000000000000000e+00 -1.000000000000000000e+00 -1.000000000000000000e+00 6.480000000000000426e+00 -1.000000000000000000e+00 -1.000000000000000000e+00 -1.000000000000000000e+00 -1.000000000000000000e+00 1.199000000000000021e+01
-1.000000000000000000e+00 -1.000000000000000000e+00 -1.000000000000000000e+00 6.559999999999999609e+00 -1.000000000000000000e+00 -1.000000000000000000e+00 -1.000000000000000000e+00 -1.000000000000000000e+00 1.197000000000000064e+01
-1.000000000000000000e+00 2.448000000000000043e+01 -1.000000000000000000e+00 6.580000000000000071e+00 -1.000000000000000000e+00 -1.000000000000000000e+00 -1.000000000000000000e+00 -1.000000000000000000e+00 1.198000000000000043e+01
-1.000000000000000000e+00 -1.000000000000000000e+00 -1.000000000000000000e+00 6.540000000000000036e+00 -1.000000000000000000e+00 -1.000000000000000000e+00 -1.000000000000000000e+00 -1.000000000000000000e+00 1.197000000000000064e+01
-1.000000000000000000e+00 -1.000000000000000000e+00 -1.000000000000000000e+00 6.580000000000000071e+00 -1.000000000000000000e+00 -1.000000000000000000e+00 -1.000000000000000000e+00 -1.000000000000000000e+00 1.200000000000000000e+01
-1.000000000000000000e+00 2.450000000000000000e+01 -1.000000000000000000e+00 6.450000000000000178e+00 -1.000000000000000000e+00 -1.000000000000000000e+00 -1.000000000000000000e+00 -1.000000000000000000e+00 1.201999999999999957e+01
-1.000000000000000000e+00 2.451000000000000156e+01 -1.000000000000000000e+00 6.490000000000000213e+00 -1.000000000000000000e+00 -1.000000000000000000e+00 -1.000000000000000000e+00 -1.000000000000000000e+00 1.192999999999999972e+01
-1.000000000000000000e+00 2.446000000000000085e+01 -1.000000000000000000e+00 6.429999999999999716e+00 -1.000000000000000000e+00 -1.000000000000000000e+00 -1.000000000000000000e+00 -1.000000000000000000e+00 1.201999999999999957e+01
-1.000000000000000000e+00 2.448000000000000043e+01 -1.000000000000000000e+00 6.540000000000000036e+00 -1.000000000000000000e+00 -1.000000000000000000e+00 -1.000000000000000000e+00 -1.000000000000000000e+00 1.196000000000000085e+01
-1.000000000000000000e+00 2.446999999999999886e+01 -1.000000000000000000e+00 6.490000000000000213e+00 -1.000000000000000000e+00 -1.000000000000000000e+00 -1.000000000000000000e+00 -1.000000000000000000e+00 1.192999999999999972e+01
-1.000000000000000000e+00 2.446999999999999886e+01 -1.000000000000000000e+00 6.530000000000000249e+00 -1.000000000000000000e+00 -1.000000000000000000e+00 -1.000000000000000000e+00 -1.000000000000000000e+00 1.203999999999999915e+01
-1.000000000000000000e+00 2.442999999999999972e+01 -1.000000000000000000e+00 6.490000000000000213e+00 -1.000000000000000000e+00 -1.000000000000000000e+00 1.801999999999999957e+01 -1.000000000000000000e+00 1.197000000000000064e+01
-1.000000000000000000e+00 2.442000000000000171e+01 -1.000000000000000000e+00 6.509999999999999787e+00 -1.000000000000000000e+00 -1.000000000000000000e+00 1.796000000000000085e+01 -1.000000000000000000e+00 1.196000000000000085e+01
-1.000000000000000000e+00 2.446000000000000085e+01 -1.000000000000000000e+00 6.519999999999999574e+00 -1.000000000000000000e+00 -1.000000000000000000e+00 1.794000000000000128e+01 -1.000000000000000000e+00 1.200000000000000000e+01
-1.000000000000000000e+00 2.448000000000000043e+01 -1.000000000000000000e+00 6.549999999999999822e+00 -1.000000000000000000e+00 -1.000000000000000000e+00 1.789999999999999858e+01 -1.000000000000000000e+00 1.197000000000000064e+01
-1.000000000000000000e+00 -1.000000000000000000e+00 -1.000000000000000000e+00 6.469999999999999751e+00 -1.000000000000000000e+00 -1.000000000000000000e+00 -1.000000000000000000e+00 -1.000000000000000000e+00 1.199000000000000021e+01
-1.000000000000000000e+00 2.448000000000000043e+01 -1.000000000000000000e+00 6.509999999999999787e+00 -1.000000000000000000e+00 -1.000000000000000000e+00 1.789000000000000057e+01 -1.000000000000000000e+00 1.198000000000000043e+01
-1.000000000000000000e+00 -1.000000000000000000e+00 -1.000000000000000000e+00 6.549999999999999822e+00 -1.000000000000000000e+00 -1.000000000000000000e+00 1.823999999999999844e+01 -1.000000000000000000e+00 1.199000000000000021e+01
-1.000000000000000000e+00 2.444999999999999929e+01 -1.000000000000000000e+00 6.490000000000000213e+00 -1.000000000000000000e+00 -1.000000000000000000e+00 1.830000000000000071e+01 -1.000000000000000000e+00 1.198000000000000043e+01
-1.000000000000000000e+00 2.446000000000000085e+01 -1.000000000000000000e+00 6.549999999999999822e+00 -1.000000000000000000e+00 -1.000000000000000000e+00 1.835000000000000142e+01 -1.000000000000000000e+00 1.191999999999999993e+01
-1.000000000000000000e+00 2.439000000000000057e+01 -1.000000000000000000e+00 6.559999999999999609e+00 -1.000000000000000000e+00 -1.000000000000000000e+00 -1.000000000000000000e+00 -1.000000000000000000e+00 1.200000000000000000e+01
-1.000000000000000000e+00 2.448000000000000043e+01 -1.000000000000000000e+00 6.519999999999999574e+00 -1.000000000000000000e+00 -1.000000000000000000e+00 1.783999999999999986e+01 -1.000000000000000000e+00 1.198000000000000043e+01
-1.000000000000000000e+00 2.446000000000000085e+01 -1.000000000000000000e+00 6.500000000000000000e+00 -1.000000000000000000e+00 -1.000000000000000000e+00 1.789999999999999858e+01 -1.000000000000000000e+00 1.208000000000000007e+01
-1.000000000000000000e+00 2.448000000000000043e+01 -1.000000000000000000e+00 6.509999999999999787e+00 -1.000000000000000000e+00 -1.000000000000000000e+00 1.714999999999999858e+01 -1.000000000000000000e+00 1.199000000000000021e+01
-1.000000000000000000e+00 -1.000000000000000000e+00 -1.000000000000000000e+00 6.490000000000000213e+00 -1.000000000000000000e+00 -1.000000000000000000e+00 1.787999999999999901e+01 -1.000000000000000000e+00 1.198000000000000043e+01
-1.000000000000000000e+00 2.448999999999999844e+01 -1.000000000000000000e+00 6.530000000000000249e+00 -1.000000000000000000e+00 -1.000000000000000000e+00 1.792000000000000171e+01 -1.000000000000000000e+00 1.198000000000000043e+01
-1.000000000000000000e+00 -1.000000000000000000e+00 -1.000000000000000000e+00 6.530000000000000249e+00 -1.000000000000000000e+00 -1.000000000000000000e+00 1.789999999999999858e+01 -1.000000000000000000e+00 1.198000000000000043e+01
-1.000000000000000000e+00 2.442999999999999972e+01 -1.000000000000000000e+00 6.450000000000000178e+00 -1.000000000000000000e+00 -1.000000000000000000e+00 1.778999999999999915e+01 -1.000000000000000000e+00 1.194999999999999929e+01
