-1.000000000000000000e+00 -1.000000000000000000e+00 -1.000000000000000000e+00 -1.000000000000000000e+00 -1.000000000000000000e+00 -1.000000000000000000e+00 -1.000000000000000000e+00 -1.000000000000000000e+00 -1.000000000000000000e+00 -1.000000000000000000e+00
5.150000000000000355e+00 -1.000000000000000000e+00 3.870000000000000107e+00 3.879999999999999893e+00 1.419999999999999929e+00 4.599999999999999645e+00 3.750000000000000000e+00 3.180000000000000160e+00 2.410000000000000142e+00 -1.000000000000000000e+00
5.120000000000000107e+00 -1.000000000000000000e+00 3.859999999999999876e+00 3.859999999999999876e+00 1.419999999999999929e+00 4.580000000000000071e+00 3.740000000000000213e+00 3.250000000000000000e+00 2.339999999999999858e+00 -1.000000000000000000e+00
5.160000000000000142e+00 -1.000000000000000000e+00 3.859999999999999876e+00 3.859999999999999876e+00 1.409999999999999920e+00 4.549999999999999822e+00 3.759999999999999787e+00 3.189999999999999947e+00 2.419999999999999929e+00 -1.000000000000000000e+00
5.120000000000000107e+00 -1.000000000000000000e+00 3.870000000000000107e+00 3.899999999999999911e+00 1.389999999999999902e+00 4.549999999999999822e+00 3.790000000000000036e+00 -1.000000000000000000e+00 2.359999999999999876e+00 -1.000000000000000000e+00
5.190000000000000391e+00 -1.000000000000000000e+00 3.859999999999999876e+00 3.850000000000000089e+00 1.340000000000000080e+00 4.559999999999999609e+00 3.770000000000000018e+00 3.149999999999999911e+00 2.490000000000000213e+00 -1.000000000000000000e+00
5.110000000000000320e+00 -1.000000000000000000e+00 3.870000000000000107e+00 3.859999999999999876e+00 1.409999999999999920e+00 4.580000000000000071e+00 3.770000000000000018e+00 3.160000000000000142e+00 2.430000000000000160e+00 -1.000000000000000000e+00
5.160000000000000142e+00 -1.000000000000000000e+00 3.859999999999999876e+00 3.870000000000000107e+00 1.419999999999999929e+00 4.570000000000000284e+00 3.790000000000000036e+00 3.189999999999999947e+00 2.410000000000000142e+00 -1.000000000000000000e+00
5.129999999999999893e+00 -1.000000000000000000e+00 3.850000000000000089e+00 3.910000000000000142e+00 1.360000000000000098e+00 4.570000000000000284e+00 3.740000000000000213e+00 3.120000000000000107e+00 2.410000000000000142e+00 -1.000000000000000000e+00
5.120000000000000107e+00 -1.000000000000000000e+00 3.890000000000000124e+00 3.870000000000000107e+00 1.330000000000000071e+00 4.580000000000000071e+00 3.770000000000000018e+00 3.200000000000000178e+00 2.439999999999999947e+00 -1.000000000000000000e+00
5.139999999999999680e+00 -1.000000000000000000e+00 3.850000000000000089e+00 3.870000000000000107e+00 1.409999999999999920e+00 4.669999999999999929e+00 3.799999999999999822e+00 3.250000000000000000e+00 2.450000000000000178e+00 -1.000000000000000000e+00
5.120000000000000107e+00 -1.000000000000000000e+00 3.899999999999999911e+00 3.879999999999999893e+00 1.350000000000000089e+00 4.549999999999999822e+00 3.799999999999999822e+00 3.200000000000000178e+00 2.390000000000000124e+00 -1.000000000000000000e+00
5.209999999999999964e+00 -1.000000000000000000e+00 3.859999999999999876e+00 3.859999999999999876e+00 1.310000000000000053e+00 4.589999999999999858e+00 3.819999999999999840e+00 3.129999999999999893e+00 2.370000000000000107e+00 -1.000000000000000000e+00
5.120000000000000107e+00 -1.000000000000000000e+00 3.850000000000000089e+00 3.910000000000000142e+00 1.350000000000000089e+00 4.599999999999999645e+00 3.790000000000000036e+00 3.160000000000000142e+00 2.439999999999999947e+00 -1.000000000000000000e+00
5.150000000000000355e+00 -1.000000000000000000e+00 3.870000000000000107e+00 3.870000000000000107e+00 1.360000000000000098e+00 4.530000000000000249e+00 3.790000000000000036e+00 3.189999999999999947e+00 2.459999999999999964e+00 -1.000000000000000000e+00
5.169999999999999929e+00 -1.000000000000000000e+00 3.859999999999999876e+00 3.850000000000000089e+00 1.389999999999999902e+00 4.570000000000000284e+00 3.759999999999999787e+00 3.149999999999999911e+00 2.350000000000000089e+00 -1.000000000000000000e+00
5.179999999999999716e+00 -1.000000000000000000e+00 3.910000000000000142e+00 3.939999999999999947e+00 1.300000000000000044e+00 4.549999999999999822e+00 3.779999999999999805e+00 3.169999999999999929e+00 2.310000000000000053e+00 -1.000000000000000000e+00
5.129999999999999893e+00 -1.000000000000000000e+00 3.879999999999999893e+00 3.859999999999999876e+00 1.330000000000000071e+00 4.580000000000000071e+00 3.779999999999999805e+00 3.169999999999999929e+00 2.410000000000000142e+00 -1.000000000000000000e+00
5.200000000000000178e+00 -1.000000000000000000e+00 3.879999999999999893e+00 3.910000000000000142e+00 1.409999999999999920e+00 4.570000000000000284e+00 3.790000000000000036e+00 3.200000000000000178e+00 2.370000000000000107e+00 -1.000000000000000000e+00
5.129999999999999893e+00 -1.000000000000000000e+00 3.850000000000000089e+00 3.879999999999999893e+00 1.409999999999999920e+00 4.559999999999999609e+00 3.759999999999999787e+00 3.189999999999999947e+00 2.370000000000000107e+00 -1.000000000000000000e+00
5.169999999999999929e+00 -1.000000000000000000e+00 3.879999999999999893e+00 3.859999999999999876e+00 1.409999999999999920e+00 4.589999999999999858e+00 3.750000000000000000e+00 3.200000000000000178e+00 2.379999999999999893e+00 -1.000000000000000000e+00
5.169999999999999929e+00 -1.000000000000000000e+00 3.919999999999999929e+00 3.950000000000000178e+00 1.350000000000000089e+00 -1.000000000000000000e+00 3.790000000000000036e+00 3.200000000000000178e+00 2.379999999999999893e+00 -1.000000000000000000e+00
5.139999999999999680e+00 -1.000000000000000000e+00 3.890000000000000124e+00 3.919999999999999929e+00 1.340000000000000080e+00 4.599999999999999645e+00 3.770000000000000018e+00 3.240000000000000213e+00 2.399999999999999911e+00 -1.000000000000000000e+00
5.209999999999999964e+00 -1.000000000000000000e+00 3.850000000000000089e+00 3.850000000000000089e+00 1.300000000000000044e+00 4.570000000000000284e+00 3.779999999999999805e+00 3.160000000000000142e+00 2.459999999999999964e+00 -1.000000000000000000e+00
5.160000000000000142e+00 -1.000000000000000000e+00 3.899999999999999911e+00 3.870000000000000107e+00 1.360000000000000098e+00 4.559999999999999609e+00 3.770000000000000018e+00 3.189999999999999947e+00 2.370000000000000107e+00 -1.000000000000000000e+00
5.219999999999999751e+00 -1.000000000000000000e+00 3.850000000000000089e+00 3.910000000000000142e+00 1.449999999999999956e+00 4.589999999999999858e+00 3.759999999999999787e+00 3.169999999999999929e+00 2.370000000000000107e+00 -1.000000000000000000e+00
5.179999999999999716e+00 -1.000000000000000000e+00 3.859999999999999876e+00 3.859999999999999876e+00 1.360000000000000098e+00 4.620000000000000107e+00 3.839999999999999858e+00 3.229999999999999982e+00 2.410000000000000142e+00 -1.000000000000000000e+00
5.160000000000000142e+00 -1.000000000000000000e+00 3.870000000000000107e+00 3.870000000000000107e+00 1.379999999999999893e+00 4.549999999999999822e+00 3.770000000000000018e+00 3.149999999999999911e+00 2.399999999999999911e+00 -1.000000000000000000e+00
5.139999999999999680e+00 -1.000000000000000000e+00 3.890000000000000124e+00 3.850000000000000089e+00 1.399999999999999911e+00 4.570000000000000284e+00 3.790000000000000036e+00 3.240000000000000213e+00 2.419999999999999929e+00 -1.000000000000000000e+00
5.150000000000000355e+00 -1.000000000000000000e+00 3.879999999999999893e+00 3.850000000000000089e+00 1.379999999999999893e+00 4.530000000000000249e+00 3.759999999999999787e+00 3.229999999999999982e+00 2.370000000000000107e+00 -1.000000000000000000e+00
5.200000000000000178e+00 -1.000000000000000000e+00 3.870000000000000107e+00 3.850000000000000089e+00 1.350000000000000089e+00 4.629999999999999893e+00 3.770000000000000018e+00 3.220000000000000195e+00 2.410000000000000142e+00 -1.000000000000000000e+00
5.139999999999999680e+00 -1.000000000000000000e+00 3.850000000000000089e+00 3.890000000000000124e+00 1.389999999999999902e+00 4.580000000000000071e+00 3.770000000000000018e+00 3.189999999999999947e+00 2.450000000000000178e+00 -1.000000000000000000e+00
5.150000000000000355e+00 -1.000000000000000000e+00 3.890000000000000124e+00 3.899999999999999911e+00 1.370000000000000107e+00 4.530000000000000249e+00 3.799999999999999822e+00 3.189999999999999947e+00 2.339999999999999858e+00 -1.000000000000000000e+00
5.120000000000000107e+00 -1.000000000000000000e+00 3.879999999999999893e+00 3.910000000000000142e+00 1.459999999999999964e+00 4.559999999999999609e+00 3.770000000000000018e+00 3.160000000000000142e+00 2.419999999999999929e+00 -1.000000000000000000e+00
5.209999999999999964e+00 -1.000000000000000000e+00 3.850000000000000089e+00 3.850000000000000089e+00 1.399999999999999911e+00 4.599999999999999645e+00 3.779999999999999805e+00 3.240000000000000213e+00 2.299999999999999822e+00 -1.000000000000000000e+00
5.200000000000000178e+00 -1.000000000000000000e+00 3.870000000000000107e+00 3.870000000000000107e+00 1.459999999999999964e+00 4.570000000000000284e+00 3.770000000000000018e+00 3.229999999999999982e+00 2.379999999999999893e+00 -1.000000000000000000e+00
5.129999999999999893e+00 -1.000000000000000000e+00 3.850000000000000089e+00 3.859999999999999876e+00 1.350000000000000089e+00 4.570000000000000284e+00 3.810000000000000053e+00 3.189999999999999947e+00 2.330000000000000071e+00 -1.000000000000000000e+00
5.139999999999999680e+00 -1.000000000000000000e+00 3.870000000000000107e+00 3.870000000000000107e+00 1.350000000000000089e+00 4.530000000000000249e+00 3.759999999999999787e+00 3.220000000000000195e+00 2.459999999999999964e+00 -1.000000000000000000e+00
5.120000000000000107e+00 -1.000000000000000000e+00 3.850000000000000089e+00 3.919999999999999929e+00 1.379999999999999893e+00 4.559999999999999609e+00 3.790000000000000036e+00 3.229999999999999982e+00 2.419999999999999929e+00 -1.000000000000000000e+00
5.120000000000000107e+00 -1.000000000000000000e+00 3.859999999999999876e+00 3.910000000000000142e+00 1.360000000000000098e+00 4.580000000000000071e+00 3.779999999999999805e+00 3.180000000000000160e+00 2.370000000000000107e+00 -1.000000000000000000e+00
5.110000000000000320e+00 -1.000000000000000000e+00 3.859999999999999876e+00 3.870000000000000107e+00 1.370000000000000107e+00 4.599999999999999645e+00 3.759999999999999787e+00 3.240000000000000213e+00 2.379999999999999893e+00 -1.000000000000000000e+00
5.190000000000000391e+00 -1.000000000000000000e+00 3.879999999999999893e+00 3.879999999999999893e+00 1.360000000000000098e+00 4.540000000000000036e+00 3.779999999999999805e+00 3.200000000000000178e+00 2.410000000000000142e+00 -1.000000000000000000e+00
5.179999999999999716e+00 -1.000000000000000000e+00 3.859999999999999876e+00 3.859999999999999876e+00 1.379999999999999893e+00 4.570000000000000284e+00 3.790000000000000036e+00 3.149999999999999911e+00 2.450000000000000178e+00 -1.000000000000000000e+00
5.129999999999999893e+00 -1.000000000000000000e+00 3.899999999999999911e+00 3.890000000000000124e+00 1.290000000000000036e+00 4.580000000000000071e+00 3.759999999999999787e+00 3.229999999999999982e+00 2.459999999999999964e+00 -1.000000000000000000e+00
5.110000000000000320e+00 -1.000000000000000000e+00 3.859999999999999876e+00 3.859999999999999876e+00 1.350000000000000089e+00 4.620000000000000107e+00 3.790000000000000036e+00 3.250000000000000000e+00 2.339999999999999858e+00 -1.000000000000000000e+00
5.190000000000000391e+00 -1.000000000000000000e+00 3.879999999999999893e+00 3.879999999999999893e+00 1.330000000000000071e+00 4.580000000000000071e+00 3.790000000000000036e+00 3.209999999999999964e+00 2.410000000000000142e+00 -1.000000000000000000e+00
5.169999999999999929e+00 -1.000000000000000000e+00 3.899999999999999911e+00 3.899999999999999911e+00 1.310000000000000053e+00 4.570000000000000284e+00 3.790000000000000036e+00 3.180000000000000160e+00 2.410000000000000142e+00 -1.000000000000000000e+00
5.120000000000000107e+00 -1.000000000000000000e+00 3.899999999999999911e+00 3.870000000000000107e+00 1.260000000000000009e+00 4.570000000000000284e+00 3.709999999999999964e+00 3.220000000000000195e+00 2.319999999999999840e+00 -1.000000000000000000e+00
5.160000000000000142e+00 -1.000000000000000000e+00 3.910000000000000142e+00 3.879999999999999893e+00 1.379999999999999893e+00 4.610000000000000320e+00 3.810000000000000053e+00 3.160000000000000142e+00 2.410000000000000142e+00 -1.000000000000000000e+00
5.160000000000000142e+00 -1.000000000000000000e+00 3.890000000000000124e+00 3.899999999999999911e+00 1.379999999999999893e+00 4.559999999999999609e+00 3.770000000000000018e+00 3.169999999999999929e+00 2.450000000000000178e+00 -1.000000000000000000e+00
