-1.000000000000000000e+00 -1.000000000000000000e+00 -1.000000000000000000e+00 -1.000000000000000000e+00 -1.000000000000000000e+00 -1.000000000000000000e+00 -1.000000000000000000e+00 -1.000000000000000000e+00 -1.000000000000000000e+00 -1.000000000000000000e+00
1.629999999999999893e+00 -1.000000000000000000e+00 -1.000000000000000000e+00 3.109999999999999876e+00 2.979999999999999982e+00 1.129999999999999893e+00 2.669999999999999929e+00 -1.000000000000000000e+00 2.870000000000000107e+00 3.600000000000000089e+00
1.659999999999999920e+00 -1.000000000000000000e+00 -1.000000000000000000e+00 3.140000000000000124e+00 2.930000000000000160e+00 1.189999999999999947e+00 2.680000000000000160e+00 -1.000000000000000000e+00 2.770000000000000018e+00 3.629999999999999893e+00
1.639999999999999902e+00 -1.000000000000000000e+00 -1.000000000000000000e+00 3.189999999999999947e+00 2.959999999999999964e+00 1.159999999999999920e+00 2.680000000000000160e+00 -1.000000000000000000e+00 2.830000000000000071e+00 3.549999999999999822e+00
1.610000000000000098e+00 -1.000000000000000000e+00 -1.000000000000000000e+00 3.120000000000000107e+00 3.009999999999999787e+00 1.120000000000000107e+00 2.669999999999999929e+00 -1.000000000000000000e+00 2.859999999999999876e+00 3.589999999999999858e+00
1.689999999999999947e+00 -1.000000000000000000e+00 -1.000000000000000000e+00 3.160000000000000142e+00 2.879999999999999893e+00 1.149999999999999911e+00 2.649999999999999911e+00 -1.000000000000000000e+00 2.839999999999999858e+00 3.600000000000000089e+00
1.659999999999999920e+00 -1.000000000000000000e+00 -1.000000000000000000e+00 3.129999999999999893e+00 2.890000000000000124e+00 1.159999999999999920e+00 2.629999999999999893e+00 -1.000000000000000000e+00 2.870000000000000107e+00 3.560000000000000053e+00
1.659999999999999920e+00 -1.000000000000000000e+00 -1.000000000000000000e+00 3.129999999999999893e+00 2.979999999999999982e+00 1.139999999999999902e+00 2.649999999999999911e+00 -1.000000000000000000e+00 2.819999999999999840e+00 3.609999999999999876e+00
1.649999999999999911e+00 -1.000000000000000000e+00 -1.000000000000000000e+00 3.149999999999999911e+00 2.979999999999999982e+00 1.120000000000000107e+00 2.669999999999999929e+00 -1.000000000000000000e+00 2.830000000000000071e+00 3.609999999999999876e+00
1.669999999999999929e+00 -1.000000000000000000e+00 -1.000000000000000000e+00 3.149999999999999911e+00 2.910000000000000142e+00 1.129999999999999893e+00 2.669999999999999929e+00 -1.000000000000000000e+00 2.830000000000000071e+00 3.629999999999999893e+00
1.659999999999999920e+00 -1.000000000000000000e+00 -1.000000000000000000e+00 3.120000000000000107e+00 2.970000000000000195e+00 1.100000000000000089e+00 2.629999999999999893e+00 -1.000000000000000000e+00 2.799999999999999822e+00 3.620000000000000107e+00
1.629999999999999893e+00 -1.000000000000000000e+00 -1.000000000000000000e+00 3.140000000000000124e+00 2.930000000000000160e+00 1.100000000000000089e+00 2.660000000000000142e+00 -1.000000000000000000e+00 2.850000000000000089e+00 3.609999999999999876e+00
1.639999999999999902e+00 -1.000000000000000000e+00 -1.000000000000000000e+00 3.100000000000000089e+00 2.979999999999999982e+00 1.120000000000000107e+00 2.680000000000000160e+00 -1.000000000000000000e+00 2.830000000000000071e+00 3.609999999999999876e+00
1.659999999999999920e+00 -1.000000000000000000e+00 -1.000000000000000000e+00 3.180000000000000160e+00 3.009999999999999787e+00 1.110000000000000098e+00 2.629999999999999893e+00 -1.000000000000000000e+00 2.799999999999999822e+00 3.589999999999999858e+00
1.689999999999999947e+00 -1.000000000000000000e+00 -1.000000000000000000e+00 3.160000000000000142e+00 3.020000000000000018e+00 1.120000000000000107e+00 2.660000000000000142e+00 -1.000000000000000000e+00 2.819999999999999840e+00 3.589999999999999858e+00
1.709999999999999964e+00 -1.000000000000000000e+00 -1.000000000000000000e+00 3.189999999999999947e+00 2.959999999999999964e+00 1.139999999999999902e+00 2.629999999999999893e+00 -1.000000000000000000e+00 2.859999999999999876e+00 3.629999999999999893e+00
1.629999999999999893e+00 -1.000000000000000000e+00 -1.000000000000000000e+00 3.229999999999999982e+00 3.029999999999999805e+00 1.169999999999999929e+00 2.680000000000000160e+00 -1.000000000000000000e+00 2.839999999999999858e+00 3.640000000000000124e+00
1.659999999999999920e+00 -1.000000000000000000e+00 -1.000000000000000000e+00 3.160000000000000142e+00 2.950000000000000178e+00 1.100000000000000089e+00 2.680000000000000160e+00 -1.000000000000000000e+00 2.770000000000000018e+00 3.569999999999999840e+00
1.639999999999999902e+00 -1.000000000000000000e+00 -1.000000000000000000e+00 3.160000000000000142e+00 2.979999999999999982e+00 1.179999999999999938e+00 2.649999999999999911e+00 -1.000000000000000000e+00 2.859999999999999876e+00 3.620000000000000107e+00
1.699999999999999956e+00 -1.000000000000000000e+00 -1.000000000000000000e+00 3.109999999999999876e+00 2.910000000000000142e+00 1.120000000000000107e+00 2.720000000000000195e+00 -1.000000000000000000e+00 2.819999999999999840e+00 3.589999999999999858e+00
1.659999999999999920e+00 -1.000000000000000000e+00 -1.000000000000000000e+00 3.209999999999999964e+00 2.930000000000000160e+00 1.110000000000000098e+00 2.649999999999999911e+00 -1.000000000000000000e+00 2.859999999999999876e+00 3.589999999999999858e+00
1.659999999999999920e+00 -1.000000000000000000e+00 -1.000000000000000000e+00 3.240000000000000213e+00 2.970000000000000195e+00 1.120000000000000107e+00 2.620000000000000107e+00 -1.000000000000000000e+00 2.870000000000000107e+00 3.620000000000000107e+00
1.659999999999999920e+00 -1.000000000000000000e+00 -1.000000000000000000e+00 3.189999999999999947e+00 2.950000000000000178e+00 1.120000000000000107e+00 2.640000000000000124e+00 -1.000000000000000000e+00 2.799999999999999822e+00 3.589999999999999858e+00
1.669999999999999929e+00 -1.000000000000000000e+00 -1.000000000000000000e+00 3.160000000000000142e+00 2.939999999999999947e+00 1.169999999999999929e+00 2.620000000000000107e+00 -1.000000000000000000e+00 2.879999999999999893e+00 3.620000000000000107e+00
1.639999999999999902e+00 -1.000000000000000000e+00 -1.000000000000000000e+00 3.169999999999999929e+00 2.970000000000000195e+00 1.100000000000000089e+00 2.680000000000000160e+00 -1.000000000000000000e+00 2.830000000000000071e+00 3.609999999999999876e+00
1.689999999999999947e+00 -1.000000000000000000e+00 -1.000000000000000000e+00 3.140000000000000124e+00 2.970000000000000195e+00 1.120000000000000107e+00 2.660000000000000142e+00 -1.000000000000000000e+00 2.859999999999999876e+00 3.640000000000000124e+00
1.639999999999999902e+00 -1.000000000000000000e+00 -1.000000000000000000e+00 3.209999999999999964e+00 2.939999999999999947e+00 1.110000000000000098e+00 2.680000000000000160e+00 -1.000000000000000000e+00 2.830000000000000071e+00 3.640000000000000124e+00
1.639999999999999902e+00 -1.000000000000000000e+00 -1.000000000000000000e+00 3.109999999999999876e+00 2.899999999999999911e+00 1.110000000000000098e+00 2.629999999999999893e+00 -1.000000000000000000e+00 2.819999999999999840e+00 3.589999999999999858e+00
1.679999999999999938e+00 -1.000000000000000000e+00 -1.000000000000000000e+00 3.220000000000000195e+00 3.009999999999999787e+00 1.199999999999999956e+00 2.649999999999999911e+00 -1.000000000000000000e+00 2.810000000000000053e+00 3.569999999999999840e+00
1.689999999999999947e+00 -1.000000000000000000e+00 -1.000000000000000000e+00 3.120000000000000107e+00 2.990000000000000213e+00 1.139999999999999902e+00 2.660000000000000142e+00 -1.000000000000000000e+00 2.859999999999999876e+00 3.609999999999999876e+00
1.699999999999999956e+00 -1.000000000000000000e+00 -1.000000000000000000e+00 3.180000000000000160e+00 2.939999999999999947e+00 1.120000000000000107e+00 2.620000000000000107e+00 -1.000000000000000000e+00 2.899999999999999911e+00 3.640000000000000124e+00
1.639999999999999902e+00 -1.000000000000000000e+00 -1.000000000000000000e+00 3.140000000000000124e+00 2.939999999999999947e+00 1.070000000000000062e+00 2.620000000000000107e+00 -1.000000000000000000e+00 2.879999999999999893e+00 3.569999999999999840e+00
1.649999999999999911e+00 -1.000000000000000000e+00 -1.000000000000000000e+00 3.160000000000000142e+00 2.919999999999999929e+00 1.129999999999999893e+00 2.649999999999999911e+00 -1.000000000000000000e+00 2.870000000000000107e+00 3.589999999999999858e+00
1.620000000000000107e+00 -1.000000000000000000e+00 -1.000000000000000000e+00 3.129999999999999893e+00 2.970000000000000195e+00 1.169999999999999929e+00 2.640000000000000124e+00 -1.000000000000000000e+00 2.779999999999999805e+00 3.560000000000000053e+00
1.629999999999999893e+00 -1.000000000000000000e+00 -1.000000000000000000e+00 3.180000000000000160e+00 2.970000000000000195e+00 1.129999999999999893e+00 2.640000000000000124e+00 -1.000000000000000000e+00 2.819999999999999840e+00 3.549999999999999822e+00
1.659999999999999920e+00 -1.000000000000000000e+00 -1.000000000000000000e+00 3.229999999999999982e+00 2.959999999999999964e+00 1.090000000000000080e+00 2.640000000000000124e+00 -1.000000000000000000e+00 2.859999999999999876e+00 3.620000000000000107e+00
1.679999999999999938e+00 -1.000000000000000000e+00 -1.000000000000000000e+00 3.209999999999999964e+00 2.979999999999999982e+00 1.110000000000000098e+00 2.649999999999999911e+00 -1.000000000000000000e+00 2.890000000000000124e+00 3.569999999999999840e+00
1.659999999999999920e+00 -1.000000000000000000e+00 -1.000000000000000000e+00 3.160000000000000142e+00 3.020000000000000018e+00 1.110000000000000098e+00 2.649999999999999911e+00 -1.000000000000000000e+00 2.870000000000000107e+00 3.609999999999999876e+00
1.669999999999999929e+00 -1.000000000000000000e+00 -1.000000000000000000e+00 3.189999999999999947e+00 2.979999999999999982e+00 1.120000000000000107e+00 2.629999999999999893e+00 -1.000000000000000000e+00 2.799999999999999822e+00 3.589999999999999858e+00
1.679999999999999938e+00 -1.000000000000000000e+00 -1.000000000000000000e+00 3.169999999999999929e+00 2.959999999999999964e+00 1.070000000000000062e+00 2.629999999999999893e+00 -1.000000000000000000e+00 2.859999999999999876e+00 3.569999999999999840e+00
1.620000000000000107e+00 -1.000000000000000000e+00 -1.000000000000000000e+00 3.109999999999999876e+00 2.939999999999999947e+00 1.110000000000000098e+00 2.669999999999999929e+00 -1.000000000000000000e+00 2.850000000000000089e+00 3.620000000000000107e+00
1.659999999999999920e+00 -1.000000000000000000e+00 -1.000000000000000000e+00 3.169999999999999929e+00 2.979999999999999982e+00 1.080000000000000071e+00 2.689999999999999947e+00 -1.000000000000000000e+00 2.830000000000000071e+00 3.640000000000000124e+00
1.639999999999999902e+00 -1.000000000000000000e+00 -1.000000000000000000e+00 3.149999999999999911e+00 2.959999999999999964e+00 1.110000000000000098e+00 2.680000000000000160e+00 -1.000000000000000000e+00 2.830000000000000071e+00 3.569999999999999840e+00
1.649999999999999911e+00 -1.000000000000000000e+00 -1.000000000000000000e+00 3.259999999999999787e+00 2.970000000000000195e+00 1.120000000000000107e+00 2.660000000000000142e+00 -1.000000000000000000e+00 2.810000000000000053e+00 3.549999999999999822e+00
1.629999999999999893e+00 -1.000000000000000000e+00 -1.000000000000000000e+00 3.189999999999999947e+00 2.939999999999999947e+00 1.169999999999999929e+00 2.620000000000000107e+00 -1.000000000000000000e+00 2.890000000000000124e+00 3.589999999999999858e+00
1.649999999999999911e+00 -1.000000000000000000e+00 -1.000000000000000000e+00 3.129999999999999893e+00 2.959999999999999964e+00 1.129999999999999893e+00 2.640000000000000124e+00 -1.000000000000000000e+00 2.839999999999999858e+00 3.569999999999999840e+00
1.649999999999999911e+00 -1.000000000000000000e+00 -1.000000000000000000e+00 3.120000000000000107e+00 2.930000000000000160e+00 1.189999999999999947e+00 2.680000000000000160e+00 -1.000000000000000000e+00 2.810000000000000053e+00 3.580000000000000071e+00
1.669999999999999929e+00 -1.000000000000000000e+00 -1.000000000000000000e+00 3.129999999999999893e+00 -1.000000000000000000e+00 1.080000000000000071e+00 2.620000000000000107e+00 -1.000000000000000000e+00 2.850000000000000089e+00 3.609999999999999876e+00
1.689999999999999947e+00 -1.000000000000000000e+00 -1.000000000000000000e+00 3.209999999999999964e+00 2.970000000000000195e+00 1.189999999999999947e+00 2.649999999999999911e+00 -1.000000000000000000e+00 2.890000000000000124e+00 3.569999999999999840e+00
1.699999999999999956e+00 -1.000000000000000000e+00 -1.000000000000000000e+00 3.250000000000000000e+00 2.959999999999999964e+00 1.139999999999999902e+00 2.680000000000000160e+00 -1.000000000000000000e+00 2.839999999999999858e+00 3.560000000000000053e+00
