-1.000000000000000000e+00 -1.000000000000000000e+00 -1.000000000000000000e+00 -1.000000000000000000e+00 -1.000000000000000000e+00 -1.000000000000000000e+00 -1.000000000000000000e+00 -1.000000000000000000e+00 -1.000000000000000000e+00 -1.000000000000000000e+00
1.100000000000000089e+00 -1.000000000000000000e+00 1.080000000000000071e+00 4.030000000000000249e+00 3.890000000000000124e+00 -1.000000000000000000e+00 2.310000000000000053e+00 1.580000000000000071e+00 3.959999999999999964e+00 4.440000000000000391e+00
1.090000000000000080e+00 -1.000000000000000000e+00 1.070000000000000062e+00 4.000000000000000000e+00 3.850000000000000089e+00 -1.000000000000000000e+00 2.359999999999999876e+00 1.580000000000000071e+00 3.779999999999999805e+00 4.450000000000000178e+00
1.050000000000000044e+00 -1.000000000000000000e+00 1.100000000000000089e+00 4.120000000000000107e+00 3.879999999999999893e+00 -1.000000000000000000e+00 2.330000000000000071e+00 1.530000000000000027e+00 4.009999999999999787e+00 4.440000000000000391e+00
1.070000000000000062e+00 -1.000000000000000000e+00 1.030000000000000027e+00 4.070000000000000284e+00 3.859999999999999876e+00 -1.000000000000000000e+00 2.379999999999999893e+00 1.570000000000000062e+00 4.200000000000000178e+00 4.450000000000000178e+00
1.090000000000000080e+00 -1.000000000000000000e+00 1.090000000000000080e+00 4.070000000000000284e+00 3.850000000000000089e+00 -1.000000000000000000e+00 2.339999999999999858e+00 1.610000000000000098e+00 3.950000000000000178e+00 4.440000000000000391e+00
1.100000000000000089e+00 -1.000000000000000000e+00 1.050000000000000044e+00 4.009999999999999787e+00 3.850000000000000089e+00 -1.000000000000000000e+00 2.299999999999999822e+00 1.550000000000000044e+00 4.160000000000000142e+00 4.419999999999999929e+00
1.120000000000000107e+00 -1.000000000000000000e+00 1.090000000000000080e+00 3.979999999999999982e+00 3.810000000000000053e+00 -1.000000000000000000e+00 2.319999999999999840e+00 1.600000000000000089e+00 4.160000000000000142e+00 4.429999999999999716e+00
-1.000000000000000000e+00 -1.000000000000000000e+00 1.090000000000000080e+00 4.049999999999999822e+00 3.799999999999999822e+00 -1.000000000000000000e+00 2.330000000000000071e+00 1.610000000000000098e+00 3.930000000000000160e+00 4.429999999999999716e+00
1.060000000000000053e+00 -1.000000000000000000e+00 1.060000000000000053e+00 4.070000000000000284e+00 3.910000000000000142e+00 -1.000000000000000000e+00 2.299999999999999822e+00 1.580000000000000071e+00 4.049999999999999822e+00 4.440000000000000391e+00
1.080000000000000071e+00 -1.000000000000000000e+00 1.050000000000000044e+00 4.019999999999999574e+00 3.850000000000000089e+00 -1.000000000000000000e+00 2.310000000000000053e+00 1.620000000000000107e+00 3.959999999999999964e+00 4.450000000000000178e+00
1.090000000000000080e+00 -1.000000000000000000e+00 1.100000000000000089e+00 4.070000000000000284e+00 3.919999999999999929e+00 -1.000000000000000000e+00 2.330000000000000071e+00 1.540000000000000036e+00 4.200000000000000178e+00 4.450000000000000178e+00
1.090000000000000080e+00 -1.000000000000000000e+00 1.060000000000000053e+00 4.049999999999999822e+00 3.859999999999999876e+00 -1.000000000000000000e+00 2.379999999999999893e+00 1.560000000000000053e+00 3.970000000000000195e+00 4.440000000000000391e+00
1.090000000000000080e+00 -1.000000000000000000e+00 1.120000000000000107e+00 3.959999999999999964e+00 3.890000000000000124e+00 -1.000000000000000000e+00 2.359999999999999876e+00 1.590000000000000080e+00 4.009999999999999787e+00 4.419999999999999929e+00
1.070000000000000062e+00 -1.000000000000000000e+00 1.050000000000000044e+00 3.970000000000000195e+00 3.850000000000000089e+00 -1.000000000000000000e+00 2.310000000000000053e+00 1.560000000000000053e+00 3.910000000000000142e+00 4.429999999999999716e+00
1.090000000000000080e+00 -1.000000000000000000e+00 1.090000000000000080e+00 4.040000000000000036e+00 3.879999999999999893e+00 -1.000000000000000000e+00 2.339999999999999858e+00 1.560000000000000053e+00 4.230000000000000426e+00 4.429999999999999716e+00
1.120000000000000107e+00 -1.000000000000000000e+00 1.050000000000000044e+00 4.080000000000000071e+00 3.819999999999999840e+00 -1.000000000000000000e+00 2.319999999999999840e+00 1.600000000000000089e+00 4.169999999999999929e+00 4.450000000000000178e+00
1.100000000000000089e+00 -1.000000000000000000e+00 1.060000000000000053e+00 4.089999999999999858e+00 3.879999999999999893e+00 -1.000000000000000000e+00 2.299999999999999822e+00 1.550000000000000044e+00 4.040000000000000036e+00 4.429999999999999716e+00
1.070000000000000062e+00 -1.000000000000000000e+00 1.050000000000000044e+00 4.019999999999999574e+00 3.810000000000000053e+00 -1.000000000000000000e+00 2.319999999999999840e+00 1.540000000000000036e+00 4.030000000000000249e+00 4.419999999999999929e+00
1.120000000000000107e+00 -1.000000000000000000e+00 1.060000000000000053e+00 4.000000000000000000e+00 3.859999999999999876e+00 -1.000000000000000000e+00 2.310000000000000053e+00 1.590000000000000080e+00 4.190000000000000391e+00 4.450000000000000178e+00
1.129999999999999893e+00 -1.000000000000000000e+00 1.070000000000000062e+00 4.080000000000000071e+00 3.810000000000000053e+00 -1.000000000000000000e+00 2.319999999999999840e+00 1.560000000000000053e+00 4.009999999999999787e+00 4.419999999999999929e+00
1.080000000000000071e+00 -1.000000000000000000e+00 1.060000000000000053e+00 3.970000000000000195e+00 3.879999999999999893e+00 -1.000000000000000000e+00 2.339999999999999858e+00 1.570000000000000062e+00 4.120000000000000107e+00 4.419999999999999929e+00
1.120000000000000107e+00 -1.000000000000000000e+00 1.050000000000000044e+00 3.990000000000000213e+00 3.870000000000000107e+00 -1.000000000000000000e+00 2.299999999999999822e+00 1.580000000000000071e+00 3.750000000000000000e+00 4.419999999999999929e+00
1.080000000000000071e+00 -1.000000000000000000e+00 1.110000000000000098e+00 3.959999999999999964e+00 3.879999999999999893e+00 -1.000000000000000000e+00 2.339999999999999858e+00 1.520000000000000018e+00 4.030000000000000249e+00 4.450000000000000178e+00
1.090000000000000080e+00 -1.000000000000000000e+00 1.020000000000000018e+00 4.009999999999999787e+00 3.830000000000000071e+00 -1.000000000000000000e+00 2.310000000000000053e+00 1.550000000000000044e+00 4.230000000000000426e+00 4.400000000000000355e+00
1.060000000000000053e+00 -1.000000000000000000e+00 1.040000000000000036e+00 4.019999999999999574e+00 3.830000000000000071e+00 -1.000000000000000000e+00 2.330000000000000071e+00 1.550000000000000044e+00 4.139999999999999680e+00 4.450000000000000178e+00
1.110000000000000098e+00 -1.000000000000000000e+00 1.070000000000000062e+00 4.049999999999999822e+00 3.850000000000000089e+00 -1.000000000000000000e+00 2.330000000000000071e+00 1.590000000000000080e+00 3.959999999999999964e+00 4.450000000000000178e+00
1.070000000000000062e+00 -1.000000000000000000e+00 1.090000000000000080e+00 4.059999999999999609e+00 3.879999999999999893e+00 -1.000000000000000000e+00 2.299999999999999822e+00 1.590000000000000080e+00 4.230000000000000426e+00 4.440000000000000391e+00
1.050000000000000044e+00 -1.000000000000000000e+00 1.110000000000000098e+00 4.049999999999999822e+00 3.899999999999999911e+00 -1.000000000000000000e+00 2.319999999999999840e+00 1.560000000000000053e+00 4.150000000000000355e+00 4.450000000000000178e+00
1.110000000000000098e+00 -1.000000000000000000e+00 1.080000000000000071e+00 4.059999999999999609e+00 3.859999999999999876e+00 -1.000000000000000000e+00 2.310000000000000053e+00 1.530000000000000027e+00 3.970000000000000195e+00 4.419999999999999929e+00
1.100000000000000089e+00 -1.000000000000000000e+00 1.090000000000000080e+00 4.049999999999999822e+00 3.859999999999999876e+00 -1.000000000000000000e+00 2.319999999999999840e+00 1.590000000000000080e+00 3.959999999999999964e+00 4.429999999999999716e+00
1.100000000000000089e+00 -1.000000000000000000e+00 1.110000000000000098e+00 4.110000000000000320e+00 3.910000000000000142e+00 -1.000000000000000000e+00 2.279999999999999805e+00 1.560000000000000053e+00 4.219999999999999751e+00 4.440000000000000391e+00
1.050000000000000044e+00 -1.000000000000000000e+00 1.040000000000000036e+00 3.990000000000000213e+00 3.870000000000000107e+00 -1.000000000000000000e+00 2.330000000000000071e+00 1.540000000000000036e+00 4.009999999999999787e+00 4.440000000000000391e+00
1.080000000000000071e+00 -1.000000000000000000e+00 1.120000000000000107e+00 3.959999999999999964e+00 3.819999999999999840e+00 -1.000000000000000000e+00 2.339999999999999858e+00 1.550000000000000044e+00 3.979999999999999982e+00 4.429999999999999716e+00
1.120000000000000107e+00 -1.000000000000000000e+00 1.139999999999999902e+00 4.049999999999999822e+00 3.839999999999999858e+00 -1.000000000000000000e+00 2.299999999999999822e+00 1.560000000000000053e+00 4.110000000000000320e+00 4.450000000000000178e+00
1.120000000000000107e+00 -1.000000000000000000e+00 1.080000000000000071e+00 4.009999999999999787e+00 3.859999999999999876e+00 -1.000000000000000000e+00 2.350000000000000089e+00 1.530000000000000027e+00 4.160000000000000142e+00 4.440000000000000391e+00
1.090000000000000080e+00 -1.000000000000000000e+00 1.090000000000000080e+00 4.009999999999999787e+00 3.859999999999999876e+00 -1.000000000000000000e+00 2.339999999999999858e+00 1.610000000000000098e+00 4.259999999999999787e+00 4.440000000000000391e+00
1.120000000000000107e+00 -1.000000000000000000e+00 1.090000000000000080e+00 4.000000000000000000e+00 3.870000000000000107e+00 -1.000000000000000000e+00 2.290000000000000036e+00 1.590000000000000080e+00 3.970000000000000195e+00 4.410000000000000142e+00
1.090000000000000080e+00 -1.000000000000000000e+00 1.070000000000000062e+00 3.959999999999999964e+00 3.899999999999999911e+00 -1.000000000000000000e+00 2.330000000000000071e+00 1.580000000000000071e+00 4.290000000000000036e+00 4.440000000000000391e+00
1.080000000000000071e+00 -1.000000000000000000e+00 1.080000000000000071e+00 4.040000000000000036e+00 3.850000000000000089e+00 -1.000000000000000000e+00 2.330000000000000071e+00 1.629999999999999893e+00 3.979999999999999982e+00 4.410000000000000142e+00
1.050000000000000044e+00 -1.000000000000000000e+00 1.149999999999999911e+00 3.930000000000000160e+00 3.890000000000000124e+00 -1.000000000000000000e+00 2.319999999999999840e+00 1.600000000000000089e+00 4.209999999999999964e+00 4.419999999999999929e+00
1.129999999999999893e+00 -1.000000000000000000e+00 1.090000000000000080e+00 4.070000000000000284e+00 3.890000000000000124e+00 -1.000000000000000000e+00 2.290000000000000036e+00 1.580000000000000071e+00 4.000000000000000000e+00 4.459999999999999964e+00
1.080000000000000071e+00 -1.000000000000000000e+00 1.030000000000000027e+00 4.009999999999999787e+00 3.810000000000000053e+00 -1.000000000000000000e+00 2.299999999999999822e+00 1.590000000000000080e+00 3.750000000000000000e+00 4.410000000000000142e+00
1.080000000000000071e+00 -1.000000000000000000e+00 1.050000000000000044e+00 4.040000000000000036e+00 3.859999999999999876e+00 -1.000000000000000000e+00 2.299999999999999822e+00 1.600000000000000089e+00 3.790000000000000036e+00 4.459999999999999964e+00
1.129999999999999893e+00 -1.000000000000000000e+00 1.080000000000000071e+00 3.979999999999999982e+00 3.759999999999999787e+00 -1.000000000000000000e+00 2.299999999999999822e+00 1.570000000000000062e+00 3.950000000000000178e+00 4.450000000000000178e+00
1.070000000000000062e+00 -1.000000000000000000e+00 1.090000000000000080e+00 4.080000000000000071e+00 3.850000000000000089e+00 -1.000000000000000000e+00 2.299999999999999822e+00 1.580000000000000071e+00 3.919999999999999929e+00 4.440000000000000391e+00
1.060000000000000053e+00 -1.000000000000000000e+00 1.060000000000000053e+00 4.009999999999999787e+00 3.870000000000000107e+00 -1.000000000000000000e+00 2.370000000000000107e+00 1.580000000000000071e+00 4.179999999999999716e+00 4.429999999999999716e+00
1.060000000000000053e+00 -1.000000000000000000e+00 1.070000000000000062e+00 4.000000000000000000e+00 3.870000000000000107e+00 -1.000000000000000000e+00 2.299999999999999822e+00 1.570000000000000062e+00 3.759999999999999787e+00 4.440000000000000391e+00
1.060000000000000053e+00 -1.000000000000000000e+00 1.050000000000000044e+00 3.979999999999999982e+00 3.859999999999999876e+00 -1.000000000000000000e+00 2.319999999999999840e+00 1.590000000000000080e+00 3.979999999999999982e+00 4.440000000000000391e+00
1.100000000000000089e+00 -1.000000000000000000e+00 1.070000000000000062e+00 4.009999999999999787e+00 3.850000000000000089e+00 -1.000000000000000000e+00 2.319999999999999840e+00 1.560000000000000053e+00 3.919999999999999929e+00 4.410000000000000142e+00
