-1.000000000000000000e+00 -1.000000000000000000e+00 -1.000000000000000000e+00 -1.000000000000000000e+00 -1.000000000000000000e+00 -1.000000000000000000e+00 -1.000000000000000000e+00 -1.000000000000000000e+00 -1.000000000000000000e+00 -1.000000000000000000e+00
4.400000000000000355e+00 -1.000000000000000000e+00 3.029999999999999805e+00 2.399999999999999911e+00 -1.000000000000000000e+00 4.089999999999999858e+00 4.040000000000000036e+00 -1.000000000000000000e+00 1.270000000000000018e+00 1.340000000000000080e+00
4.379999999999999893e+00 -1.000000000000000000e+00 3.049999999999999822e+00 2.490000000000000213e+00 -1.000000000000000000e+00 4.110000000000000320e+00 4.070000000000000284e+00 -1.000000000000000000e+00 1.250000000000000000e+00 1.290000000000000036e+00
4.269999999999999574e+00 -1.000000000000000000e+00 3.040000000000000036e+00 2.439999999999999947e+00 -1.000000000000000000e+00 4.059999999999999609e+00 4.040000000000000036e+00 -1.000000000000000000e+00 1.320000000000000062e+00 1.340000000000000080e+00
4.379999999999999893e+00 -1.000000000000000000e+00 3.089999999999999858e+00 2.419999999999999929e+00 -1.000000000000000000e+00 4.070000000000000284e+00 4.049999999999999822e+00 -1.000000000000000000e+00 1.229999999999999982e+00 1.330000000000000071e+00
4.330000000000000071e+00 -1.000000000000000000e+00 3.129999999999999893e+00 2.359999999999999876e+00 -1.000000000000000000e+00 4.040000000000000036e+00 4.040000000000000036e+00 -1.000000000000000000e+00 1.260000000000000009e+00 1.310000000000000053e+00
4.339999999999999858e+00 -1.000000000000000000e+00 3.200000000000000178e+00 2.430000000000000160e+00 -1.000000000000000000e+00 4.040000000000000036e+00 4.070000000000000284e+00 -1.000000000000000000e+00 1.290000000000000036e+00 1.370000000000000107e+00
4.379999999999999893e+00 -1.000000000000000000e+00 3.180000000000000160e+00 2.370000000000000107e+00 -1.000000000000000000e+00 4.070000000000000284e+00 4.040000000000000036e+00 -1.000000000000000000e+00 1.270000000000000018e+00 1.310000000000000053e+00
4.330000000000000071e+00 -1.000000000000000000e+00 3.160000000000000142e+00 2.379999999999999893e+00 -1.000000000000000000e+00 4.009999999999999787e+00 4.059999999999999609e+00 -1.000000000000000000e+00 1.300000000000000044e+00 1.370000000000000107e+00
4.360000000000000320e+00 -1.000000000000000000e+00 3.160000000000000142e+00 2.359999999999999876e+00 -1.000000000000000000e+00 4.080000000000000071e+00 4.049999999999999822e+00 -1.000000000000000000e+00 1.229999999999999982e+00 1.340000000000000080e+00
4.330000000000000071e+00 -1.000000000000000000e+00 3.129999999999999893e+00 2.379999999999999893e+00 -1.000000000000000000e+00 4.049999999999999822e+00 4.080000000000000071e+00 -1.000000000000000000e+00 1.270000000000000018e+00 1.320000000000000062e+00
4.339999999999999858e+00 -1.000000000000000000e+00 3.089999999999999858e+00 2.390000000000000124e+00 -1.000000000000000000e+00 4.059999999999999609e+00 4.049999999999999822e+00 -1.000000000000000000e+00 1.260000000000000009e+00 1.330000000000000071e+00
4.370000000000000107e+00 -1.000000000000000000e+00 3.160000000000000142e+00 2.359999999999999876e+00 -1.000000000000000000e+00 4.120000000000000107e+00 4.080000000000000071e+00 -1.000000000000000000e+00 1.250000000000000000e+00 1.330000000000000071e+00
4.299999999999999822e+00 -1.000000000000000000e+00 3.109999999999999876e+00 2.370000000000000107e+00 -1.000000000000000000e+00 4.110000000000000320e+00 4.019999999999999574e+00 -1.000000000000000000e+00 1.250000000000000000e+00 1.350000000000000089e+00
4.370000000000000107e+00 -1.000000000000000000e+00 3.109999999999999876e+00 2.350000000000000089e+00 -1.000000000000000000e+00 4.049999999999999822e+00 4.049999999999999822e+00 -1.000000000000000000e+00 1.260000000000000009e+00 1.320000000000000062e+00
4.370000000000000107e+00 -1.000000000000000000e+00 3.120000000000000107e+00 2.370000000000000107e+00 -1.000000000000000000e+00 4.059999999999999609e+00 4.030000000000000249e+00 -1.000000000000000000e+00 1.290000000000000036e+00 1.300000000000000044e+00
4.349999999999999645e+00 -1.000000000000000000e+00 3.080000000000000071e+00 2.379999999999999893e+00 -1.000000000000000000e+00 4.099999999999999645e+00 4.070000000000000284e+00 -1.000000000000000000e+00 1.300000000000000044e+00 1.360000000000000098e+00
4.379999999999999893e+00 -1.000000000000000000e+00 3.129999999999999893e+00 2.319999999999999840e+00 -1.000000000000000000e+00 4.089999999999999858e+00 4.070000000000000284e+00 -1.000000000000000000e+00 1.270000000000000018e+00 1.340000000000000080e+00
4.370000000000000107e+00 -1.000000000000000000e+00 3.149999999999999911e+00 2.370000000000000107e+00 -1.000000000000000000e+00 4.089999999999999858e+00 4.059999999999999609e+00 -1.000000000000000000e+00 1.239999999999999991e+00 1.310000000000000053e+00
4.330000000000000071e+00 -1.000000000000000000e+00 3.140000000000000124e+00 2.299999999999999822e+00 -1.000000000000000000e+00 4.070000000000000284e+00 4.049999999999999822e+00 -1.000000000000000000e+00 1.270000000000000018e+00 1.280000000000000027e+00
4.419999999999999929e+00 -1.000000000000000000e+00 3.129999999999999893e+00 2.370000000000000107e+00 -1.000000000000000000e+00 4.089999999999999858e+00 4.030000000000000249e+00 -1.000000000000000000e+00 1.260000000000000009e+00 1.340000000000000080e+00
4.389999999999999680e+00 -1.000000000000000000e+00 3.109999999999999876e+00 2.399999999999999911e+00 -1.000000000000000000e+00 4.070000000000000284e+00 4.080000000000000071e+00 -1.000000000000000000e+00 1.250000000000000000e+00 1.310000000000000053e+00
4.400000000000000355e+00 -1.000000000000000000e+00 3.080000000000000071e+00 2.359999999999999876e+00 -1.000000000000000000e+00 4.120000000000000107e+00 4.049999999999999822e+00 -1.000000000000000000e+00 1.270000000000000018e+00 1.320000000000000062e+00
4.400000000000000355e+00 -1.000000000000000000e+00 3.100000000000000089e+00 2.339999999999999858e+00 -1.000000000000000000e+00 4.089999999999999858e+00 4.059999999999999609e+00 -1.000000000000000000e+00 1.219999999999999973e+00 1.340000000000000080e+00
4.379999999999999893e+00 -1.000000000000000000e+00 3.100000000000000089e+00 2.339999999999999858e+00 -1.000000000000000000e+00 4.049999999999999822e+00 4.040000000000000036e+00 -1.000000000000000000e+00 1.290000000000000036e+00 1.330000000000000071e+00
4.360000000000000320e+00 -1.000000000000000000e+00 3.109999999999999876e+00 2.339999999999999858e+00 -1.000000000000000000e+00 4.070000000000000284e+00 4.030000000000000249e+00 -1.000000000000000000e+00 1.280000000000000027e+00 1.330000000000000071e+00
4.339999999999999858e+00 -1.000000000000000000e+00 3.089999999999999858e+00 2.339999999999999858e+00 -1.000000000000000000e+00 4.080000000000000071e+00 4.040000000000000036e+00 -1.000000000000000000e+00 1.260000000000000009e+00 1.370000000000000107e+00
4.379999999999999893e+00 -1.000000000000000000e+00 3.080000000000000071e+00 2.370000000000000107e+00 -1.000000000000000000e+00 4.089999999999999858e+00 4.040000000000000036e+00 -1.000000000000000000e+00 1.219999999999999973e+00 1.350000000000000089e+00
4.379999999999999893e+00 -1.000000000000000000e+00 3.100000000000000089e+00 2.339999999999999858e+00 -1.000000000000000000e+00 4.009999999999999787e+00 4.049999999999999822e+00 -1.000000000000000000e+00 1.280000000000000027e+00 1.360000000000000098e+00
4.389999999999999680e+00 -1.000000000000000000e+00 3.129999999999999893e+00 2.390000000000000124e+00 -1.000000000000000000e+00 4.040000000000000036e+00 4.059999999999999609e+00 -1.000000000000000000e+00 1.300000000000000044e+00 1.310000000000000053e+00
4.400000000000000355e+00 -1.000000000000000000e+00 3.100000000000000089e+00 2.359999999999999876e+00 -1.000000000000000000e+00 4.080000000000000071e+00 4.019999999999999574e+00 -1.000000000000000000e+00 1.260000000000000009e+00 1.290000000000000036e+00
4.349999999999999645e+00 -1.000000000000000000e+00 3.120000000000000107e+00 2.370000000000000107e+00 -1.000000000000000000e+00 4.070000000000000284e+00 4.049999999999999822e+00 -1.000000000000000000e+00 1.280000000000000027e+00 1.350000000000000089e+00
4.360000000000000320e+00 -1.000000000000000000e+00 3.129999999999999893e+00 2.430000000000000160e+00 -1.000000000000000000e+00 4.070000000000000284e+00 4.070000000000000284e+00 -1.000000000000000000e+00 1.280000000000000027e+00 1.370000000000000107e+00
4.360000000000000320e+00 -1.000000000000000000e+00 3.109999999999999876e+00 2.370000000000000107e+00 -1.000000000000000000e+00 4.009999999999999787e+00 4.059999999999999609e+00 -1.000000000000000000e+00 1.260000000000000009e+00 1.350000000000000089e+00
4.400000000000000355e+00 -1.000000000000000000e+00 3.109999999999999876e+00 2.379999999999999893e+00 -1.000000000000000000e+00 4.059999999999999609e+00 4.059999999999999609e+00 -1.000000000000000000e+00 1.270000000000000018e+00 1.280000000000000027e+00
4.379999999999999893e+00 -1.000000000000000000e+00 3.100000000000000089e+00 2.330000000000000071e+00 -1.000000000000000000e+00 4.089999999999999858e+00 4.089999999999999858e+00 -1.000000000000000000e+00 1.260000000000000009e+00 1.310000000000000053e+00
4.400000000000000355e+00 -1.000000000000000000e+00 3.069999999999999840e+00 2.370000000000000107e+00 -1.000000000000000000e+00 4.070000000000000284e+00 4.070000000000000284e+00 -1.000000000000000000e+00 1.270000000000000018e+00 1.310000000000000053e+00
4.339999999999999858e+00 -1.000000000000000000e+00 3.080000000000000071e+00 2.379999999999999893e+00 -1.000000000000000000e+00 4.089999999999999858e+00 4.049999999999999822e+00 -1.000000000000000000e+00 1.239999999999999991e+00 1.389999999999999902e+00
4.360000000000000320e+00 -1.000000000000000000e+00 3.109999999999999876e+00 2.330000000000000071e+00 -1.000000000000000000e+00 4.049999999999999822e+00 4.049999999999999822e+00 -1.000000000000000000e+00 1.320000000000000062e+00 1.379999999999999893e+00
4.379999999999999893e+00 -1.000000000000000000e+00 3.100000000000000089e+00 2.350000000000000089e+00 -1.000000000000000000e+00 4.089999999999999858e+00 4.059999999999999609e+00 -1.000000000000000000e+00 1.270000000000000018e+00 1.340000000000000080e+00
4.370000000000000107e+00 -1.000000000000000000e+00 3.109999999999999876e+00 2.339999999999999858e+00 -1.000000000000000000e+00 4.070000000000000284e+00 4.059999999999999609e+00 -1.000000000000000000e+00 1.270000000000000018e+00 1.330000000000000071e+00
4.379999999999999893e+00 -1.000000000000000000e+00 3.109999999999999876e+00 2.359999999999999876e+00 -1.000000000000000000e+00 4.110000000000000320e+00 4.040000000000000036e+00 -1.000000000000000000e+00 1.260000000000000009e+00 1.300000000000000044e+00
4.370000000000000107e+00 -1.000000000000000000e+00 3.169999999999999929e+00 2.359999999999999876e+00 -1.000000000000000000e+00 4.080000000000000071e+00 4.089999999999999858e+00 -1.000000000000000000e+00 1.250000000000000000e+00 1.389999999999999902e+00
4.370000000000000107e+00 -1.000000000000000000e+00 3.180000000000000160e+00 2.319999999999999840e+00 -1.000000000000000000e+00 4.099999999999999645e+00 4.049999999999999822e+00 -1.000000000000000000e+00 1.280000000000000027e+00 1.330000000000000071e+00
4.400000000000000355e+00 -1.000000000000000000e+00 3.149999999999999911e+00 2.330000000000000071e+00 -1.000000000000000000e+00 4.049999999999999822e+00 4.059999999999999609e+00 -1.000000000000000000e+00 1.270000000000000018e+00 1.350000000000000089e+00
4.429999999999999716e+00 -1.000000000000000000e+00 3.140000000000000124e+00 2.359999999999999876e+00 -1.000000000000000000e+00 4.089999999999999858e+00 4.070000000000000284e+00 -1.000000000000000000e+00 1.239999999999999991e+00 1.350000000000000089e+00
4.360000000000000320e+00 -1.000000000000000000e+00 3.180000000000000160e+00 2.290000000000000036e+00 -1.000000000000000000e+00 4.080000000000000071e+00 4.080000000000000071e+00 -1.000000000000000000e+00 1.310000000000000053e+00 1.399999999999999911e+00
4.389999999999999680e+00 -1.000000000000000000e+00 3.109999999999999876e+00 2.379999999999999893e+00 -1.000000000000000000e+00 4.070000000000000284e+00 4.080000000000000071e+00 -1.000000000000000000e+00 1.250000000000000000e+00 1.300000000000000044e+00
4.400000000000000355e+00 -1.000000000000000000e+00 3.129999999999999893e+00 2.350000000000000089e+00 -1.000000000000000000e+00 4.080000000000000071e+00 4.070000000000000284e+00 -1.000000000000000000e+00 1.260000000000000009e+00 1.350000000000000089e+00
4.379999999999999893e+00 -1.000000000000000000e+00 3.160000000000000142e+00 2.359999999999999876e+00 -1.000000000000000000e+00 4.080000000000000071e+00 4.059999999999999609e+00 -1.000000000000000000e+00 1.260000000000000009e+00 1.280000000000000027e+00
