-1.000000000000000000e+00 -1.000000000000000000e+00 -1.000000000000000000e+00 -1.000000000000000000e+00 -1.000000000000000000e+00 -1.000000000000000000e+00 -1.000000000000000000e+00 -1.000000000000000000e+00 -1.000000000000000000e+00 -1.000000000000000000e+00
-1.000000000000000000e+00 -1.000000000000000000e+00 1.600000000000000089e+00 3.910000000000000142e+00 4.709999999999999964e+00 1.120000000000000107e+00 3.540000000000000036e+00 -1.000000000000000000e+00 3.979999999999999982e+00 5.129999999999999893e+00
-1.000000000000000000e+00 -1.000000000000000000e+00 1.639999999999999902e+00 3.959999999999999964e+00 4.650000000000000355e+00 1.060000000000000053e+00 3.509999999999999787e+00 -1.000000000000000000e+00 3.950000000000000178e+00 5.070000000000000284e+00
-1.000000000000000000e+00 -1.000000000000000000e+00 1.639999999999999902e+00 3.899999999999999911e+00 4.730000000000000426e+00 1.080000000000000071e+00 3.560000000000000053e+00 -1.000000000000000000e+00 3.959999999999999964e+00 5.070000000000000284e+00
-1.000000000000000000e+00 -1.000000000000000000e+00 1.620000000000000107e+00 3.979999999999999982e+00 4.679999999999999716e+00 1.080000000000000071e+00 3.549999999999999822e+00 -1.000000000000000000e+00 3.939999999999999947e+00 5.129999999999999893e+00
-1.000000000000000000e+00 -1.000000000000000000e+00 1.620000000000000107e+00 4.019999999999999574e+00 4.650000000000000355e+00 1.050000000000000044e+00 3.529999999999999805e+00 -1.000000000000000000e+00 3.979999999999999982e+00 5.110000000000000320e+00
-1.000000000000000000e+00 -1.000000000000000000e+00 1.570000000000000062e+00 3.990000000000000213e+00 4.669999999999999929e+00 1.080000000000000071e+00 3.540000000000000036e+00 -1.000000000000000000e+00 3.939999999999999947e+00 5.110000000000000320e+00
-1.000000000000000000e+00 -1.000000000000000000e+00 1.620000000000000107e+00 4.009999999999999787e+00 4.719999999999999751e+00 1.030000000000000027e+00 3.509999999999999787e+00 -1.000000000000000000e+00 3.930000000000000160e+00 5.099999999999999645e+00
-1.000000000000000000e+00 -1.000000000000000000e+00 1.600000000000000089e+00 3.930000000000000160e+00 4.709999999999999964e+00 1.080000000000000071e+00 3.490000000000000213e+00 -1.000000000000000000e+00 3.919999999999999929e+00 5.120000000000000107e+00
-1.000000000000000000e+00 -1.000000000000000000e+00 1.620000000000000107e+00 3.930000000000000160e+00 4.690000000000000391e+00 1.050000000000000044e+00 3.509999999999999787e+00 -1.000000000000000000e+00 3.959999999999999964e+00 5.139999999999999680e+00
-1.000000000000000000e+00 -1.000000000000000000e+00 1.629999999999999893e+00 4.080000000000000071e+00 4.740000000000000213e+00 1.050000000000000044e+00 3.520000000000000018e+00 -1.000000000000000000e+00 3.930000000000000160e+00 5.049999999999999822e+00
-1.000000000000000000e+00 -1.000000000000000000e+00 1.550000000000000044e+00 3.910000000000000142e+00 4.690000000000000391e+00 1.080000000000000071e+00 3.509999999999999787e+00 -1.000000000000000000e+00 3.979999999999999982e+00 5.080000000000000071e+00
-1.000000000000000000e+00 -1.000000000000000000e+00 1.620000000000000107e+00 3.959999999999999964e+00 4.669999999999999929e+00 1.040000000000000036e+00 3.529999999999999805e+00 -1.000000000000000000e+00 3.939999999999999947e+00 5.129999999999999893e+00
-1.000000000000000000e+00 -1.000000000000000000e+00 1.580000000000000071e+00 4.040000000000000036e+00 4.669999999999999929e+00 1.050000000000000044e+00 3.549999999999999822e+00 -1.000000000000000000e+00 3.930000000000000160e+00 5.120000000000000107e+00
-1.000000000000000000e+00 -1.000000000000000000e+00 1.639999999999999902e+00 3.990000000000000213e+00 4.709999999999999964e+00 1.060000000000000053e+00 3.529999999999999805e+00 -1.000000000000000000e+00 3.950000000000000178e+00 5.099999999999999645e+00
-1.000000000000000000e+00 -1.000000000000000000e+00 1.639999999999999902e+00 3.979999999999999982e+00 4.660000000000000142e+00 1.070000000000000062e+00 3.529999999999999805e+00 -1.000000000000000000e+00 3.919999999999999929e+00 5.120000000000000107e+00
-1.000000000000000000e+00 -1.000000000000000000e+00 1.580000000000000071e+00 3.939999999999999947e+00 4.719999999999999751e+00 1.040000000000000036e+00 3.560000000000000053e+00 -1.000000000000000000e+00 4.009999999999999787e+00 5.139999999999999680e+00
-1.000000000000000000e+00 -1.000000000000000000e+00 1.620000000000000107e+00 3.899999999999999911e+00 4.690000000000000391e+00 1.040000000000000036e+00 3.520000000000000018e+00 -1.000000000000000000e+00 3.950000000000000178e+00 5.120000000000000107e+00
-1.000000000000000000e+00 -1.000000000000000000e+00 1.590000000000000080e+00 3.930000000000000160e+00 4.700000000000000178e+00 1.050000000000000044e+00 3.529999999999999805e+00 -1.000000000000000000e+00 3.890000000000000124e+00 5.059999999999999609e+00
-1.000000000000000000e+00 -1.000000000000000000e+00 1.560000000000000053e+00 3.910000000000000142e+00 4.650000000000000355e+00 1.070000000000000062e+00 3.529999999999999805e+00 -1.000000000000000000e+00 3.959999999999999964e+00 5.120000000000000107e+00
-1.000000000000000000e+00 -1.000000000000000000e+00 1.610000000000000098e+00 4.080000000000000071e+00 4.480000000000000426e+00 1.060000000000000053e+00 3.540000000000000036e+00 -1.000000000000000000e+00 3.930000000000000160e+00 5.139999999999999680e+00
-1.000000000000000000e+00 -1.000000000000000000e+00 1.659999999999999920e+00 3.939999999999999947e+00 4.660000000000000142e+00 1.040000000000000036e+00 3.540000000000000036e+00 -1.000000000000000000e+00 3.959999999999999964e+00 5.120000000000000107e+00
-1.000000000000000000e+00 -1.000000000000000000e+00 1.560000000000000053e+00 3.979999999999999982e+00 4.690000000000000391e+00 1.060000000000000053e+00 3.500000000000000000e+00 -1.000000000000000000e+00 3.990000000000000213e+00 5.129999999999999893e+00
-1.000000000000000000e+00 -1.000000000000000000e+00 1.620000000000000107e+00 4.059999999999999609e+00 4.709999999999999964e+00 1.050000000000000044e+00 3.549999999999999822e+00 -1.000000000000000000e+00 3.970000000000000195e+00 5.110000000000000320e+00
-1.000000000000000000e+00 -1.000000000000000000e+00 1.600000000000000089e+00 3.979999999999999982e+00 4.639999999999999680e+00 1.070000000000000062e+00 3.549999999999999822e+00 -1.000000000000000000e+00 3.910000000000000142e+00 5.120000000000000107e+00
-1.000000000000000000e+00 -1.000000000000000000e+00 1.620000000000000107e+00 3.870000000000000107e+00 4.679999999999999716e+00 1.040000000000000036e+00 3.509999999999999787e+00 -1.000000000000000000e+00 3.950000000000000178e+00 5.120000000000000107e+00
-1.000000000000000000e+00 -1.000000000000000000e+00 1.620000000000000107e+00 4.030000000000000249e+00 4.700000000000000178e+00 1.090000000000000080e+00 3.560000000000000053e+00 -1.000000000000000000e+00 3.939999999999999947e+00 5.099999999999999645e+00
-1.000000000000000000e+00 -1.000000000000000000e+00 1.600000000000000089e+00 4.019999999999999574e+00 4.639999999999999680e+00 1.060000000000000053e+00 3.509999999999999787e+00 -1.000000000000000000e+00 3.930000000000000160e+00 5.110000000000000320e+00
-1.000000000000000000e+00 -1.000000000000000000e+00 1.560000000000000053e+00 3.970000000000000195e+00 4.690000000000000391e+00 1.100000000000000089e+00 3.529999999999999805e+00 -1.000000000000000000e+00 4.019999999999999574e+00 5.120000000000000107e+00
-1.000000000000000000e+00 -1.000000000000000000e+00 1.600000000000000089e+00 3.959999999999999964e+00 4.750000000000000000e+00 1.050000000000000044e+00 3.540000000000000036e+00 -1.000000000000000000e+00 3.959999999999999964e+00 5.089999999999999858e+00
-1.000000000000000000e+00 -1.000000000000000000e+00 1.570000000000000062e+00 4.019999999999999574e+00 4.700000000000000178e+00 1.030000000000000027e+00 3.529999999999999805e+00 -1.000000000000000000e+00 4.009999999999999787e+00 5.099999999999999645e+00
-1.000000000000000000e+00 -1.000000000000000000e+00 1.649999999999999911e+00 4.009999999999999787e+00 4.690000000000000391e+00 1.070000000000000062e+00 3.560000000000000053e+00 -1.000000000000000000e+00 3.979999999999999982e+00 5.080000000000000071e+00
-1.000000000000000000e+00 -1.000000000000000000e+00 1.560000000000000053e+00 3.979999999999999982e+00 4.629999999999999893e+00 1.050000000000000044e+00 3.560000000000000053e+00 -1.000000000000000000e+00 3.959999999999999964e+00 5.099999999999999645e+00
-1.000000000000000000e+00 -1.000000000000000000e+00 1.570000000000000062e+00 3.979999999999999982e+00 4.379999999999999893e+00 1.020000000000000018e+00 3.520000000000000018e+00 -1.000000000000000000e+00 3.930000000000000160e+00 5.120000000000000107e+00
-1.000000000000000000e+00 -1.000000000000000000e+00 1.629999999999999893e+00 4.009999999999999787e+00 4.700000000000000178e+00 1.060000000000000053e+00 3.569999999999999840e+00 -1.000000000000000000e+00 3.950000000000000178e+00 5.040000000000000036e+00
-1.000000000000000000e+00 -1.000000000000000000e+00 1.699999999999999956e+00 3.939999999999999947e+00 4.709999999999999964e+00 1.040000000000000036e+00 3.540000000000000036e+00 -1.000000000000000000e+00 3.910000000000000142e+00 5.059999999999999609e+00
-1.000000000000000000e+00 -1.000000000000000000e+00 1.540000000000000036e+00 3.930000000000000160e+00 4.679999999999999716e+00 1.090000000000000080e+00 3.520000000000000018e+00 -1.000000000000000000e+00 3.990000000000000213e+00 5.099999999999999645e+00
-1.000000000000000000e+00 -1.000000000000000000e+00 1.620000000000000107e+00 3.939999999999999947e+00 4.719999999999999751e+00 1.040000000000000036e+00 3.549999999999999822e+00 -1.000000000000000000e+00 3.919999999999999929e+00 5.139999999999999680e+00
-1.000000000000000000e+00 -1.000000000000000000e+00 1.580000000000000071e+00 3.970000000000000195e+00 4.730000000000000426e+00 1.050000000000000044e+00 3.549999999999999822e+00 -1.000000000000000000e+00 3.990000000000000213e+00 5.110000000000000320e+00
-1.000000000000000000e+00 -1.000000000000000000e+00 1.600000000000000089e+00 3.899999999999999911e+00 4.679999999999999716e+00 1.050000000000000044e+00 3.490000000000000213e+00 -1.000000000000000000e+00 3.919999999999999929e+00 5.070000000000000284e+00
-1.000000000000000000e+00 -1.000000000000000000e+00 1.629999999999999893e+00 4.080000000000000071e+00 4.679999999999999716e+00 1.060000000000000053e+00 3.560000000000000053e+00 -1.000000000000000000e+00 3.970000000000000195e+00 5.089999999999999858e+00
-1.000000000000000000e+00 -1.000000000000000000e+00 1.620000000000000107e+00 3.919999999999999929e+00 4.669999999999999929e+00 1.080000000000000071e+00 3.500000000000000000e+00 -1.000000000000000000e+00 4.009999999999999787e+00 5.110000000000000320e+00
-1.000000000000000000e+00 -1.000000000000000000e+00 1.659999999999999920e+00 3.870000000000000107e+00 4.709999999999999964e+00 1.070000000000000062e+00 3.529999999999999805e+00 -1.000000000000000000e+00 3.970000000000000195e+00 5.129999999999999893e+00
-1.000000000000000000e+00 -1.000000000000000000e+00 1.600000000000000089e+00 4.040000000000000036e+00 4.750000000000000000e+00 1.100000000000000089e+00 3.520000000000000018e+00 -1.000000000000000000e+00 4.009999999999999787e+00 5.129999999999999893e+00
-1.000000000000000000e+00 -1.000000000000000000e+00 1.600000000000000089e+00 4.009999999999999787e+00 4.629999999999999893e+00 1.080000000000000071e+00 3.540000000000000036e+00 -1.000000000000000000e+00 3.899999999999999911e+00 5.099999999999999645e+00
-1.000000000000000000e+00 -1.000000000000000000e+00 1.620000000000000107e+00 4.019999999999999574e+00 4.639999999999999680e+00 1.030000000000000027e+00 3.540000000000000036e+00 -1.000000000000000000e+00 4.019999999999999574e+00 5.129999999999999893e+00
-1.000000000000000000e+00 -1.000000000000000000e+00 1.620000000000000107e+00 4.040000000000000036e+00 4.740000000000000213e+00 1.110000000000000098e+00 3.569999999999999840e+00 -1.000000000000000000e+00 3.979999999999999982e+00 5.139999999999999680e+00
-1.000000000000000000e+00 -1.000000000000000000e+00 1.580000000000000071e+00 4.019999999999999574e+00 4.650000000000000355e+00 1.030000000000000027e+00 3.520000000000000018e+00 -1.000000000000000000e+00 3.870000000000000107e+00 5.120000000000000107e+00
-1.000000000000000000e+00 -1.000000000000000000e+00 1.610000000000000098e+00 3.990000000000000213e+00 4.750000000000000000e+00 1.060000000000000053e+00 3.509999999999999787e+00 -1.000000000000000000e+00 3.930000000000000160e+00 5.110000000000000320e+00
-1.000000000000000000e+00 -1.000000000000000000e+00 1.550000000000000044e+00 3.959999999999999964e+00 4.700000000000000178e+00 1.020000000000000018e+00 3.560000000000000053e+00 -1.000000000000000000e+00 4.000000000000000000e+00 5.120000000000000107e+00
