-1.000000000000000000e+00 -1.000000000000000000e+00 -1.000000000000000000e+00 -1.000000000000000000e+00 -1.000000000000000000e+00 -1.000000000000000000e+00 -1.000000000000000000e+00 -1.000000000000000000e+00 -1.000000000000000000e+00 -1.000000000000000000e+00
2.240000000000000213e+00 -1.000000000000000000e+00 1.620000000000000107e+00 4.679999999999999716e+00 3.779999999999999805e+00 9.699999999999999734e-01 1.060000000000000053e+00 -1.000000000000000000e+00 3.979999999999999982e+00 4.030000000000000249e+00
2.290000000000000036e+00 -1.000000000000000000e+00 1.620000000000000107e+00 4.629999999999999893e+00 3.830000000000000071e+00 9.699999999999999734e-01 1.030000000000000027e+00 -1.000000000000000000e+00 4.059999999999999609e+00 4.040000000000000036e+00
2.240000000000000213e+00 -1.000000000000000000e+00 1.540000000000000036e+00 4.570000000000000284e+00 3.819999999999999840e+00 1.040000000000000036e+00 1.020000000000000018e+00 -1.000000000000000000e+00 4.030000000000000249e+00 4.009999999999999787e+00
2.279999999999999805e+00 -1.000000000000000000e+00 1.510000000000000009e+00 4.759999999999999787e+00 3.729999999999999982e+00 1.040000000000000036e+00 1.010000000000000009e+00 -1.000000000000000000e+00 3.979999999999999982e+00 4.019999999999999574e+00
2.250000000000000000e+00 -1.000000000000000000e+00 1.510000000000000009e+00 4.660000000000000142e+00 3.799999999999999822e+00 1.010000000000000009e+00 1.050000000000000044e+00 -1.000000000000000000e+00 3.970000000000000195e+00 4.040000000000000036e+00
2.270000000000000018e+00 -1.000000000000000000e+00 1.620000000000000107e+00 4.660000000000000142e+00 3.799999999999999822e+00 9.899999999999999911e-01 1.070000000000000062e+00 -1.000000000000000000e+00 4.019999999999999574e+00 4.009999999999999787e+00
2.279999999999999805e+00 -1.000000000000000000e+00 1.600000000000000089e+00 4.709999999999999964e+00 3.750000000000000000e+00 9.399999999999999467e-01 1.010000000000000009e+00 -1.000000000000000000e+00 4.070000000000000284e+00 3.979999999999999982e+00
2.259999999999999787e+00 -1.000000000000000000e+00 1.530000000000000027e+00 4.629999999999999893e+00 3.790000000000000036e+00 1.020000000000000018e+00 1.040000000000000036e+00 -1.000000000000000000e+00 3.970000000000000195e+00 3.979999999999999982e+00
2.279999999999999805e+00 -1.000000000000000000e+00 1.570000000000000062e+00 4.719999999999999751e+00 3.819999999999999840e+00 1.000000000000000000e+00 1.030000000000000027e+00 -1.000000000000000000e+00 4.040000000000000036e+00 4.000000000000000000e+00
2.259999999999999787e+00 -1.000000000000000000e+00 1.600000000000000089e+00 4.660000000000000142e+00 3.850000000000000089e+00 1.010000000000000009e+00 1.020000000000000018e+00 -1.000000000000000000e+00 4.019999999999999574e+00 4.049999999999999822e+00
2.250000000000000000e+00 -1.000000000000000000e+00 1.570000000000000062e+00 4.559999999999999609e+00 3.859999999999999876e+00 9.799999999999999822e-01 1.050000000000000044e+00 -1.000000000000000000e+00 3.970000000000000195e+00 4.009999999999999787e+00
2.240000000000000213e+00 -1.000000000000000000e+00 1.600000000000000089e+00 4.629999999999999893e+00 3.759999999999999787e+00 9.599999999999999645e-01 1.050000000000000044e+00 -1.000000000000000000e+00 4.019999999999999574e+00 4.030000000000000249e+00
2.259999999999999787e+00 -1.000000000000000000e+00 1.550000000000000044e+00 4.669999999999999929e+00 3.799999999999999822e+00 9.699999999999999734e-01 1.040000000000000036e+00 -1.000000000000000000e+00 4.030000000000000249e+00 4.009999999999999787e+00
2.240000000000000213e+00 -1.000000000000000000e+00 1.520000000000000018e+00 4.669999999999999929e+00 3.790000000000000036e+00 1.000000000000000000e+00 1.050000000000000044e+00 -1.000000000000000000e+00 3.950000000000000178e+00 4.030000000000000249e+00
2.290000000000000036e+00 -1.000000000000000000e+00 1.610000000000000098e+00 4.599999999999999645e+00 3.799999999999999822e+00 1.010000000000000009e+00 1.040000000000000036e+00 -1.000000000000000000e+00 4.040000000000000036e+00 4.019999999999999574e+00
2.290000000000000036e+00 -1.000000000000000000e+00 1.520000000000000018e+00 4.650000000000000355e+00 3.740000000000000213e+00 1.010000000000000009e+00 1.040000000000000036e+00 -1.000000000000000000e+00 4.009999999999999787e+00 4.070000000000000284e+00
2.270000000000000018e+00 -1.000000000000000000e+00 1.560000000000000053e+00 4.700000000000000178e+00 3.850000000000000089e+00 1.020000000000000018e+00 1.060000000000000053e+00 -1.000000000000000000e+00 4.070000000000000284e+00 3.970000000000000195e+00
2.270000000000000018e+00 -1.000000000000000000e+00 1.489999999999999991e+00 4.610000000000000320e+00 3.759999999999999787e+00 1.020000000000000018e+00 1.030000000000000027e+00 -1.000000000000000000e+00 4.009999999999999787e+00 4.019999999999999574e+00
2.299999999999999822e+00 -1.000000000000000000e+00 1.530000000000000027e+00 4.709999999999999964e+00 3.779999999999999805e+00 9.699999999999999734e-01 1.040000000000000036e+00 -1.000000000000000000e+00 3.950000000000000178e+00 4.049999999999999822e+00
2.270000000000000018e+00 -1.000000000000000000e+00 1.590000000000000080e+00 4.660000000000000142e+00 3.810000000000000053e+00 1.000000000000000000e+00 1.100000000000000089e+00 -1.000000000000000000e+00 3.990000000000000213e+00 4.040000000000000036e+00
2.279999999999999805e+00 -1.000000000000000000e+00 1.560000000000000053e+00 4.639999999999999680e+00 3.830000000000000071e+00 9.799999999999999822e-01 1.010000000000000009e+00 -1.000000000000000000e+00 3.939999999999999947e+00 4.009999999999999787e+00
2.250000000000000000e+00 -1.000000000000000000e+00 1.510000000000000009e+00 4.610000000000000320e+00 3.720000000000000195e+00 9.699999999999999734e-01 1.090000000000000080e+00 -1.000000000000000000e+00 4.030000000000000249e+00 4.059999999999999609e+00
2.259999999999999787e+00 -1.000000000000000000e+00 1.600000000000000089e+00 4.620000000000000107e+00 3.850000000000000089e+00 9.499999999999999556e-01 1.050000000000000044e+00 -1.000000000000000000e+00 4.009999999999999787e+00 4.049999999999999822e+00
2.270000000000000018e+00 -1.000000000000000000e+00 1.610000000000000098e+00 4.679999999999999716e+00 3.750000000000000000e+00 1.060000000000000053e+00 1.020000000000000018e+00 -1.000000000000000000e+00 4.019999999999999574e+00 3.990000000000000213e+00
2.270000000000000018e+00 -1.000000000000000000e+00 1.500000000000000000e+00 4.639999999999999680e+00 3.830000000000000071e+00 1.010000000000000009e+00 9.799999999999999822e-01 -1.000000000000000000e+00 3.990000000000000213e+00 4.040000000000000036e+00
2.290000000000000036e+00 -1.000000000000000000e+00 1.510000000000000009e+00 4.660000000000000142e+00 3.819999999999999840e+00 1.040000000000000036e+00 1.070000000000000062e+00 -1.000000000000000000e+00 4.000000000000000000e+00 3.970000000000000195e+00
2.240000000000000213e+00 -1.000000000000000000e+00 1.560000000000000053e+00 4.679999999999999716e+00 3.810000000000000053e+00 1.040000000000000036e+00 1.040000000000000036e+00 -1.000000000000000000e+00 3.979999999999999982e+00 4.040000000000000036e+00
2.279999999999999805e+00 -1.000000000000000000e+00 1.580000000000000071e+00 4.690000000000000391e+00 3.790000000000000036e+00 1.000000000000000000e+00 1.050000000000000044e+00 -1.000000000000000000e+00 3.939999999999999947e+00 4.000000000000000000e+00
2.259999999999999787e+00 -1.000000000000000000e+00 1.550000000000000044e+00 4.660000000000000142e+00 3.779999999999999805e+00 9.699999999999999734e-01 1.060000000000000053e+00 -1.000000000000000000e+00 3.950000000000000178e+00 4.019999999999999574e+00
2.290000000000000036e+00 -1.000000000000000000e+00 1.580000000000000071e+00 4.650000000000000355e+00 3.740000000000000213e+00 1.020000000000000018e+00 1.040000000000000036e+00 -1.000000000000000000e+00 4.040000000000000036e+00 3.979999999999999982e+00
2.270000000000000018e+00 -1.000000000000000000e+00 1.570000000000000062e+00 4.709999999999999964e+00 3.790000000000000036e+00 9.799999999999999822e-01 1.040000000000000036e+00 -1.000000000000000000e+00 3.970000000000000195e+00 3.990000000000000213e+00
2.270000000000000018e+00 -1.000000000000000000e+00 1.510000000000000009e+00 4.709999999999999964e+00 3.779999999999999805e+00 1.040000000000000036e+00 1.070000000000000062e+00 -1.000000000000000000e+00 3.970000000000000195e+00 3.990000000000000213e+00
2.279999999999999805e+00 -1.000000000000000000e+00 1.620000000000000107e+00 4.719999999999999751e+00 3.799999999999999822e+00 1.010000000000000009e+00 1.050000000000000044e+00 -1.000000000000000000e+00 4.009999999999999787e+00 3.990000000000000213e+00
2.290000000000000036e+00 -1.000000000000000000e+00 1.479999999999999982e+00 4.639999999999999680e+00 3.790000000000000036e+00 9.899999999999999911e-01 1.070000000000000062e+00 -1.000000000000000000e+00 4.000000000000000000e+00 4.019999999999999574e+00
2.299999999999999822e+00 -1.000000000000000000e+00 1.489999999999999991e+00 4.690000000000000391e+00 3.790000000000000036e+00 9.699999999999999734e-01 1.060000000000000053e+00 -1.000000000000000000e+00 3.990000000000000213e+00 4.040000000000000036e+00
2.250000000000000000e+00 -1.000000000000000000e+00 1.570000000000000062e+00 4.700000000000000178e+00 3.759999999999999787e+00 9.899999999999999911e-01 1.080000000000000071e+00 -1.000000000000000000e+00 3.990000000000000213e+00 4.000000000000000000e+00
2.290000000000000036e+00 -1.000000000000000000e+00 1.500000000000000000e+00 4.650000000000000355e+00 3.839999999999999858e+00 1.040000000000000036e+00 1.070000000000000062e+00 -1.000000000000000000e+00 4.009999999999999787e+00 4.040000000000000036e+00
2.270000000000000018e+00 -1.000000000000000000e+00 1.570000000000000062e+00 4.669999999999999929e+00 3.750000000000000000e+00 9.899999999999999911e-01 1.050000000000000044e+00 -1.000000000000000000e+00 4.049999999999999822e+00 4.000000000000000000e+00
2.310000000000000053e+00 -1.000000000000000000e+00 1.620000000000000107e+00 4.669999999999999929e+00 3.810000000000000053e+00 1.010000000000000009e+00 1.040000000000000036e+00 -1.000000000000000000e+00 4.049999999999999822e+00 3.970000000000000195e+00
2.259999999999999787e+00 -1.000000000000000000e+00 1.479999999999999982e+00 4.639999999999999680e+00 3.799999999999999822e+00 9.799999999999999822e-01 1.050000000000000044e+00 -1.000000000000000000e+00 3.930000000000000160e+00 4.040000000000000036e+00
2.279999999999999805e+00 -1.000000000000000000e+00 1.560000000000000053e+00 4.650000000000000355e+00 3.779999999999999805e+00 9.799999999999999822e-01 1.040000000000000036e+00 -1.000000000000000000e+00 3.970000000000000195e+00 3.990000000000000213e+00
2.299999999999999822e+00 -1.000000000000000000e+00 1.550000000000000044e+00 4.700000000000000178e+00 3.870000000000000107e+00 9.899999999999999911e-01 1.030000000000000027e+00 -1.000000000000000000e+00 3.970000000000000195e+00 4.019999999999999574e+00
2.290000000000000036e+00 -1.000000000000000000e+00 1.560000000000000053e+00 4.650000000000000355e+00 3.799999999999999822e+00 9.799999999999999822e-01 1.000000000000000000e+00 -1.000000000000000000e+00 4.009999999999999787e+00 4.009999999999999787e+00
2.259999999999999787e+00 -1.000000000000000000e+00 1.580000000000000071e+00 4.639999999999999680e+00 3.850000000000000089e+00 1.000000000000000000e+00 1.040000000000000036e+00 -1.000000000000000000e+00 4.059999999999999609e+00 4.009999999999999787e+00
2.290000000000000036e+00 -1.000000000000000000e+00 1.520000000000000018e+00 4.719999999999999751e+00 3.810000000000000053e+00 9.699999999999999734e-01 1.000000000000000000e+00 -1.000000000000000000e+00 4.019999999999999574e+00 4.059999999999999609e+00
2.299999999999999822e+00 -1.000000000000000000e+00 1.540000000000000036e+00 4.639999999999999680e+00 3.890000000000000124e+00 1.000000000000000000e+00 1.050000000000000044e+00 -1.000000000000000000e+00 3.970000000000000195e+00 4.030000000000000249e+00
2.250000000000000000e+00 -1.000000000000000000e+00 1.570000000000000062e+00 4.679999999999999716e+00 3.839999999999999858e+00 9.399999999999999467e-01 1.010000000000000009e+00 -1.000000000000000000e+00 4.000000000000000000e+00 3.970000000000000195e+00
2.259999999999999787e+00 -1.000000000000000000e+00 1.580000000000000071e+00 4.690000000000000391e+00 3.759999999999999787e+00 1.010000000000000009e+00 1.060000000000000053e+00 -1.000000000000000000e+00 3.990000000000000213e+00 4.009999999999999787e+00
2.299999999999999822e+00 -1.000000000000000000e+00 1.600000000000000089e+00 4.559999999999999609e+00 3.850000000000000089e+00 1.010000000000000009e+00 1.060000000000000053e+00 -1.000000000000000000e+00 4.030000000000000249e+00 4.009999999999999787e+00
