-1.000000000000000000e+00 -1.000000000000000000e+00 -1.000000000000000000e+00 -1.000000000000000000e+00 -1.000000000000000000e+00 -1.000000000000000000e+00 -1.000000000000000000e+00 -1.000000000000000000e+00 -1.000000000000000000e+00 -1.000000000000000000e+00
3.890000000000000124e+00 -1.000000000000000000e+00 2.910000000000000142e+00 1.270000000000000018e+00 9.100000000000000311e-01 4.070000000000000284e+00 4.530000000000000249e+00 3.169999999999999929e+00 -1.000000000000000000e+00 2.479999999999999982e+00
3.939999999999999947e+00 -1.000000000000000000e+00 2.899999999999999911e+00 -1.000000000000000000e+00 1.040000000000000036e+00 4.059999999999999609e+00 4.530000000000000249e+00 3.209999999999999964e+00 -1.000000000000000000e+00 2.439999999999999947e+00
3.910000000000000142e+00 -1.000000000000000000e+00 2.910000000000000142e+00 1.270000000000000018e+00 9.799999999999999822e-01 3.950000000000000178e+00 4.480000000000000426e+00 3.140000000000000124e+00 -1.000000000000000000e+00 2.490000000000000213e+00
3.879999999999999893e+00 -1.000000000000000000e+00 2.899999999999999911e+00 1.260000000000000009e+00 1.000000000000000000e+00 4.099999999999999645e+00 4.530000000000000249e+00 3.149999999999999911e+00 -1.000000000000000000e+00 2.500000000000000000e+00
3.910000000000000142e+00 -1.000000000000000000e+00 2.899999999999999911e+00 1.280000000000000027e+00 1.050000000000000044e+00 3.990000000000000213e+00 4.500000000000000000e+00 3.129999999999999893e+00 -1.000000000000000000e+00 2.509999999999999787e+00
3.990000000000000213e+00 -1.000000000000000000e+00 2.890000000000000124e+00 -1.000000000000000000e+00 9.399999999999999467e-01 4.099999999999999645e+00 4.549999999999999822e+00 3.149999999999999911e+00 -1.000000000000000000e+00 2.529999999999999805e+00
3.870000000000000107e+00 -1.000000000000000000e+00 2.879999999999999893e+00 1.330000000000000071e+00 9.699999999999999734e-01 4.089999999999999858e+00 4.519999999999999574e+00 3.169999999999999929e+00 -1.000000000000000000e+00 2.509999999999999787e+00
3.939999999999999947e+00 -1.000000000000000000e+00 2.930000000000000160e+00 1.260000000000000009e+00 9.699999999999999734e-01 4.009999999999999787e+00 4.500000000000000000e+00 3.169999999999999929e+00 -1.000000000000000000e+00 2.490000000000000213e+00
3.950000000000000178e+00 -1.000000000000000000e+00 2.890000000000000124e+00 1.260000000000000009e+00 1.050000000000000044e+00 3.899999999999999911e+00 4.570000000000000284e+00 3.209999999999999964e+00 -1.000000000000000000e+00 2.520000000000000018e+00
3.910000000000000142e+00 -1.000000000000000000e+00 2.899999999999999911e+00 1.270000000000000018e+00 9.599999999999999645e-01 4.070000000000000284e+00 4.530000000000000249e+00 3.220000000000000195e+00 -1.000000000000000000e+00 2.529999999999999805e+00
3.939999999999999947e+00 -1.000000000000000000e+00 2.899999999999999911e+00 1.260000000000000009e+00 9.699999999999999734e-01 4.049999999999999822e+00 4.559999999999999609e+00 3.200000000000000178e+00 -1.000000000000000000e+00 2.450000000000000178e+00
3.939999999999999947e+00 -1.000000000000000000e+00 2.919999999999999929e+00 1.260000000000000009e+00 9.699999999999999734e-01 4.049999999999999822e+00 4.540000000000000036e+00 3.149999999999999911e+00 -1.000000000000000000e+00 2.500000000000000000e+00
3.910000000000000142e+00 -1.000000000000000000e+00 2.930000000000000160e+00 1.270000000000000018e+00 9.699999999999999734e-01 3.899999999999999911e+00 4.530000000000000249e+00 3.129999999999999893e+00 -1.000000000000000000e+00 2.540000000000000036e+00
3.899999999999999911e+00 -1.000000000000000000e+00 2.890000000000000124e+00 1.270000000000000018e+00 9.399999999999999467e-01 4.040000000000000036e+00 4.500000000000000000e+00 3.160000000000000142e+00 -1.000000000000000000e+00 2.490000000000000213e+00
3.950000000000000178e+00 -1.000000000000000000e+00 2.930000000000000160e+00 1.260000000000000009e+00 9.200000000000000400e-01 4.089999999999999858e+00 4.519999999999999574e+00 3.149999999999999911e+00 -1.000000000000000000e+00 2.500000000000000000e+00
3.899999999999999911e+00 -1.000000000000000000e+00 2.899999999999999911e+00 1.260000000000000009e+00 9.499999999999999556e-01 4.059999999999999609e+00 4.509999999999999787e+00 3.180000000000000160e+00 -1.000000000000000000e+00 2.500000000000000000e+00
3.879999999999999893e+00 -1.000000000000000000e+00 2.950000000000000178e+00 1.270000000000000018e+00 9.499999999999999556e-01 4.040000000000000036e+00 4.540000000000000036e+00 3.209999999999999964e+00 -1.000000000000000000e+00 2.490000000000000213e+00
3.899999999999999911e+00 -1.000000000000000000e+00 2.899999999999999911e+00 1.239999999999999991e+00 9.200000000000000400e-01 4.000000000000000000e+00 4.540000000000000036e+00 3.100000000000000089e+00 -1.000000000000000000e+00 2.490000000000000213e+00
3.919999999999999929e+00 -1.000000000000000000e+00 2.899999999999999911e+00 1.270000000000000018e+00 9.100000000000000311e-01 3.859999999999999876e+00 4.519999999999999574e+00 3.220000000000000195e+00 -1.000000000000000000e+00 2.520000000000000018e+00
3.919999999999999929e+00 -1.000000000000000000e+00 2.899999999999999911e+00 1.239999999999999991e+00 1.000000000000000000e+00 4.099999999999999645e+00 4.519999999999999574e+00 3.180000000000000160e+00 -1.000000000000000000e+00 2.560000000000000053e+00
3.930000000000000160e+00 -1.000000000000000000e+00 2.919999999999999929e+00 1.229999999999999982e+00 9.799999999999999822e-01 4.080000000000000071e+00 4.559999999999999609e+00 3.200000000000000178e+00 -1.000000000000000000e+00 2.490000000000000213e+00
3.939999999999999947e+00 -1.000000000000000000e+00 2.910000000000000142e+00 1.260000000000000009e+00 1.040000000000000036e+00 4.019999999999999574e+00 4.519999999999999574e+00 3.220000000000000195e+00 -1.000000000000000000e+00 2.529999999999999805e+00
3.919999999999999929e+00 -1.000000000000000000e+00 2.919999999999999929e+00 1.270000000000000018e+00 9.699999999999999734e-01 4.080000000000000071e+00 4.530000000000000249e+00 3.149999999999999911e+00 -1.000000000000000000e+00 2.479999999999999982e+00
3.919999999999999929e+00 -1.000000000000000000e+00 2.910000000000000142e+00 1.239999999999999991e+00 9.599999999999999645e-01 4.089999999999999858e+00 4.509999999999999787e+00 3.220000000000000195e+00 -1.000000000000000000e+00 2.540000000000000036e+00
3.910000000000000142e+00 -1.000000000000000000e+00 2.899999999999999911e+00 1.260000000000000009e+00 9.599999999999999645e-01 3.930000000000000160e+00 4.549999999999999822e+00 3.200000000000000178e+00 -1.000000000000000000e+00 2.479999999999999982e+00
3.910000000000000142e+00 -1.000000000000000000e+00 2.899999999999999911e+00 1.260000000000000009e+00 9.799999999999999822e-01 4.030000000000000249e+00 4.530000000000000249e+00 3.189999999999999947e+00 -1.000000000000000000e+00 2.470000000000000195e+00
3.899999999999999911e+00 -1.000000000000000000e+00 2.890000000000000124e+00 1.280000000000000027e+00 1.020000000000000018e+00 4.049999999999999822e+00 4.559999999999999609e+00 3.100000000000000089e+00 -1.000000000000000000e+00 2.520000000000000018e+00
3.910000000000000142e+00 -1.000000000000000000e+00 2.930000000000000160e+00 1.270000000000000018e+00 9.699999999999999734e-01 4.019999999999999574e+00 4.509999999999999787e+00 3.189999999999999947e+00 -1.000000000000000000e+00 2.509999999999999787e+00
3.939999999999999947e+00 -1.000000000000000000e+00 2.899999999999999911e+00 1.270000000000000018e+00 9.000000000000000222e-01 4.059999999999999609e+00 4.490000000000000213e+00 3.189999999999999947e+00 -1.000000000000000000e+00 2.520000000000000018e+00
3.939999999999999947e+00 -1.000000000000000000e+00 2.930000000000000160e+00 1.260000000000000009e+00 9.799999999999999822e-01 4.089999999999999858e+00 4.540000000000000036e+00 3.180000000000000160e+00 -1.000000000000000000e+00 2.479999999999999982e+00
3.979999999999999982e+00 -1.000000000000000000e+00 2.919999999999999929e+00 1.260000000000000009e+00 9.799999999999999822e-01 4.070000000000000284e+00 4.570000000000000284e+00 3.200000000000000178e+00 -1.000000000000000000e+00 2.500000000000000000e+00
3.899999999999999911e+00 -1.000000000000000000e+00 2.910000000000000142e+00 1.260000000000000009e+00 1.030000000000000027e+00 4.080000000000000071e+00 4.559999999999999609e+00 3.109999999999999876e+00 -1.000000000000000000e+00 2.540000000000000036e+00
3.919999999999999929e+00 -1.000000000000000000e+00 2.899999999999999911e+00 1.250000000000000000e+00 9.799999999999999822e-01 4.040000000000000036e+00 4.559999999999999609e+00 -1.000000000000000000e+00 -1.000000000000000000e+00 2.450000000000000178e+00
3.950000000000000178e+00 -1.000000000000000000e+00 2.899999999999999911e+00 1.260000000000000009e+00 9.699999999999999734e-01 4.099999999999999645e+00 4.530000000000000249e+00 3.140000000000000124e+00 -1.000000000000000000e+00 2.529999999999999805e+00
3.890000000000000124e+00 -1.000000000000000000e+00 2.879999999999999893e+00 1.250000000000000000e+00 9.799999999999999822e-01 3.950000000000000178e+00 4.540000000000000036e+00 3.160000000000000142e+00 -1.000000000000000000e+00 2.520000000000000018e+00
3.930000000000000160e+00 -1.000000000000000000e+00 2.899999999999999911e+00 1.280000000000000027e+00 1.000000000000000000e+00 4.070000000000000284e+00 4.530000000000000249e+00 3.220000000000000195e+00 -1.000000000000000000e+00 2.540000000000000036e+00
3.950000000000000178e+00 -1.000000000000000000e+00 2.899999999999999911e+00 1.260000000000000009e+00 9.699999999999999734e-01 4.009999999999999787e+00 4.519999999999999574e+00 3.140000000000000124e+00 -1.000000000000000000e+00 2.520000000000000018e+00
3.939999999999999947e+00 -1.000000000000000000e+00 2.899999999999999911e+00 1.280000000000000027e+00 9.000000000000000222e-01 4.009999999999999787e+00 4.549999999999999822e+00 3.149999999999999911e+00 -1.000000000000000000e+00 2.470000000000000195e+00
3.919999999999999929e+00 -1.000000000000000000e+00 2.919999999999999929e+00 1.270000000000000018e+00 9.699999999999999734e-01 4.080000000000000071e+00 4.540000000000000036e+00 3.180000000000000160e+00 -1.000000000000000000e+00 2.500000000000000000e+00
3.899999999999999911e+00 -1.000000000000000000e+00 2.910000000000000142e+00 1.270000000000000018e+00 9.499999999999999556e-01 3.790000000000000036e+00 4.530000000000000249e+00 3.149999999999999911e+00 -1.000000000000000000e+00 2.520000000000000018e+00
3.910000000000000142e+00 -1.000000000000000000e+00 2.919999999999999929e+00 1.260000000000000009e+00 9.399999999999999467e-01 4.009999999999999787e+00 4.500000000000000000e+00 3.189999999999999947e+00 -1.000000000000000000e+00 2.459999999999999964e+00
3.890000000000000124e+00 -1.000000000000000000e+00 2.910000000000000142e+00 1.270000000000000018e+00 9.899999999999999911e-01 4.070000000000000284e+00 4.519999999999999574e+00 3.160000000000000142e+00 -1.000000000000000000e+00 2.509999999999999787e+00
3.950000000000000178e+00 -1.000000000000000000e+00 2.919999999999999929e+00 1.260000000000000009e+00 9.300000000000000488e-01 3.919999999999999929e+00 4.519999999999999574e+00 3.180000000000000160e+00 -1.000000000000000000e+00 2.540000000000000036e+00
3.899999999999999911e+00 -1.000000000000000000e+00 -1.000000000000000000e+00 1.260000000000000009e+00 9.399999999999999467e-01 4.160000000000000142e+00 4.519999999999999574e+00 3.129999999999999893e+00 -1.000000000000000000e+00 2.479999999999999982e+00
3.979999999999999982e+00 -1.000000000000000000e+00 2.830000000000000071e+00 1.310000000000000053e+00 1.030000000000000027e+00 4.080000000000000071e+00 4.500000000000000000e+00 3.180000000000000160e+00 -1.000000000000000000e+00 2.569999999999999840e+00
3.899999999999999911e+00 -1.000000000000000000e+00 2.910000000000000142e+00 1.250000000000000000e+00 9.599999999999999645e-01 4.099999999999999645e+00 4.490000000000000213e+00 3.169999999999999929e+00 -1.000000000000000000e+00 2.520000000000000018e+00
3.899999999999999911e+00 -1.000000000000000000e+00 2.890000000000000124e+00 1.229999999999999982e+00 9.000000000000000222e-01 4.179999999999999716e+00 4.530000000000000249e+00 3.180000000000000160e+00 -1.000000000000000000e+00 2.500000000000000000e+00
3.930000000000000160e+00 -1.000000000000000000e+00 2.899999999999999911e+00 1.260000000000000009e+00 9.499999999999999556e-01 4.169999999999999929e+00 4.480000000000000426e+00 3.160000000000000142e+00 -1.000000000000000000e+00 2.520000000000000018e+00
3.930000000000000160e+00 -1.000000000000000000e+00 2.890000000000000124e+00 1.250000000000000000e+00 9.000000000000000222e-01 4.009999999999999787e+00 4.540000000000000036e+00 3.220000000000000195e+00 -1.000000000000000000e+00 2.509999999999999787e+00
