-1.000000000000000000e+00 -1.000000000000000000e+00 -1.000000000000000000e+00 -1.000000000000000000e+00 -1.000000000000000000e+00 -1.000000000000000000e+00 -1.000000000000000000e+00 -1.000000000000000000e+00 -1.000000000000000000e+00 -1.000000000000000000e+00
3.629999999999999893e+00 -1.000000000000000000e+00 2.500000000000000000e+00 5.429999999999999716e+00 4.019999999999999574e+00 2.319999999999999840e+00 -1.000000000000000000e+00 1.469999999999999973e+00 4.519999999999999574e+00 4.290000000000000036e+00
3.549999999999999822e+00 -1.000000000000000000e+00 2.600000000000000089e+00 5.400000000000000355e+00 3.939999999999999947e+00 2.330000000000000071e+00 -1.000000000000000000e+00 1.419999999999999929e+00 4.530000000000000249e+00 3.589999999999999858e+00
3.549999999999999822e+00 -1.000000000000000000e+00 2.549999999999999822e+00 5.410000000000000142e+00 4.089999999999999858e+00 2.279999999999999805e+00 -1.000000000000000000e+00 1.449999999999999956e+00 4.509999999999999787e+00 3.919999999999999929e+00
3.540000000000000036e+00 -1.000000000000000000e+00 2.549999999999999822e+00 5.410000000000000142e+00 4.040000000000000036e+00 2.339999999999999858e+00 -1.000000000000000000e+00 1.469999999999999973e+00 4.500000000000000000e+00 3.569999999999999840e+00
3.589999999999999858e+00 -1.000000000000000000e+00 2.580000000000000071e+00 5.400000000000000355e+00 4.080000000000000071e+00 2.330000000000000071e+00 -1.000000000000000000e+00 1.489999999999999991e+00 4.480000000000000426e+00 3.899999999999999911e+00
3.589999999999999858e+00 -1.000000000000000000e+00 2.540000000000000036e+00 5.469999999999999751e+00 3.970000000000000195e+00 2.299999999999999822e+00 -1.000000000000000000e+00 1.419999999999999929e+00 4.530000000000000249e+00 3.850000000000000089e+00
3.529999999999999805e+00 -1.000000000000000000e+00 2.589999999999999858e+00 5.459999999999999964e+00 4.049999999999999822e+00 2.270000000000000018e+00 -1.000000000000000000e+00 1.429999999999999938e+00 4.530000000000000249e+00 3.859999999999999876e+00
3.600000000000000089e+00 -1.000000000000000000e+00 2.580000000000000071e+00 5.410000000000000142e+00 4.110000000000000320e+00 2.339999999999999858e+00 -1.000000000000000000e+00 1.479999999999999982e+00 4.540000000000000036e+00 3.589999999999999858e+00
3.589999999999999858e+00 -1.000000000000000000e+00 2.600000000000000089e+00 5.410000000000000142e+00 4.110000000000000320e+00 2.299999999999999822e+00 -1.000000000000000000e+00 1.459999999999999964e+00 4.469999999999999751e+00 3.600000000000000089e+00
3.620000000000000107e+00 -1.000000000000000000e+00 2.589999999999999858e+00 5.480000000000000426e+00 4.120000000000000107e+00 2.299999999999999822e+00 -1.000000000000000000e+00 1.459999999999999964e+00 4.490000000000000213e+00 3.859999999999999876e+00
3.609999999999999876e+00 -1.000000000000000000e+00 2.529999999999999805e+00 5.490000000000000213e+00 4.080000000000000071e+00 2.310000000000000053e+00 -1.000000000000000000e+00 1.419999999999999929e+00 4.509999999999999787e+00 3.560000000000000053e+00
3.649999999999999911e+00 -1.000000000000000000e+00 2.529999999999999805e+00 5.400000000000000355e+00 4.099999999999999645e+00 2.299999999999999822e+00 -1.000000000000000000e+00 1.459999999999999964e+00 4.509999999999999787e+00 3.589999999999999858e+00
3.549999999999999822e+00 -1.000000000000000000e+00 2.529999999999999805e+00 5.370000000000000107e+00 4.089999999999999858e+00 2.290000000000000036e+00 -1.000000000000000000e+00 1.449999999999999956e+00 4.500000000000000000e+00 4.269999999999999574e+00
3.560000000000000053e+00 -1.000000000000000000e+00 2.549999999999999822e+00 5.400000000000000355e+00 4.049999999999999822e+00 2.279999999999999805e+00 -1.000000000000000000e+00 1.469999999999999973e+00 4.530000000000000249e+00 3.890000000000000124e+00
3.580000000000000071e+00 -1.000000000000000000e+00 2.520000000000000018e+00 5.379999999999999893e+00 4.080000000000000071e+00 2.310000000000000053e+00 -1.000000000000000000e+00 1.469999999999999973e+00 4.509999999999999787e+00 3.859999999999999876e+00
3.560000000000000053e+00 -1.000000000000000000e+00 2.540000000000000036e+00 5.480000000000000426e+00 4.040000000000000036e+00 2.299999999999999822e+00 -1.000000000000000000e+00 1.479999999999999982e+00 4.570000000000000284e+00 3.879999999999999893e+00
3.560000000000000053e+00 -1.000000000000000000e+00 2.580000000000000071e+00 5.429999999999999716e+00 4.059999999999999609e+00 2.299999999999999822e+00 -1.000000000000000000e+00 1.459999999999999964e+00 4.480000000000000426e+00 4.250000000000000000e+00
3.540000000000000036e+00 -1.000000000000000000e+00 2.540000000000000036e+00 5.400000000000000355e+00 4.139999999999999680e+00 2.319999999999999840e+00 -1.000000000000000000e+00 1.469999999999999973e+00 4.519999999999999574e+00 3.600000000000000089e+00
3.580000000000000071e+00 -1.000000000000000000e+00 2.600000000000000089e+00 5.429999999999999716e+00 3.959999999999999964e+00 2.290000000000000036e+00 -1.000000000000000000e+00 1.449999999999999956e+00 4.519999999999999574e+00 3.589999999999999858e+00
3.589999999999999858e+00 -1.000000000000000000e+00 2.520000000000000018e+00 5.459999999999999964e+00 4.110000000000000320e+00 2.370000000000000107e+00 -1.000000000000000000e+00 1.479999999999999982e+00 4.530000000000000249e+00 3.580000000000000071e+00
3.509999999999999787e+00 -1.000000000000000000e+00 2.600000000000000089e+00 5.410000000000000142e+00 4.110000000000000320e+00 2.299999999999999822e+00 -1.000000000000000000e+00 1.419999999999999929e+00 4.559999999999999609e+00 3.600000000000000089e+00
3.549999999999999822e+00 -1.000000000000000000e+00 2.640000000000000124e+00 5.429999999999999716e+00 4.150000000000000355e+00 2.330000000000000071e+00 -1.000000000000000000e+00 1.449999999999999956e+00 4.540000000000000036e+00 3.569999999999999840e+00
3.520000000000000018e+00 -1.000000000000000000e+00 2.600000000000000089e+00 5.370000000000000107e+00 4.089999999999999858e+00 2.310000000000000053e+00 -1.000000000000000000e+00 1.449999999999999956e+00 4.519999999999999574e+00 3.620000000000000107e+00
3.549999999999999822e+00 -1.000000000000000000e+00 2.600000000000000089e+00 5.419999999999999929e+00 4.080000000000000071e+00 2.350000000000000089e+00 -1.000000000000000000e+00 1.370000000000000107e+00 4.469999999999999751e+00 4.290000000000000036e+00
3.520000000000000018e+00 -1.000000000000000000e+00 2.560000000000000053e+00 5.370000000000000107e+00 4.030000000000000249e+00 2.310000000000000053e+00 -1.000000000000000000e+00 1.419999999999999929e+00 4.509999999999999787e+00 3.500000000000000000e+00
3.549999999999999822e+00 -1.000000000000000000e+00 2.589999999999999858e+00 5.490000000000000213e+00 4.049999999999999822e+00 2.290000000000000036e+00 -1.000000000000000000e+00 1.419999999999999929e+00 4.530000000000000249e+00 3.850000000000000089e+00
3.529999999999999805e+00 -1.000000000000000000e+00 2.569999999999999840e+00 5.370000000000000107e+00 4.040000000000000036e+00 2.310000000000000053e+00 -1.000000000000000000e+00 1.459999999999999964e+00 4.469999999999999751e+00 3.580000000000000071e+00
3.549999999999999822e+00 -1.000000000000000000e+00 2.609999999999999876e+00 5.429999999999999716e+00 4.059999999999999609e+00 2.299999999999999822e+00 -1.000000000000000000e+00 1.469999999999999973e+00 4.530000000000000249e+00 4.290000000000000036e+00
3.540000000000000036e+00 -1.000000000000000000e+00 2.540000000000000036e+00 5.440000000000000391e+00 4.160000000000000142e+00 2.310000000000000053e+00 -1.000000000000000000e+00 1.419999999999999929e+00 4.530000000000000249e+00 3.930000000000000160e+00
3.509999999999999787e+00 -1.000000000000000000e+00 2.560000000000000053e+00 5.349999999999999645e+00 4.099999999999999645e+00 2.319999999999999840e+00 -1.000000000000000000e+00 1.360000000000000098e+00 4.509999999999999787e+00 3.569999999999999840e+00
3.580000000000000071e+00 -1.000000000000000000e+00 2.580000000000000071e+00 5.410000000000000142e+00 4.059999999999999609e+00 2.310000000000000053e+00 -1.000000000000000000e+00 1.419999999999999929e+00 4.509999999999999787e+00 3.870000000000000107e+00
3.549999999999999822e+00 -1.000000000000000000e+00 2.580000000000000071e+00 5.450000000000000178e+00 4.070000000000000284e+00 2.319999999999999840e+00 -1.000000000000000000e+00 1.459999999999999964e+00 4.450000000000000178e+00 3.580000000000000071e+00
3.549999999999999822e+00 -1.000000000000000000e+00 2.540000000000000036e+00 5.410000000000000142e+00 4.080000000000000071e+00 2.339999999999999858e+00 -1.000000000000000000e+00 1.489999999999999991e+00 4.519999999999999574e+00 3.859999999999999876e+00
3.549999999999999822e+00 -1.000000000000000000e+00 2.569999999999999840e+00 5.370000000000000107e+00 4.110000000000000320e+00 2.299999999999999822e+00 -1.000000000000000000e+00 1.449999999999999956e+00 4.549999999999999822e+00 3.589999999999999858e+00
3.529999999999999805e+00 -1.000000000000000000e+00 2.609999999999999876e+00 5.360000000000000320e+00 4.059999999999999609e+00 2.299999999999999822e+00 -1.000000000000000000e+00 1.429999999999999938e+00 4.519999999999999574e+00 3.560000000000000053e+00
3.529999999999999805e+00 -1.000000000000000000e+00 2.549999999999999822e+00 5.419999999999999929e+00 4.089999999999999858e+00 2.339999999999999858e+00 -1.000000000000000000e+00 1.439999999999999947e+00 4.540000000000000036e+00 3.850000000000000089e+00
3.540000000000000036e+00 -1.000000000000000000e+00 2.560000000000000053e+00 5.379999999999999893e+00 4.089999999999999858e+00 2.310000000000000053e+00 -1.000000000000000000e+00 1.510000000000000009e+00 4.570000000000000284e+00 3.879999999999999893e+00
3.549999999999999822e+00 -1.000000000000000000e+00 2.520000000000000018e+00 5.450000000000000178e+00 4.030000000000000249e+00 2.299999999999999822e+00 -1.000000000000000000e+00 1.409999999999999920e+00 4.480000000000000426e+00 3.569999999999999840e+00
3.560000000000000053e+00 -1.000000000000000000e+00 2.569999999999999840e+00 5.450000000000000178e+00 4.009999999999999787e+00 2.299999999999999822e+00 -1.000000000000000000e+00 1.449999999999999956e+00 4.530000000000000249e+00 3.859999999999999876e+00
3.500000000000000000e+00 -1.000000000000000000e+00 2.540000000000000036e+00 5.459999999999999964e+00 4.070000000000000284e+00 2.319999999999999840e+00 -1.000000000000000000e+00 1.439999999999999947e+00 4.500000000000000000e+00 3.560000000000000053e+00
3.529999999999999805e+00 -1.000000000000000000e+00 2.560000000000000053e+00 5.490000000000000213e+00 4.080000000000000071e+00 2.339999999999999858e+00 -1.000000000000000000e+00 1.459999999999999964e+00 4.570000000000000284e+00 3.569999999999999840e+00
3.529999999999999805e+00 -1.000000000000000000e+00 2.600000000000000089e+00 5.440000000000000391e+00 4.019999999999999574e+00 2.310000000000000053e+00 -1.000000000000000000e+00 1.449999999999999956e+00 4.530000000000000249e+00 3.569999999999999840e+00
3.569999999999999840e+00 -1.000000000000000000e+00 2.560000000000000053e+00 5.410000000000000142e+00 4.120000000000000107e+00 2.299999999999999822e+00 -1.000000000000000000e+00 1.379999999999999893e+00 4.509999999999999787e+00 4.230000000000000426e+00
3.540000000000000036e+00 -1.000000000000000000e+00 2.600000000000000089e+00 5.490000000000000213e+00 4.049999999999999822e+00 2.319999999999999840e+00 -1.000000000000000000e+00 1.449999999999999956e+00 4.580000000000000071e+00 3.580000000000000071e+00
3.580000000000000071e+00 -1.000000000000000000e+00 2.580000000000000071e+00 5.429999999999999716e+00 4.009999999999999787e+00 2.330000000000000071e+00 -1.000000000000000000e+00 1.409999999999999920e+00 4.549999999999999822e+00 3.859999999999999876e+00
3.520000000000000018e+00 -1.000000000000000000e+00 2.569999999999999840e+00 5.349999999999999645e+00 3.990000000000000213e+00 2.310000000000000053e+00 -1.000000000000000000e+00 1.500000000000000000e+00 4.469999999999999751e+00 3.859999999999999876e+00
3.560000000000000053e+00 -1.000000000000000000e+00 2.620000000000000107e+00 5.400000000000000355e+00 4.089999999999999858e+00 2.319999999999999840e+00 -1.000000000000000000e+00 1.429999999999999938e+00 4.459999999999999964e+00 3.879999999999999893e+00
3.529999999999999805e+00 -1.000000000000000000e+00 2.549999999999999822e+00 5.379999999999999893e+00 4.080000000000000071e+00 2.330000000000000071e+00 -1.000000000000000000e+00 1.449999999999999956e+00 4.530000000000000249e+00 3.870000000000000107e+00
3.569999999999999840e+00 -1.000000000000000000e+00 2.529999999999999805e+00 5.419999999999999929e+00 4.129999999999999893e+00 2.330000000000000071e+00 -1.000000000000000000e+00 1.459999999999999964e+00 4.559999999999999609e+00 3.879999999999999893e+00
