-1.000000000000000000e+00 -1.000000000000000000e+00 -1.000000000000000000e+00 -1.000000000000000000e+00 -1.000000000000000000e+00 -1.000000000000000000e+00 -1.000000000000000000e+00 -1.000000000000000000e+00 -1.000000000000000000e+00 -1.000000000000000000e+00
-1.000000000000000000e+00 -1.000000000000000000e+00 -1.000000000000000000e+00 -1.000000000000000000e+00 -1.000000000000000000e+00 4.540000000000000036e+00 7.099999999999999645e+00 6.980000000000000426e+00 4.509999999999999787e+00 -1.000000000000000000e+00
-1.000000000000000000e+00 -1.000000000000000000e+00 -1.000000000000000000e+00 -1.000000000000000000e+00 -1.000000000000000000e+00 4.530000000000000249e+00 -1.000000000000000000e+00 7.089999999999999858e+00 4.490000000000000213e+00 -1.000000000000000000e+00
-1.000000000000000000e+00 -1.000000000000000000e+00 -1.000000000000000000e+00 -1.000000000000000000e+00 -1.000000000000000000e+00 4.410000000000000142e+00 7.040000000000000036e+00 6.959999999999999964e+00 4.440000000000000391e+00 -1.000000000000000000e+00
-1.000000000000000000e+00 -1.000000000000000000e+00 -1.000000000000000000e+00 -1.000000000000000000e+00 -1.000000000000000000e+00 4.419999999999999929e+00 -1.000000000000000000e+00 7.070000000000000284e+00 4.509999999999999787e+00 -1.000000000000000000e+00
-1.000000000000000000e+00 -1.000000000000000000e+00 -1.000000000000000000e+00 -1.000000000000000000e+00 -1.000000000000000000e+00 4.500000000000000000e+00 -1.000000000000000000e+00 6.980000000000000426e+00 4.459999999999999964e+00 -1.000000000000000000e+00
-1.000000000000000000e+00 -1.000000000000000000e+00 -1.000000000000000000e+00 -1.000000000000000000e+00 -1.000000000000000000e+00 4.559999999999999609e+00 -1.000000000000000000e+00 6.990000000000000213e+00 4.440000000000000391e+00 -1.000000000000000000e+00
-1.000000000000000000e+00 -1.000000000000000000e+00 -1.000000000000000000e+00 -1.000000000000000000e+00 -1.000000000000000000e+00 4.509999999999999787e+00 -1.000000000000000000e+00 7.000000000000000000e+00 4.440000000000000391e+00 -1.000000000000000000e+00
-1.000000000000000000e+00 -1.000000000000000000e+00 -1.000000000000000000e+00 -1.000000000000000000e+00 -1.000000000000000000e+00 4.480000000000000426e+00 7.099999999999999645e+00 7.009999999999999787e+00 4.469999999999999751e+00 -1.000000000000000000e+00
-1.000000000000000000e+00 -1.000000000000000000e+00 -1.000000000000000000e+00 -1.000000000000000000e+00 -1.000000000000000000e+00 4.500000000000000000e+00 -1.000000000000000000e+00 6.980000000000000426e+00 4.559999999999999609e+00 -1.000000000000000000e+00
-1.000000000000000000e+00 -1.000000000000000000e+00 -1.000000000000000000e+00 -1.000000000000000000e+00 -1.000000000000000000e+00 4.509999999999999787e+00 7.040000000000000036e+00 7.009999999999999787e+00 4.500000000000000000e+00 -1.000000000000000000e+00
-1.000000000000000000e+00 -1.000000000000000000e+00 -1.000000000000000000e+00 -1.000000000000000000e+00 -1.000000000000000000e+00 4.440000000000000391e+00 7.049999999999999822e+00 7.070000000000000284e+00 4.469999999999999751e+00 -1.000000000000000000e+00
-1.000000000000000000e+00 -1.000000000000000000e+00 -1.000000000000000000e+00 -1.000000000000000000e+00 -1.000000000000000000e+00 4.500000000000000000e+00 -1.000000000000000000e+00 7.040000000000000036e+00 4.469999999999999751e+00 -1.000000000000000000e+00
-1.000000000000000000e+00 -1.000000000000000000e+00 -1.000000000000000000e+00 -1.000000000000000000e+00 -1.000000000000000000e+00 4.410000000000000142e+00 -1.000000000000000000e+00 7.000000000000000000e+00 4.429999999999999716e+00 -1.000000000000000000e+00
-1.000000000000000000e+00 -1.000000000000000000e+00 -1.000000000000000000e+00 -1.000000000000000000e+00 -1.000000000000000000e+00 4.480000000000000426e+00 7.070000000000000284e+00 7.009999999999999787e+00 4.480000000000000426e+00 -1.000000000000000000e+00
-1.000000000000000000e+00 -1.000000000000000000e+00 -1.000000000000000000e+00 -1.000000000000000000e+00 -1.000000000000000000e+00 4.500000000000000000e+00 -1.000000000000000000e+00 7.009999999999999787e+00 4.519999999999999574e+00 -1.000000000000000000e+00
-1.000000000000000000e+00 -1.000000000000000000e+00 -1.000000000000000000e+00 -1.000000000000000000e+00 -1.000000000000000000e+00 4.450000000000000178e+00 7.150000000000000355e+00 6.959999999999999964e+00 4.450000000000000178e+00 -1.000000000000000000e+00
-1.000000000000000000e+00 -1.000000000000000000e+00 -1.000000000000000000e+00 -1.000000000000000000e+00 -1.000000000000000000e+00 4.469999999999999751e+00 7.019999999999999574e+00 7.049999999999999822e+00 4.500000000000000000e+00 -1.000000000000000000e+00
-1.000000000000000000e+00 1.150999999999999979e+01 -1.000000000000000000e+00 -1.000000000000000000e+00 -1.000000000000000000e+00 4.530000000000000249e+00 -1.000000000000000000e+00 6.990000000000000213e+00 4.500000000000000000e+00 -1.000000000000000000e+00
-1.000000000000000000e+00 -1.000000000000000000e+00 -1.000000000000000000e+00 -1.000000000000000000e+00 -1.000000000000000000e+00 4.410000000000000142e+00 7.019999999999999574e+00 7.000000000000000000e+00 4.469999999999999751e+00 -1.000000000000000000e+00
-1.000000000000000000e+00 -1.000000000000000000e+00 -1.000000000000000000e+00 -1.000000000000000000e+00 -1.000000000000000000e+00 4.389999999999999680e+00 6.990000000000000213e+00 7.019999999999999574e+00 4.440000000000000391e+00 -1.000000000000000000e+00
-1.000000000000000000e+00 -1.000000000000000000e+00 -1.000000000000000000e+00 -1.000000000000000000e+00 -1.000000000000000000e+00 4.400000000000000355e+00 7.009999999999999787e+00 7.040000000000000036e+00 4.580000000000000071e+00 -1.000000000000000000e+00
-1.000000000000000000e+00 -1.000000000000000000e+00 -1.000000000000000000e+00 -1.000000000000000000e+00 -1.000000000000000000e+00 4.429999999999999716e+00 7.059999999999999609e+00 7.019999999999999574e+00 4.459999999999999964e+00 -1.000000000000000000e+00
-1.000000000000000000e+00 -1.000000000000000000e+00 -1.000000000000000000e+00 -1.000000000000000000e+00 -1.000000000000000000e+00 4.459999999999999964e+00 7.019999999999999574e+00 7.049999999999999822e+00 4.450000000000000178e+00 -1.000000000000000000e+00
-1.000000000000000000e+00 -1.000000000000000000e+00 -1.000000000000000000e+00 -1.000000000000000000e+00 -1.000000000000000000e+00 4.509999999999999787e+00 7.080000000000000071e+00 7.040000000000000036e+00 -1.000000000000000000e+00 -1.000000000000000000e+00
-1.000000000000000000e+00 -1.000000000000000000e+00 -1.000000000000000000e+00 -1.000000000000000000e+00 -1.000000000000000000e+00 4.450000000000000178e+00 7.040000000000000036e+00 7.080000000000000071e+00 4.480000000000000426e+00 -1.000000000000000000e+00
-1.000000000000000000e+00 -1.000000000000000000e+00 -1.000000000000000000e+00 -1.000000000000000000e+00 -1.000000000000000000e+00 4.450000000000000178e+00 7.049999999999999822e+00 7.000000000000000000e+00 4.450000000000000178e+00 -1.000000000000000000e+00
-1.000000000000000000e+00 -1.000000000000000000e+00 -1.000000000000000000e+00 -1.000000000000000000e+00 -1.000000000000000000e+00 4.530000000000000249e+00 7.040000000000000036e+00 7.030000000000000249e+00 4.450000000000000178e+00 -1.000000000000000000e+00
-1.000000000000000000e+00 -1.000000000000000000e+00 -1.000000000000000000e+00 -1.000000000000000000e+00 -1.000000000000000000e+00 4.410000000000000142e+00 7.049999999999999822e+00 6.980000000000000426e+00 4.480000000000000426e+00 -1.000000000000000000e+00
-1.000000000000000000e+00 1.139000000000000057e+01 -1.000000000000000000e+00 -1.000000000000000000e+00 -1.000000000000000000e+00 4.450000000000000178e+00 -1.000000000000000000e+00 7.030000000000000249e+00 4.490000000000000213e+00 -1.000000000000000000e+00
-1.000000000000000000e+00 1.149000000000000021e+01 -1.000000000000000000e+00 -1.000000000000000000e+00 -1.000000000000000000e+00 4.419999999999999929e+00 7.019999999999999574e+00 6.990000000000000213e+00 4.469999999999999751e+00 -1.000000000000000000e+00
-1.000000000000000000e+00 1.151999999999999957e+01 -1.000000000000000000e+00 -1.000000000000000000e+00 -1.000000000000000000e+00 4.440000000000000391e+00 7.030000000000000249e+00 7.030000000000000249e+00 4.450000000000000178e+00 -1.000000000000000000e+00
-1.000000000000000000e+00 1.141000000000000014e+01 -1.000000000000000000e+00 -1.000000000000000000e+00 -1.000000000000000000e+00 4.450000000000000178e+00 7.019999999999999574e+00 7.030000000000000249e+00 4.519999999999999574e+00 -1.000000000000000000e+00
-1.000000000000000000e+00 1.146000000000000085e+01 -1.000000000000000000e+00 -1.000000000000000000e+00 -1.000000000000000000e+00 4.400000000000000355e+00 7.049999999999999822e+00 6.990000000000000213e+00 4.450000000000000178e+00 -1.000000000000000000e+00
-1.000000000000000000e+00 -1.000000000000000000e+00 -1.000000000000000000e+00 -1.000000000000000000e+00 -1.000000000000000000e+00 4.469999999999999751e+00 7.129999999999999893e+00 7.030000000000000249e+00 4.480000000000000426e+00 -1.000000000000000000e+00
-1.000000000000000000e+00 -1.000000000000000000e+00 -1.000000000000000000e+00 -1.000000000000000000e+00 -1.000000000000000000e+00 4.519999999999999574e+00 7.009999999999999787e+00 6.969999999999999751e+00 4.429999999999999716e+00 -1.000000000000000000e+00
-1.000000000000000000e+00 -1.000000000000000000e+00 -1.000000000000000000e+00 -1.000000000000000000e+00 -1.000000000000000000e+00 4.490000000000000213e+00 7.099999999999999645e+00 6.980000000000000426e+00 4.450000000000000178e+00 -1.000000000000000000e+00
-1.000000000000000000e+00 -1.000000000000000000e+00 -1.000000000000000000e+00 -1.000000000000000000e+00 -1.000000000000000000e+00 4.530000000000000249e+00 -1.000000000000000000e+00 7.019999999999999574e+00 4.530000000000000249e+00 -1.000000000000000000e+00
-1.000000000000000000e+00 -1.000000000000000000e+00 -1.000000000000000000e+00 -1.000000000000000000e+00 -1.000000000000000000e+00 4.450000000000000178e+00 7.129999999999999893e+00 6.990000000000000213e+00 4.450000000000000178e+00 -1.000000000000000000e+00
-1.000000000000000000e+00 1.153999999999999915e+01 -1.000000000000000000e+00 -1.000000000000000000e+00 -1.000000000000000000e+00 4.549999999999999822e+00 -1.000000000000000000e+00 7.049999999999999822e+00 4.530000000000000249e+00 -1.000000000000000000e+00
-1.000000000000000000e+00 -1.000000000000000000e+00 -1.000000000000000000e+00 -1.000000000000000000e+00 -1.000000000000000000e+00 4.530000000000000249e+00 7.059999999999999609e+00 7.019999999999999574e+00 4.500000000000000000e+00 -1.000000000000000000e+00
-1.000000000000000000e+00 -1.000000000000000000e+00 -1.000000000000000000e+00 -1.000000000000000000e+00 -1.000000000000000000e+00 4.500000000000000000e+00 7.000000000000000000e+00 7.099999999999999645e+00 4.450000000000000178e+00 -1.000000000000000000e+00
-1.000000000000000000e+00 -1.000000000000000000e+00 -1.000000000000000000e+00 -1.000000000000000000e+00 -1.000000000000000000e+00 4.490000000000000213e+00 7.099999999999999645e+00 6.959999999999999964e+00 4.490000000000000213e+00 -1.000000000000000000e+00
-1.000000000000000000e+00 -1.000000000000000000e+00 -1.000000000000000000e+00 -1.000000000000000000e+00 -1.000000000000000000e+00 4.480000000000000426e+00 7.040000000000000036e+00 7.000000000000000000e+00 4.440000000000000391e+00 -1.000000000000000000e+00
-1.000000000000000000e+00 -1.000000000000000000e+00 -1.000000000000000000e+00 -1.000000000000000000e+00 -1.000000000000000000e+00 4.379999999999999893e+00 7.019999999999999574e+00 7.059999999999999609e+00 4.429999999999999716e+00 -1.000000000000000000e+00
-1.000000000000000000e+00 -1.000000000000000000e+00 -1.000000000000000000e+00 -1.000000000000000000e+00 -1.000000000000000000e+00 4.509999999999999787e+00 6.959999999999999964e+00 6.969999999999999751e+00 4.490000000000000213e+00 -1.000000000000000000e+00
-1.000000000000000000e+00 -1.000000000000000000e+00 -1.000000000000000000e+00 -1.000000000000000000e+00 -1.000000000000000000e+00 4.480000000000000426e+00 -1.000000000000000000e+00 7.009999999999999787e+00 4.540000000000000036e+00 -1.000000000000000000e+00
-1.000000000000000000e+00 -1.000000000000000000e+00 -1.000000000000000000e+00 -1.000000000000000000e+00 -1.000000000000000000e+00 4.440000000000000391e+00 7.059999999999999609e+00 7.000000000000000000e+00 4.500000000000000000e+00 -1.000000000000000000e+00
-1.000000000000000000e+00 -1.000000000000000000e+00 -1.000000000000000000e+00 -1.000000000000000000e+00 -1.000000000000000000e+00 4.480000000000000426e+00 7.089999999999999858e+00 7.019999999999999574e+00 4.500000000000000000e+00 -1.000000000000000000e+00
-1.000000000000000000e+00 -1.000000000000000000e+00 -1.000000000000000000e+00 -1.000000000000000000e+00 -1.000000000000000000e+00 4.429999999999999716e+00 7.080000000000000071e+00 6.959999999999999964e+00 4.480000000000000426e+00 -1.000000000000000000e+00
-1.000000000000000000e+00 -1.000000000000000000e+00 -1.000000000000000000e+00 -1.000000000000000000e+00 -1.000000000000000000e+00 4.519999999999999574e+00 7.040000000000000036e+00 7.040000000000000036e+00 4.509999999999999787e+00 -1.000000000000000000e+00
-1.000000000000000000e+00 -1.000000000000000000e+00 -1.000000000000000000e+00 -1.000000000000000000e+00 -1.000000000000000000e+00 4.509999999999999787e+00 -1.000000000000000000e+00 7.019999999999999574e+00 4.500000000000000000e+00 -1.000000000000000000e+00
-1.000000000000000000e+00 -1.000000000000000000e+00 -1.000000000000000000e+00 -1.000000000000000000e+00 -1.000000000000000000e+00 4.450000000000000178e+00 7.049999999999999822e+00 7.040000000000000036e+00 4.490000000000000213e+00 -1.000000000000000000e+00
-1.000000000000000000e+00 -1.000000000000000000e+00 -1.000000000000000000e+00 -1.000000000000000000e+00 -1.000000000000000000e+00 4.450000000000000178e+00 7.070000000000000284e+00 7.000000000000000000e+00 4.459999999999999964e+00 -1.000000000000000000e+00
-1.000000000000000000e+00 -1.000000000000000000e+00 -1.000000000000000000e+00 -1.000000000000000000e+00 -1.000000000000000000e+00 4.570000000000000284e+00 -1.000000000000000000e+00 6.990000000000000213e+00 4.519999999999999574e+00 -1.000000000000000000e+00
-1.000000000000000000e+00 -1.000000000000000000e+00 -1.000000000000000000e+00 -1.000000000000000000e+00 -1.000000000000000000e+00 4.440000000000000391e+00 7.139999999999999680e+00 6.950000000000000178e+00 4.509999999999999787e+00 -1.000000000000000000e+00
-1.000000000000000000e+00 -1.000000000000000000e+00 -1.000000000000000000e+00 -1.000000000000000000e+00 -1.000000000000000000e+00 4.379999999999999893e+00 7.059999999999999609e+00 7.059999999999999609e+00 4.459999999999999964e+00 -1.000000000000000000e+00
-1.000000000000000000e+00 -1.000000000000000000e+00 -1.000000000000000000e+00 -1.000000000000000000e+00 -1.000000000000000000e+00 4.469999999999999751e+00 7.019999999999999574e+00 6.919999999999999929e+00 4.459999999999999964e+00 -1.000000000000000000e+00
-1.000000000000000000e+00 -1.000000000000000000e+00 -1.000000000000000000e+00 -1.000000000000000000e+00 -1.000000000000000000e+00 4.389999999999999680e+00 7.040000000000000036e+00 7.040000000000000036e+00 4.450000000000000178e+00 -1.000000000000000000e+00
-1.000000000000000000e+00 -1.000000000000000000e+00 -1.000000000000000000e+00 -1.000000000000000000e+00 -1.000000000000000000e+00 4.540000000000000036e+00 7.030000000000000249e+00 7.040000000000000036e+00 4.480000000000000426e+00 -1.000000000000000000e+00
-1.000000000000000000e+00 -1.000000000000000000e+00 -1.000000000000000000e+00 -1.000000000000000000e+00 -1.000000000000000000e+00 4.400000000000000355e+00 7.040000000000000036e+00 7.089999999999999858e+00 4.450000000000000178e+00 -1.000000000000000000e+00
-1.000000000000000000e+00 -1.000000000000000000e+00 -1.000000000000000000e+00 -1.000000000000000000e+00 -1.000000000000000000e+00 4.469999999999999751e+00 7.030000000000000249e+00 6.969999999999999751e+00 4.469999999999999751e+00 -1.000000000000000000e+00
-1.000000000000000000e+00 -1.000000000000000000e+00 -1.000000000000000000e+00 -1.000000000000000000e+00 -1.000000000000000000e+00 4.450000000000000178e+00 -1.000000000000000000e+00 7.059999999999999609e+00 4.490000000000000213e+00 -1.000000000000000000e+00
-1.000000000000000000e+00 -1.000000000000000000e+00 -1.000000000000000000e+00 -1.000000000000000000e+00 -1.000000000000000000e+00 4.519999999999999574e+00 7.049999999999999822e+00 7.070000000000000284e+00 4.490000000000000213e+00 -1.000000000000000000e+00
-1.000000000000000000e+00 -1.000000000000000000e+00 -1.000000000000000000e+00 -1.000000000000000000e+00 -1.000000000000000000e+00 4.440000000000000391e+00 7.059999999999999609e+00 7.049999999999999822e+00 4.519999999999999574e+00 -1.000000000000000000e+00
-1.000000000000000000e+00 -1.000000000000000000e+00 -1.000000000000000000e+00 -1.000000000000000000e+00 -1.000000000000000000e+00 4.480000000000000426e+00 -1.000000000000000000e+00 6.969999999999999751e+00 4.509999999999999787e+00 -1.000000000000000000e+00
-1.000000000000000000e+00 -1.000000000000000000e+00 -1.000000000000000000e+00 -1.000000000000000000e+00 -1.000000000000000000e+00 4.500000000000000000e+00 -1.000000000000000000e+00 6.980000000000000426e+00 4.480000000000000426e+00 -1.000000000000000000e+00
-1.000000000000000000e+00 -1.000000000000000000e+00 -1.000000000000000000e+00 -1.000000000000000000e+00 -1.000000000000000000e+00 4.469999999999999751e+00 7.049999999999999822e+00 7.009999999999999787e+00 4.459999999999999964e+00 -1.000000000000000000e+00
-1.000000000000000000e+00 -1.000000000000000000e+00 -1.000000000000000000e+00 -1.000000000000000000e+00 -1.000000000000000000e+00 4.519999999999999574e+00 -1.000000000000000000e+00 -1.000000000000000000e+00 4.559999999999999609e+00 -1.000000000000000000e+00
-1.000000000000000000e+00 -1.000000000000000000e+00 -1.000000000000000000e+00 -1.000000000000000000e+00 -1.000000000000000000e+00 4.440000000000000391e+00 7.059999999999999609e+00 7.009999999999999787e+00 4.400000000000000355e+00 -1.000000000000000000e+00
-1.000000000000000000e+00 1.149000000000000021e+01 -1.000000000000000000e+00 -1.000000000000000000e+00 -1.000000000000000000e+00 4.400000000000000355e+00 7.030000000000000249e+00 7.009999999999999787e+00 4.419999999999999929e+00 -1.000000000000000000e+00
-1.000000000000000000e+00 -1.000000000000000000e+00 -1.000000000000000000e+00 -1.000000000000000000e+00 -1.000000000000000000e+00 4.469999999999999751e+00 7.070000000000000284e+00 7.009999999999999787e+00 4.450000000000000178e+00 -1.000000000000000000e+00
-1.000000000000000000e+00 -1.000000000000000000e+00 -1.000000000000000000e+00 -1.000000000000000000e+00 -1.000000000000000000e+00 4.429999999999999716e+00 -1.000000000000000000e+00 7.080000000000000071e+00 4.509999999999999787e+00 -1.000000000000000000e+00
-1.000000000000000000e+00 1.149000000000000021e+01 -1.000000000000000000e+00 -1.000000000000000000e+00 -1.000000000000000000e+00 4.480000000000000426e+00 7.059999999999999609e+00 7.019999999999999574e+00 4.459999999999999964e+00 -1.000000000000000000e+00
-1.000000000000000000e+00 -1.000000000000000000e+00 -1.000000000000000000e+00 -1.000000000000000000e+00 -1.000000000000000000e+00 4.429999999999999716e+00 7.030000000000000249e+00 7.059999999999999609e+00 4.469999999999999751e+00 -1.000000000000000000e+00
-1.000000000000000000e+00 -1.000000000000000000e+00 -1.000000000000000000e+00 -1.000000000000000000e+00 -1.000000000000000000e+00 4.490000000000000213e+00 7.070000000000000284e+00 6.990000000000000213e+00 4.500000000000000000e+00 -1.000000000000000000e+00
-1.000000000000000000e+00 -1.000000000000000000e+00 -1.000000000000000000e+00 -1.000000000000000000e+00 -1.000000000000000000e+00 4.540000000000000036e+00 7.009999999999999787e+00 7.049999999999999822e+00 4.459999999999999964e+00 -1.000000000000000000e+00
-1.000000000000000000e+00 -1.000000000000000000e+00 -1.000000000000000000e+00 -1.000000000000000000e+00 -1.000000000000000000e+00 4.469999999999999751e+00 7.049999999999999822e+00 7.009999999999999787e+00 4.440000000000000391e+00 -1.000000000000000000e+00
-1.000000000000000000e+00 -1.000000000000000000e+00 -1.000000000000000000e+00 -1.000000000000000000e+00 -1.000000000000000000e+00 4.459999999999999964e+00 7.030000000000000249e+00 6.969999999999999751e+00 4.480000000000000426e+00 -1.000000000000000000e+00
-1.000000000000000000e+00 -1.000000000000000000e+00 -1.000000000000000000e+00 -1.000000000000000000e+00 -1.000000000000000000e+00 4.429999999999999716e+00 7.070000000000000284e+00 7.070000000000000284e+00 4.490000000000000213e+00 -1.000000000000000000e+00
-1.000000000000000000e+00 -1.000000000000000000e+00 -1.000000000000000000e+00 -1.000000000000000000e+00 -1.000000000000000000e+00 4.480000000000000426e+00 7.040000000000000036e+00 7.000000000000000000e+00 4.519999999999999574e+00 -1.000000000000000000e+00
-1.000000000000000000e+00 -1.000000000000000000e+00 -1.000000000000000000e+00 -1.000000000000000000e+00 -1.000000000000000000e+00 4.490000000000000213e+00 7.099999999999999645e+00 7.009999999999999787e+00 4.469999999999999751e+00 -1.000000000000000000e+00
-1.000000000000000000e+00 -1.000000000000000000e+00 -1.000000000000000000e+00 -1.000000000000000000e+00 -1.000000000000000000e+00 4.459999999999999964e+00 7.059999999999999609e+00 6.990000000000000213e+00 4.469999999999999751e+00 -1.000000000000000000e+00
-1.000000000000000000e+00 -1.000000000000000000e+00 -1.000000000000000000e+00 -1.000000000000000000e+00 -1.000000000000000000e+00 4.530000000000000249e+00 -1.000000000000000000e+00 7.099999999999999645e+00 4.519999999999999574e+00 -1.000000000000000000e+00
-1.000000000000000000e+00 -1.000000000000000000e+00 -1.000000000000000000e+00 -1.000000000000000000e+00 -1.000000000000000000e+00 4.429999999999999716e+00 7.049999999999999822e+00 7.040000000000000036e+00 4.450000000000000178e+00 -1.000000000000000000e+00
-1.000000000000000000e+00 -1.000000000000000000e+00 -1.000000000000000000e+00 -1.000000000000000000e+00 -1.000000000000000000e+00 4.429999999999999716e+00 7.049999999999999822e+00 7.059999999999999609e+00 4.419999999999999929e+00 -1.000000000000000000e+00
-1.000000000000000000e+00 -1.000000000000000000e+00 -1.000000000000000000e+00 -1.000000000000000000e+00 -1.000000000000000000e+00 4.429999999999999716e+00 7.059999999999999609e+00 7.030000000000000249e+00 4.480000000000000426e+00 -1.000000000000000000e+00
-1.000000000000000000e+00 -1.000000000000000000e+00 -1.000000000000000000e+00 -1.000000000000000000e+00 -1.000000000000000000e+00 4.360000000000000320e+00 7.019999999999999574e+00 7.040000000000000036e+00 4.429999999999999716e+00 -1.000000000000000000e+00
-1.000000000000000000e+00 -1.000000000000000000e+00 -1.000000000000000000e+00 -1.000000000000000000e+00 -1.000000000000000000e+00 4.490000000000000213e+00 -1.000000000000000000e+00 7.059999999999999609e+00 4.469999999999999751e+00 -1.000000000000000000e+00
-1.000000000000000000e+00 -1.000000000000000000e+00 -1.000000000000000000e+00 -1.000000000000000000e+00 -1.000000000000000000e+00 4.490000000000000213e+00 7.000000000000000000e+00 6.959999999999999964e+00 4.459999999999999964e+00 -1.000000000000000000e+00
-1.000000000000000000e+00 -1.000000000000000000e+00 -1.000000000000000000e+00 -1.000000000000000000e+00 -1.000000000000000000e+00 4.469999999999999751e+00 -1.000000000000000000e+00 6.980000000000000426e+00 4.490000000000000213e+00 -1.000000000000000000e+00
-1.000000000000000000e+00 -1.000000000000000000e+00 -1.000000000000000000e+00 -1.000000000000000000e+00 -1.000000000000000000e+00 4.519999999999999574e+00 -1.000000000000000000e+00 7.059999999999999609e+00 4.450000000000000178e+00 -1.000000000000000000e+00
-1.000000000000000000e+00 -1.000000000000000000e+00 -1.000000000000000000e+00 -1.000000000000000000e+00 -1.000000000000000000e+00 4.419999999999999929e+00 6.959999999999999964e+00 6.959999999999999964e+00 4.509999999999999787e+00 -1.000000000000000000e+00
-1.000000000000000000e+00 -1.000000000000000000e+00 -1.000000000000000000e+00 -1.000000000000000000e+00 -1.000000000000000000e+00 4.480000000000000426e+00 7.089999999999999858e+00 7.019999999999999574e+00 4.469999999999999751e+00 -1.000000000000000000e+00
-1.000000000000000000e+00 -1.000000000000000000e+00 -1.000000000000000000e+00 -1.000000000000000000e+00 -1.000000000000000000e+00 4.400000000000000355e+00 7.049999999999999822e+00 7.009999999999999787e+00 4.440000000000000391e+00 -1.000000000000000000e+00
-1.000000000000000000e+00 -1.000000000000000000e+00 -1.000000000000000000e+00 -1.000000000000000000e+00 -1.000000000000000000e+00 4.419999999999999929e+00 7.040000000000000036e+00 7.089999999999999858e+00 4.459999999999999964e+00 -1.000000000000000000e+00
-1.000000000000000000e+00 -1.000000000000000000e+00 -1.000000000000000000e+00 -1.000000000000000000e+00 -1.000000000000000000e+00 4.379999999999999893e+00 7.110000000000000320e+00 6.980000000000000426e+00 4.490000000000000213e+00 -1.000000000000000000e+00
-1.000000000000000000e+00 -1.000000000000000000e+00 -1.000000000000000000e+00 -1.000000000000000000e+00 -1.000000000000000000e+00 4.500000000000000000e+00 7.059999999999999609e+00 7.000000000000000000e+00 4.500000000000000000e+00 -1.000000000000000000e+00
-1.000000000000000000e+00 -1.000000000000000000e+00 -1.000000000000000000e+00 -1.000000000000000000e+00 -1.000000000000000000e+00 4.400000000000000355e+00 -1.000000000000000000e+00 7.120000000000000107e+00 4.490000000000000213e+00 -1.000000000000000000e+00
-1.000000000000000000e+00 -1.000000000000000000e+00 -1.000000000000000000e+00 -1.000000000000000000e+00 -1.000000000000000000e+00 4.540000000000000036e+00 -1.000000000000000000e+00 7.009999999999999787e+00 4.469999999999999751e+00 -1.000000000000000000e+00
