-1.000000000000000000e+00 -1.000000000000000000e+00 -1.000000000000000000e+00 -1.000000000000000000e+00 -1.000000000000000000e+00 -1.000000000000000000e+00 -1.000000000000000000e+00 -1.000000000000000000e+00 -1.000000000000000000e+00 -1.000000000000000000e+00
-1.000000000000000000e+00 2.451000000000000156e+01 -1.000000000000000000e+00 -1.000000000000000000e+00 1.046000000000000085e+01 8.890000000000000568e+00 5.419999999999999929e+00 -1.000000000000000000e+00 -1.000000000000000000e+00 4.379999999999999893e+00
-1.000000000000000000e+00 2.451000000000000156e+01 -1.000000000000000000e+00 -1.000000000000000000e+00 1.048000000000000043e+01 8.880000000000000782e+00 5.370000000000000107e+00 -1.000000000000000000e+00 -1.000000000000000000e+00 4.379999999999999893e+00
-1.000000000000000000e+00 2.394000000000000128e+01 -1.000000000000000000e+00 -1.000000000000000000e+00 1.047000000000000064e+01 8.839999999999999858e+00 5.410000000000000142e+00 -1.000000000000000000e+00 -1.000000000000000000e+00 4.419999999999999929e+00
-1.000000000000000000e+00 2.007999999999999829e+01 -1.000000000000000000e+00 -1.000000000000000000e+00 1.046000000000000085e+01 8.810000000000000497e+00 5.370000000000000107e+00 1.023000000000000043e+01 -1.000000000000000000e+00 4.410000000000000142e+00
-1.000000000000000000e+00 2.400000000000000000e+01 -1.000000000000000000e+00 -1.000000000000000000e+00 1.049000000000000021e+01 8.779999999999999361e+00 5.400000000000000355e+00 -1.000000000000000000e+00 -1.000000000000000000e+00 4.389999999999999680e+00
-1.000000000000000000e+00 2.016000000000000014e+01 -1.000000000000000000e+00 -1.000000000000000000e+00 1.053999999999999915e+01 8.880000000000000782e+00 5.370000000000000107e+00 -1.000000000000000000e+00 -1.000000000000000000e+00 4.459999999999999964e+00
-1.000000000000000000e+00 2.383999999999999986e+01 -1.000000000000000000e+00 -1.000000000000000000e+00 1.046000000000000085e+01 8.849999999999999645e+00 5.379999999999999893e+00 -1.000000000000000000e+00 -1.000000000000000000e+00 4.419999999999999929e+00
-1.000000000000000000e+00 2.446999999999999886e+01 -1.000000000000000000e+00 -1.000000000000000000e+00 1.044999999999999929e+01 8.839999999999999858e+00 5.400000000000000355e+00 -1.000000000000000000e+00 -1.000000000000000000e+00 4.410000000000000142e+00
-1.000000000000000000e+00 2.453000000000000114e+01 -1.000000000000000000e+00 -1.000000000000000000e+00 1.046000000000000085e+01 8.849999999999999645e+00 5.360000000000000320e+00 -1.000000000000000000e+00 -1.000000000000000000e+00 4.419999999999999929e+00
-1.000000000000000000e+00 2.394999999999999929e+01 -1.000000000000000000e+00 -1.000000000000000000e+00 1.049000000000000021e+01 8.929999999999999716e+00 5.370000000000000107e+00 -1.000000000000000000e+00 -1.000000000000000000e+00 4.410000000000000142e+00
-1.000000000000000000e+00 2.458999999999999986e+01 -1.000000000000000000e+00 -1.000000000000000000e+00 1.044999999999999929e+01 8.919999999999999929e+00 5.400000000000000355e+00 -1.000000000000000000e+00 -1.000000000000000000e+00 4.379999999999999893e+00
-1.000000000000000000e+00 2.010000000000000142e+01 -1.000000000000000000e+00 -1.000000000000000000e+00 1.043999999999999950e+01 8.800000000000000711e+00 5.339999999999999858e+00 -1.000000000000000000e+00 -1.000000000000000000e+00 4.400000000000000355e+00
-1.000000000000000000e+00 2.457000000000000028e+01 -1.000000000000000000e+00 -1.000000000000000000e+00 1.051999999999999957e+01 8.839999999999999858e+00 5.379999999999999893e+00 -1.000000000000000000e+00 -1.000000000000000000e+00 4.400000000000000355e+00
-1.000000000000000000e+00 2.464999999999999858e+01 -1.000000000000000000e+00 -1.000000000000000000e+00 1.050000000000000000e+01 8.820000000000000284e+00 5.349999999999999645e+00 -1.000000000000000000e+00 -1.000000000000000000e+00 4.410000000000000142e+00
-1.000000000000000000e+00 2.460999999999999943e+01 -1.000000000000000000e+00 -1.000000000000000000e+00 1.050000000000000000e+01 8.869999999999999218e+00 5.400000000000000355e+00 -1.000000000000000000e+00 -1.000000000000000000e+00 4.400000000000000355e+00
-1.000000000000000000e+00 2.448000000000000043e+01 -1.000000000000000000e+00 -1.000000000000000000e+00 1.049000000000000021e+01 8.839999999999999858e+00 5.410000000000000142e+00 -1.000000000000000000e+00 -1.000000000000000000e+00 4.419999999999999929e+00
-1.000000000000000000e+00 2.442000000000000171e+01 -1.000000000000000000e+00 -1.000000000000000000e+00 1.047000000000000064e+01 8.849999999999999645e+00 5.360000000000000320e+00 -1.000000000000000000e+00 -1.000000000000000000e+00 4.410000000000000142e+00
-1.000000000000000000e+00 1.748999999999999844e+01 -1.000000000000000000e+00 -1.000000000000000000e+00 1.048000000000000043e+01 8.830000000000000071e+00 5.400000000000000355e+00 -1.000000000000000000e+00 -1.000000000000000000e+00 4.400000000000000355e+00
-1.000000000000000000e+00 2.448999999999999844e+01 -1.000000000000000000e+00 -1.000000000000000000e+00 1.044999999999999929e+01 8.800000000000000711e+00 5.360000000000000320e+00 1.033000000000000007e+01 -1.000000000000000000e+00 4.400000000000000355e+00
-1.000000000000000000e+00 2.458999999999999986e+01 -1.000000000000000000e+00 -1.000000000000000000e+00 1.049000000000000021e+01 8.880000000000000782e+00 5.389999999999999680e+00 -1.000000000000000000e+00 -1.000000000000000000e+00 4.379999999999999893e+00
-1.000000000000000000e+00 2.096000000000000085e+01 -1.000000000000000000e+00 -1.000000000000000000e+00 1.052999999999999936e+01 8.859999999999999432e+00 5.370000000000000107e+00 -1.000000000000000000e+00 -1.000000000000000000e+00 4.419999999999999929e+00
-1.000000000000000000e+00 1.703999999999999915e+01 -1.000000000000000000e+00 -1.000000000000000000e+00 1.044999999999999929e+01 8.839999999999999858e+00 5.400000000000000355e+00 -1.000000000000000000e+00 -1.000000000000000000e+00 4.440000000000000391e+00
-1.000000000000000000e+00 1.717999999999999972e+01 -1.000000000000000000e+00 -1.000000000000000000e+00 1.042999999999999972e+01 8.890000000000000568e+00 5.379999999999999893e+00 -1.000000000000000000e+00 -1.000000000000000000e+00 4.379999999999999893e+00
-1.000000000000000000e+00 1.728000000000000114e+01 -1.000000000000000000e+00 -1.000000000000000000e+00 1.042999999999999972e+01 8.890000000000000568e+00 5.389999999999999680e+00 -1.000000000000000000e+00 -1.000000000000000000e+00 4.379999999999999893e+00
-1.000000000000000000e+00 2.107000000000000028e+01 -1.000000000000000000e+00 -1.000000000000000000e+00 1.050000000000000000e+01 8.849999999999999645e+00 5.370000000000000107e+00 -1.000000000000000000e+00 -1.000000000000000000e+00 4.370000000000000107e+00
-1.000000000000000000e+00 1.735999999999999943e+01 -1.000000000000000000e+00 -1.000000000000000000e+00 1.047000000000000064e+01 8.820000000000000284e+00 5.379999999999999893e+00 -1.000000000000000000e+00 -1.000000000000000000e+00 4.370000000000000107e+00
-1.000000000000000000e+00 2.457000000000000028e+01 -1.000000000000000000e+00 -1.000000000000000000e+00 1.048000000000000043e+01 8.880000000000000782e+00 5.410000000000000142e+00 -1.000000000000000000e+00 -1.000000000000000000e+00 4.410000000000000142e+00
-1.000000000000000000e+00 1.732000000000000028e+01 -1.000000000000000000e+00 -1.000000000000000000e+00 1.047000000000000064e+01 -1.000000000000000000e+00 5.400000000000000355e+00 -1.000000000000000000e+00 -1.000000000000000000e+00 4.370000000000000107e+00
-1.000000000000000000e+00 2.457999999999999829e+01 -1.000000000000000000e+00 -1.000000000000000000e+00 1.050000000000000000e+01 8.820000000000000284e+00 5.339999999999999858e+00 -1.000000000000000000e+00 -1.000000000000000000e+00 4.400000000000000355e+00
-1.000000000000000000e+00 1.685000000000000142e+01 -1.000000000000000000e+00 -1.000000000000000000e+00 1.041000000000000014e+01 8.900000000000000355e+00 5.379999999999999893e+00 -1.000000000000000000e+00 -1.000000000000000000e+00 4.379999999999999893e+00
-1.000000000000000000e+00 2.401000000000000156e+01 -1.000000000000000000e+00 -1.000000000000000000e+00 1.041999999999999993e+01 8.830000000000000071e+00 5.370000000000000107e+00 -1.000000000000000000e+00 -1.000000000000000000e+00 4.400000000000000355e+00
-1.000000000000000000e+00 2.053000000000000114e+01 -1.000000000000000000e+00 -1.000000000000000000e+00 1.044999999999999929e+01 8.849999999999999645e+00 5.379999999999999893e+00 -1.000000000000000000e+00 -1.000000000000000000e+00 4.349999999999999645e+00
-1.000000000000000000e+00 1.914000000000000057e+01 -1.000000000000000000e+00 -1.000000000000000000e+00 1.044999999999999929e+01 8.859999999999999432e+00 5.410000000000000142e+00 -1.000000000000000000e+00 -1.000000000000000000e+00 4.370000000000000107e+00
-1.000000000000000000e+00 2.342999999999999972e+01 -1.000000000000000000e+00 -1.000000000000000000e+00 1.047000000000000064e+01 8.800000000000000711e+00 5.410000000000000142e+00 -1.000000000000000000e+00 -1.000000000000000000e+00 4.379999999999999893e+00
-1.000000000000000000e+00 1.648000000000000043e+01 -1.000000000000000000e+00 -1.000000000000000000e+00 1.053999999999999915e+01 8.820000000000000284e+00 -1.000000000000000000e+00 1.027999999999999936e+01 -1.000000000000000000e+00 4.429999999999999716e+00
-1.000000000000000000e+00 1.662000000000000099e+01 -1.000000000000000000e+00 -1.000000000000000000e+00 1.047000000000000064e+01 8.859999999999999432e+00 5.389999999999999680e+00 -1.000000000000000000e+00 -1.000000000000000000e+00 4.379999999999999893e+00
-1.000000000000000000e+00 -1.000000000000000000e+00 -1.000000000000000000e+00 -1.000000000000000000e+00 1.057000000000000028e+01 8.910000000000000142e+00 5.419999999999999929e+00 -1.000000000000000000e+00 -1.000000000000000000e+00 4.379999999999999893e+00
-1.000000000000000000e+00 2.046999999999999886e+01 -1.000000000000000000e+00 -1.000000000000000000e+00 1.047000000000000064e+01 8.839999999999999858e+00 5.389999999999999680e+00 -1.000000000000000000e+00 -1.000000000000000000e+00 4.410000000000000142e+00
-1.000000000000000000e+00 2.053999999999999915e+01 -1.000000000000000000e+00 -1.000000000000000000e+00 1.050999999999999979e+01 8.890000000000000568e+00 5.360000000000000320e+00 -1.000000000000000000e+00 -1.000000000000000000e+00 4.389999999999999680e+00
-1.000000000000000000e+00 1.657000000000000028e+01 -1.000000000000000000e+00 -1.000000000000000000e+00 1.043999999999999950e+01 8.820000000000000284e+00 5.379999999999999893e+00 -1.000000000000000000e+00 -1.000000000000000000e+00 4.389999999999999680e+00
-1.000000000000000000e+00 1.664999999999999858e+01 -1.000000000000000000e+00 -1.000000000000000000e+00 1.042999999999999972e+01 8.849999999999999645e+00 5.419999999999999929e+00 -1.000000000000000000e+00 -1.000000000000000000e+00 4.450000000000000178e+00
-1.000000000000000000e+00 2.442000000000000171e+01 -1.000000000000000000e+00 -1.000000000000000000e+00 1.047000000000000064e+01 8.949999999999999289e+00 5.360000000000000320e+00 -1.000000000000000000e+00 -1.000000000000000000e+00 4.410000000000000142e+00
-1.000000000000000000e+00 -1.000000000000000000e+00 -1.000000000000000000e+00 -1.000000000000000000e+00 1.046000000000000085e+01 8.810000000000000497e+00 5.379999999999999893e+00 -1.000000000000000000e+00 -1.000000000000000000e+00 4.349999999999999645e+00
-1.000000000000000000e+00 2.323000000000000043e+01 -1.000000000000000000e+00 -1.000000000000000000e+00 1.046000000000000085e+01 8.820000000000000284e+00 5.419999999999999929e+00 -1.000000000000000000e+00 -1.000000000000000000e+00 4.419999999999999929e+00
-1.000000000000000000e+00 1.676000000000000156e+01 -1.000000000000000000e+00 -1.000000000000000000e+00 1.050000000000000000e+01 8.859999999999999432e+00 5.370000000000000107e+00 -1.000000000000000000e+00 -1.000000000000000000e+00 4.410000000000000142e+00
-1.000000000000000000e+00 1.664999999999999858e+01 -1.000000000000000000e+00 -1.000000000000000000e+00 1.049000000000000021e+01 8.699999999999999289e+00 5.400000000000000355e+00 -1.000000000000000000e+00 -1.000000000000000000e+00 4.419999999999999929e+00
-1.000000000000000000e+00 2.344000000000000128e+01 -1.000000000000000000e+00 -1.000000000000000000e+00 1.048000000000000043e+01 9.000000000000000000e+00 5.389999999999999680e+00 -1.000000000000000000e+00 -1.000000000000000000e+00 4.389999999999999680e+00
-1.000000000000000000e+00 -1.000000000000000000e+00 -1.000000000000000000e+00 -1.000000000000000000e+00 1.049000000000000021e+01 8.859999999999999432e+00 5.440000000000000391e+00 -1.000000000000000000e+00 -1.000000000000000000e+00 4.429999999999999716e+00
-1.000000000000000000e+00 1.658999999999999986e+01 -1.000000000000000000e+00 -1.000000000000000000e+00 1.050000000000000000e+01 8.839999999999999858e+00 5.389999999999999680e+00 -1.000000000000000000e+00 -1.000000000000000000e+00 4.389999999999999680e+00
-1.000000000000000000e+00 1.666000000000000014e+01 -1.000000000000000000e+00 -1.000000000000000000e+00 1.046000000000000085e+01 8.830000000000000071e+00 5.360000000000000320e+00 -1.000000000000000000e+00 -1.000000000000000000e+00 4.410000000000000142e+00
-1.000000000000000000e+00 -1.000000000000000000e+00 -1.000000000000000000e+00 -1.000000000000000000e+00 1.048000000000000043e+01 8.810000000000000497e+00 5.389999999999999680e+00 -1.000000000000000000e+00 -1.000000000000000000e+00 4.379999999999999893e+00
-1.000000000000000000e+00 1.662999999999999901e+01 -1.000000000000000000e+00 -1.000000000000000000e+00 1.044999999999999929e+01 8.789999999999999147e+00 5.349999999999999645e+00 -1.000000000000000000e+00 -1.000000000000000000e+00 4.349999999999999645e+00
-1.000000000000000000e+00 2.466000000000000014e+01 -1.000000000000000000e+00 -1.000000000000000000e+00 1.051999999999999957e+01 8.830000000000000071e+00 5.410000000000000142e+00 -1.000000000000000000e+00 -1.000000000000000000e+00 4.459999999999999964e+00
-1.000000000000000000e+00 2.405999999999999872e+01 -1.000000000000000000e+00 -1.000000000000000000e+00 1.042999999999999972e+01 -1.000000000000000000e+00 5.379999999999999893e+00 -1.000000000000000000e+00 -1.000000000000000000e+00 4.419999999999999929e+00
-1.000000000000000000e+00 2.401999999999999957e+01 -1.000000000000000000e+00 -1.000000000000000000e+00 1.046000000000000085e+01 8.849999999999999645e+00 5.419999999999999929e+00 -1.000000000000000000e+00 -1.000000000000000000e+00 4.459999999999999964e+00
-1.000000000000000000e+00 2.458999999999999986e+01 -1.000000000000000000e+00 -1.000000000000000000e+00 1.051999999999999957e+01 8.849999999999999645e+00 5.379999999999999893e+00 -1.000000000000000000e+00 -1.000000000000000000e+00 4.389999999999999680e+00
-1.000000000000000000e+00 2.464999999999999858e+01 -1.000000000000000000e+00 -1.000000000000000000e+00 1.047000000000000064e+01 8.859999999999999432e+00 5.349999999999999645e+00 -1.000000000000000000e+00 -1.000000000000000000e+00 4.410000000000000142e+00
-1.000000000000000000e+00 2.400000000000000000e+01 -1.000000000000000000e+00 -1.000000000000000000e+00 1.049000000000000021e+01 8.839999999999999858e+00 5.370000000000000107e+00 -1.000000000000000000e+00 -1.000000000000000000e+00 4.410000000000000142e+00
-1.000000000000000000e+00 2.455999999999999872e+01 -1.000000000000000000e+00 -1.000000000000000000e+00 1.047000000000000064e+01 8.820000000000000284e+00 5.389999999999999680e+00 -1.000000000000000000e+00 -1.000000000000000000e+00 4.419999999999999929e+00
-1.000000000000000000e+00 2.400000000000000000e+01 -1.000000000000000000e+00 -1.000000000000000000e+00 1.057000000000000028e+01 8.859999999999999432e+00 5.419999999999999929e+00 -1.000000000000000000e+00 -1.000000000000000000e+00 4.419999999999999929e+00
-1.000000000000000000e+00 2.450000000000000000e+01 -1.000000000000000000e+00 -1.000000000000000000e+00 -1.000000000000000000e+00 8.800000000000000711e+00 5.370000000000000107e+00 -1.000000000000000000e+00 -1.000000000000000000e+00 4.370000000000000107e+00
-1.000000000000000000e+00 2.455000000000000071e+01 -1.000000000000000000e+00 -1.000000000000000000e+00 1.043999999999999950e+01 8.849999999999999645e+00 5.360000000000000320e+00 -1.000000000000000000e+00 -1.000000000000000000e+00 4.429999999999999716e+00
-1.000000000000000000e+00 2.055000000000000071e+01 -1.000000000000000000e+00 -1.000000000000000000e+00 1.046000000000000085e+01 8.839999999999999858e+00 5.389999999999999680e+00 -1.000000000000000000e+00 -1.000000000000000000e+00 4.360000000000000320e+00
-1.000000000000000000e+00 1.651999999999999957e+01 -1.000000000000000000e+00 -1.000000000000000000e+00 1.039000000000000057e+01 8.800000000000000711e+00 5.370000000000000107e+00 -1.000000000000000000e+00 -1.000000000000000000e+00 4.440000000000000391e+00
-1.000000000000000000e+00 2.060000000000000142e+01 -1.000000000000000000e+00 -1.000000000000000000e+00 1.047000000000000064e+01 8.820000000000000284e+00 5.339999999999999858e+00 -1.000000000000000000e+00 -1.000000000000000000e+00 4.400000000000000355e+00
-1.000000000000000000e+00 1.646999999999999886e+01 -1.000000000000000000e+00 -1.000000000000000000e+00 1.050999999999999979e+01 8.769999999999999574e+00 5.379999999999999893e+00 -1.000000000000000000e+00 -1.000000000000000000e+00 4.379999999999999893e+00
-1.000000000000000000e+00 1.644999999999999929e+01 -1.000000000000000000e+00 -1.000000000000000000e+00 1.050000000000000000e+01 8.779999999999999361e+00 5.410000000000000142e+00 -1.000000000000000000e+00 -1.000000000000000000e+00 4.459999999999999964e+00
-1.000000000000000000e+00 1.646000000000000085e+01 -1.000000000000000000e+00 -1.000000000000000000e+00 1.051999999999999957e+01 8.859999999999999432e+00 5.400000000000000355e+00 1.033999999999999986e+01 -1.000000000000000000e+00 4.400000000000000355e+00
-1.000000000000000000e+00 1.644999999999999929e+01 -1.000000000000000000e+00 -1.000000000000000000e+00 1.042999999999999972e+01 8.900000000000000355e+00 5.389999999999999680e+00 1.030000000000000071e+01 -1.000000000000000000e+00 4.440000000000000391e+00
-1.000000000000000000e+00 1.642999999999999972e+01 -1.000000000000000000e+00 -1.000000000000000000e+00 -1.000000000000000000e+00 8.900000000000000355e+00 5.379999999999999893e+00 1.041999999999999993e+01 -1.000000000000000000e+00 4.370000000000000107e+00
-1.000000000000000000e+00 2.055000000000000071e+01 -1.000000000000000000e+00 -1.000000000000000000e+00 1.050999999999999979e+01 8.910000000000000142e+00 5.339999999999999858e+00 1.033000000000000007e+01 -1.000000000000000000e+00 4.429999999999999716e+00
-1.000000000000000000e+00 1.644000000000000128e+01 -1.000000000000000000e+00 -1.000000000000000000e+00 1.046000000000000085e+01 8.810000000000000497e+00 5.389999999999999680e+00 -1.000000000000000000e+00 -1.000000000000000000e+00 4.440000000000000391e+00
-1.000000000000000000e+00 2.051999999999999957e+01 -1.000000000000000000e+00 -1.000000000000000000e+00 1.044999999999999929e+01 8.789999999999999147e+00 5.370000000000000107e+00 -1.000000000000000000e+00 -1.000000000000000000e+00 4.429999999999999716e+00
-1.000000000000000000e+00 2.041000000000000014e+01 -1.000000000000000000e+00 -1.000000000000000000e+00 1.055000000000000071e+01 8.810000000000000497e+00 5.410000000000000142e+00 -1.000000000000000000e+00 -1.000000000000000000e+00 4.419999999999999929e+00
-1.000000000000000000e+00 2.050000000000000000e+01 -1.000000000000000000e+00 -1.000000000000000000e+00 1.043999999999999950e+01 8.880000000000000782e+00 5.379999999999999893e+00 -1.000000000000000000e+00 -1.000000000000000000e+00 4.379999999999999893e+00
-1.000000000000000000e+00 1.644999999999999929e+01 -1.000000000000000000e+00 -1.000000000000000000e+00 1.042999999999999972e+01 8.849999999999999645e+00 5.370000000000000107e+00 -1.000000000000000000e+00 -1.000000000000000000e+00 4.400000000000000355e+00
-1.000000000000000000e+00 2.058999999999999986e+01 -1.000000000000000000e+00 -1.000000000000000000e+00 1.047000000000000064e+01 8.839999999999999858e+00 5.400000000000000355e+00 1.039000000000000057e+01 -1.000000000000000000e+00 4.410000000000000142e+00
-1.000000000000000000e+00 2.055000000000000071e+01 -1.000000000000000000e+00 -1.000000000000000000e+00 1.044999999999999929e+01 8.929999999999999716e+00 5.389999999999999680e+00 -1.000000000000000000e+00 -1.000000000000000000e+00 4.429999999999999716e+00
-1.000000000000000000e+00 2.021000000000000085e+01 -1.000000000000000000e+00 -1.000000000000000000e+00 1.046000000000000085e+01 8.849999999999999645e+00 5.400000000000000355e+00 -1.000000000000000000e+00 -1.000000000000000000e+00 4.429999999999999716e+00
-1.000000000000000000e+00 1.590000000000000036e+01 -1.000000000000000000e+00 -1.000000000000000000e+00 1.049000000000000021e+01 8.880000000000000782e+00 5.389999999999999680e+00 -1.000000000000000000e+00 -1.000000000000000000e+00 4.410000000000000142e+00
-1.000000000000000000e+00 2.046999999999999886e+01 -1.000000000000000000e+00 -1.000000000000000000e+00 1.051999999999999957e+01 8.890000000000000568e+00 5.379999999999999893e+00 -1.000000000000000000e+00 -1.000000000000000000e+00 4.400000000000000355e+00
-1.000000000000000000e+00 2.033999999999999986e+01 -1.000000000000000000e+00 -1.000000000000000000e+00 1.049000000000000021e+01 8.890000000000000568e+00 5.389999999999999680e+00 -1.000000000000000000e+00 -1.000000000000000000e+00 4.379999999999999893e+00
-1.000000000000000000e+00 2.460999999999999943e+01 -1.000000000000000000e+00 -1.000000000000000000e+00 1.040000000000000036e+01 8.900000000000000355e+00 5.419999999999999929e+00 -1.000000000000000000e+00 -1.000000000000000000e+00 4.450000000000000178e+00
-1.000000000000000000e+00 1.583999999999999986e+01 -1.000000000000000000e+00 -1.000000000000000000e+00 1.049000000000000021e+01 8.869999999999999218e+00 5.419999999999999929e+00 -1.000000000000000000e+00 -1.000000000000000000e+00 4.400000000000000355e+00
-1.000000000000000000e+00 2.085999999999999943e+01 -1.000000000000000000e+00 -1.000000000000000000e+00 1.050000000000000000e+01 8.849999999999999645e+00 5.339999999999999858e+00 -1.000000000000000000e+00 -1.000000000000000000e+00 4.360000000000000320e+00
-1.000000000000000000e+00 1.580000000000000071e+01 -1.000000000000000000e+00 -1.000000000000000000e+00 1.047000000000000064e+01 8.980000000000000426e+00 5.349999999999999645e+00 -1.000000000000000000e+00 -1.000000000000000000e+00 4.400000000000000355e+00
-1.000000000000000000e+00 2.464000000000000057e+01 -1.000000000000000000e+00 -1.000000000000000000e+00 1.047000000000000064e+01 8.869999999999999218e+00 5.370000000000000107e+00 -1.000000000000000000e+00 -1.000000000000000000e+00 4.339999999999999858e+00
-1.000000000000000000e+00 1.583999999999999986e+01 -1.000000000000000000e+00 -1.000000000000000000e+00 1.048000000000000043e+01 8.779999999999999361e+00 5.349999999999999645e+00 -1.000000000000000000e+00 -1.000000000000000000e+00 4.400000000000000355e+00
-1.000000000000000000e+00 2.460999999999999943e+01 -1.000000000000000000e+00 -1.000000000000000000e+00 1.050000000000000000e+01 8.849999999999999645e+00 5.389999999999999680e+00 -1.000000000000000000e+00 -1.000000000000000000e+00 4.379999999999999893e+00
-1.000000000000000000e+00 2.455999999999999872e+01 -1.000000000000000000e+00 -1.000000000000000000e+00 1.050000000000000000e+01 8.880000000000000782e+00 5.389999999999999680e+00 -1.000000000000000000e+00 -1.000000000000000000e+00 4.379999999999999893e+00
-1.000000000000000000e+00 2.464999999999999858e+01 -1.000000000000000000e+00 -1.000000000000000000e+00 1.047000000000000064e+01 8.859999999999999432e+00 5.419999999999999929e+00 -1.000000000000000000e+00 -1.000000000000000000e+00 4.389999999999999680e+00
-1.000000000000000000e+00 2.460999999999999943e+01 -1.000000000000000000e+00 -1.000000000000000000e+00 1.042999999999999972e+01 8.789999999999999147e+00 5.379999999999999893e+00 -1.000000000000000000e+00 -1.000000000000000000e+00 4.360000000000000320e+00
-1.000000000000000000e+00 1.687999999999999901e+01 -1.000000000000000000e+00 -1.000000000000000000e+00 1.048000000000000043e+01 8.830000000000000071e+00 5.379999999999999893e+00 -1.000000000000000000e+00 -1.000000000000000000e+00 4.400000000000000355e+00
-1.000000000000000000e+00 1.651999999999999957e+01 -1.000000000000000000e+00 -1.000000000000000000e+00 1.046000000000000085e+01 8.890000000000000568e+00 5.330000000000000071e+00 -1.000000000000000000e+00 -1.000000000000000000e+00 4.379999999999999893e+00
-1.000000000000000000e+00 1.678999999999999915e+01 -1.000000000000000000e+00 -1.000000000000000000e+00 1.049000000000000021e+01 8.869999999999999218e+00 5.410000000000000142e+00 -1.000000000000000000e+00 -1.000000000000000000e+00 4.419999999999999929e+00
-1.000000000000000000e+00 2.458999999999999986e+01 -1.000000000000000000e+00 -1.000000000000000000e+00 1.044999999999999929e+01 8.849999999999999645e+00 5.480000000000000426e+00 -1.000000000000000000e+00 -1.000000000000000000e+00 4.419999999999999929e+00
-1.000000000000000000e+00 2.414000000000000057e+01 -1.000000000000000000e+00 -1.000000000000000000e+00 1.056000000000000050e+01 8.830000000000000071e+00 5.379999999999999893e+00 -1.000000000000000000e+00 -1.000000000000000000e+00 4.419999999999999929e+00
-1.000000000000000000e+00 2.401000000000000156e+01 -1.000000000000000000e+00 -1.000000000000000000e+00 1.044999999999999929e+01 8.779999999999999361e+00 5.440000000000000391e+00 -1.000000000000000000e+00 -1.000000000000000000e+00 4.419999999999999929e+00
-1.000000000000000000e+00 2.394000000000000128e+01 -1.000000000000000000e+00 -1.000000000000000000e+00 1.050999999999999979e+01 8.929999999999999716e+00 5.360000000000000320e+00 -1.000000000000000000e+00 -1.000000000000000000e+00 4.389999999999999680e+00
