-1.000000000000000000e+00 -1.000000000000000000e+00 -1.000000000000000000e+00 -1.000000000000000000e+00 -1.000000000000000000e+00 -1.000000000000000000e+00 -1.000000000000000000e+00 -1.000000000000000000e+00 -1.000000000000000000e+00 -1.000000000000000000e+00
4.370000000000000107e+00 5.669999999999999929e+00 4.309999999999999609e+00 -1.000000000000000000e+00 -1.000000000000000000e+00 -1.000000000000000000e+00 9.859999999999999432e+00 -1.000000000000000000e+00 -1.000000000000000000e+00 -1.000000000000000000e+00
4.379999999999999893e+00 5.730000000000000426e+00 4.320000000000000284e+00 -1.000000000000000000e+00 -1.000000000000000000e+00 -1.000000000000000000e+00 9.880000000000000782e+00 -1.000000000000000000e+00 -1.000000000000000000e+00 -1.000000000000000000e+00
4.400000000000000355e+00 5.700000000000000178e+00 4.330000000000000071e+00 -1.000000000000000000e+00 -1.000000000000000000e+00 -1.000000000000000000e+00 9.880000000000000782e+00 -1.000000000000000000e+00 -1.000000000000000000e+00 -1.000000000000000000e+00
4.309999999999999609e+00 5.700000000000000178e+00 4.309999999999999609e+00 -1.000000000000000000e+00 -1.000000000000000000e+00 -1.000000000000000000e+00 9.890000000000000568e+00 -1.000000000000000000e+00 -1.000000000000000000e+00 -1.000000000000000000e+00
4.440000000000000391e+00 5.719999999999999751e+00 4.330000000000000071e+00 -1.000000000000000000e+00 -1.000000000000000000e+00 -1.000000000000000000e+00 9.839999999999999858e+00 -1.000000000000000000e+00 -1.000000000000000000e+00 -1.000000000000000000e+00
4.379999999999999893e+00 5.780000000000000249e+00 4.330000000000000071e+00 -1.000000000000000000e+00 -1.000000000000000000e+00 -1.000000000000000000e+00 9.900000000000000355e+00 -1.000000000000000000e+00 -1.000000000000000000e+00 -1.000000000000000000e+00
4.400000000000000355e+00 5.719999999999999751e+00 4.330000000000000071e+00 -1.000000000000000000e+00 -1.000000000000000000e+00 -1.000000000000000000e+00 9.859999999999999432e+00 -1.000000000000000000e+00 -1.000000000000000000e+00 -1.000000000000000000e+00
4.349999999999999645e+00 5.719999999999999751e+00 4.320000000000000284e+00 -1.000000000000000000e+00 -1.000000000000000000e+00 -1.000000000000000000e+00 9.869999999999999218e+00 -1.000000000000000000e+00 -1.000000000000000000e+00 -1.000000000000000000e+00
4.330000000000000071e+00 5.719999999999999751e+00 4.330000000000000071e+00 -1.000000000000000000e+00 -1.000000000000000000e+00 -1.000000000000000000e+00 9.859999999999999432e+00 -1.000000000000000000e+00 -1.000000000000000000e+00 -1.000000000000000000e+00
4.339999999999999858e+00 5.740000000000000213e+00 4.379999999999999893e+00 -1.000000000000000000e+00 -1.000000000000000000e+00 -1.000000000000000000e+00 9.900000000000000355e+00 -1.000000000000000000e+00 -1.000000000000000000e+00 -1.000000000000000000e+00
4.320000000000000284e+00 5.730000000000000426e+00 4.339999999999999858e+00 -1.000000000000000000e+00 -1.000000000000000000e+00 -1.000000000000000000e+00 9.849999999999999645e+00 -1.000000000000000000e+00 -1.000000000000000000e+00 -1.000000000000000000e+00
4.370000000000000107e+00 5.769999999999999574e+00 4.339999999999999858e+00 -1.000000000000000000e+00 -1.000000000000000000e+00 -1.000000000000000000e+00 9.890000000000000568e+00 -1.000000000000000000e+00 -1.000000000000000000e+00 -1.000000000000000000e+00
4.309999999999999609e+00 5.709999999999999964e+00 4.299999999999999822e+00 -1.000000000000000000e+00 -1.000000000000000000e+00 -1.000000000000000000e+00 9.869999999999999218e+00 -1.000000000000000000e+00 -1.000000000000000000e+00 -1.000000000000000000e+00
4.370000000000000107e+00 5.709999999999999964e+00 4.330000000000000071e+00 -1.000000000000000000e+00 -1.000000000000000000e+00 -1.000000000000000000e+00 9.880000000000000782e+00 -1.000000000000000000e+00 -1.000000000000000000e+00 -1.000000000000000000e+00
4.349999999999999645e+00 5.790000000000000036e+00 4.309999999999999609e+00 -1.000000000000000000e+00 -1.000000000000000000e+00 -1.000000000000000000e+00 9.849999999999999645e+00 -1.000000000000000000e+00 -1.000000000000000000e+00 -1.000000000000000000e+00
4.370000000000000107e+00 5.719999999999999751e+00 4.339999999999999858e+00 -1.000000000000000000e+00 -1.000000000000000000e+00 -1.000000000000000000e+00 9.929999999999999716e+00 -1.000000000000000000e+00 -1.000000000000000000e+00 -1.000000000000000000e+00
4.370000000000000107e+00 5.750000000000000000e+00 4.309999999999999609e+00 -1.000000000000000000e+00 -1.000000000000000000e+00 -1.000000000000000000e+00 9.880000000000000782e+00 -1.000000000000000000e+00 -1.000000000000000000e+00 -1.000000000000000000e+00
4.370000000000000107e+00 5.700000000000000178e+00 4.339999999999999858e+00 -1.000000000000000000e+00 -1.000000000000000000e+00 -1.000000000000000000e+00 9.810000000000000497e+00 -1.000000000000000000e+00 -1.000000000000000000e+00 -1.000000000000000000e+00
4.370000000000000107e+00 5.750000000000000000e+00 4.349999999999999645e+00 -1.000000000000000000e+00 -1.000000000000000000e+00 -1.000000000000000000e+00 9.859999999999999432e+00 -1.000000000000000000e+00 -1.000000000000000000e+00 -1.000000000000000000e+00
4.330000000000000071e+00 5.719999999999999751e+00 4.349999999999999645e+00 -1.000000000000000000e+00 -1.000000000000000000e+00 -1.000000000000000000e+00 9.900000000000000355e+00 -1.000000000000000000e+00 -1.000000000000000000e+00 -1.000000000000000000e+00
4.320000000000000284e+00 5.830000000000000071e+00 4.349999999999999645e+00 -1.000000000000000000e+00 -1.000000000000000000e+00 -1.000000000000000000e+00 9.869999999999999218e+00 -1.000000000000000000e+00 -1.000000000000000000e+00 -1.000000000000000000e+00
4.370000000000000107e+00 5.690000000000000391e+00 4.320000000000000284e+00 -1.000000000000000000e+00 -1.000000000000000000e+00 -1.000000000000000000e+00 9.849999999999999645e+00 -1.000000000000000000e+00 -1.000000000000000000e+00 -1.000000000000000000e+00
4.370000000000000107e+00 5.769999999999999574e+00 4.349999999999999645e+00 -1.000000000000000000e+00 -1.000000000000000000e+00 -1.000000000000000000e+00 9.880000000000000782e+00 -1.000000000000000000e+00 -1.000000000000000000e+00 -1.000000000000000000e+00
4.370000000000000107e+00 5.709999999999999964e+00 4.330000000000000071e+00 -1.000000000000000000e+00 -1.000000000000000000e+00 -1.000000000000000000e+00 9.900000000000000355e+00 -1.000000000000000000e+00 -1.000000000000000000e+00 -1.000000000000000000e+00
4.410000000000000142e+00 5.769999999999999574e+00 4.309999999999999609e+00 -1.000000000000000000e+00 -1.000000000000000000e+00 -1.000000000000000000e+00 9.900000000000000355e+00 -1.000000000000000000e+00 -1.000000000000000000e+00 -1.000000000000000000e+00
4.389999999999999680e+00 5.679999999999999716e+00 4.339999999999999858e+00 -1.000000000000000000e+00 -1.000000000000000000e+00 -1.000000000000000000e+00 9.849999999999999645e+00 -1.000000000000000000e+00 -1.000000000000000000e+00 -1.000000000000000000e+00
4.309999999999999609e+00 5.700000000000000178e+00 4.299999999999999822e+00 -1.000000000000000000e+00 -1.000000000000000000e+00 -1.000000000000000000e+00 9.869999999999999218e+00 -1.000000000000000000e+00 -1.000000000000000000e+00 -1.000000000000000000e+00
4.320000000000000284e+00 5.750000000000000000e+00 4.330000000000000071e+00 -1.000000000000000000e+00 -1.000000000000000000e+00 -1.000000000000000000e+00 9.869999999999999218e+00 -1.000000000000000000e+00 -1.000000000000000000e+00 -1.000000000000000000e+00
4.290000000000000036e+00 5.669999999999999929e+00 4.330000000000000071e+00 -1.000000000000000000e+00 -1.000000000000000000e+00 -1.000000000000000000e+00 9.830000000000000071e+00 -1.000000000000000000e+00 -1.000000000000000000e+00 -1.000000000000000000e+00
4.330000000000000071e+00 5.759999999999999787e+00 4.339999999999999858e+00 -1.000000000000000000e+00 -1.000000000000000000e+00 -1.000000000000000000e+00 9.919999999999999929e+00 -1.000000000000000000e+00 -1.000000000000000000e+00 -1.000000000000000000e+00
4.280000000000000249e+00 5.719999999999999751e+00 4.349999999999999645e+00 -1.000000000000000000e+00 -1.000000000000000000e+00 -1.000000000000000000e+00 9.880000000000000782e+00 -1.000000000000000000e+00 -1.000000000000000000e+00 -1.000000000000000000e+00
4.370000000000000107e+00 5.690000000000000391e+00 4.330000000000000071e+00 -1.000000000000000000e+00 -1.000000000000000000e+00 -1.000000000000000000e+00 9.900000000000000355e+00 -1.000000000000000000e+00 -1.000000000000000000e+00 -1.000000000000000000e+00
4.370000000000000107e+00 5.719999999999999751e+00 4.349999999999999645e+00 -1.000000000000000000e+00 -1.000000000000000000e+00 -1.000000000000000000e+00 9.830000000000000071e+00 -1.000000000000000000e+00 -1.000000000000000000e+00 -1.000000000000000000e+00
4.309999999999999609e+00 5.709999999999999964e+00 4.349999999999999645e+00 -1.000000000000000000e+00 -1.000000000000000000e+00 -1.000000000000000000e+00 9.929999999999999716e+00 -1.000000000000000000e+00 -1.000000000000000000e+00 -1.000000000000000000e+00
4.379999999999999893e+00 5.719999999999999751e+00 4.309999999999999609e+00 -1.000000000000000000e+00 -1.000000000000000000e+00 -1.000000000000000000e+00 9.890000000000000568e+00 -1.000000000000000000e+00 -1.000000000000000000e+00 -1.000000000000000000e+00
4.370000000000000107e+00 5.700000000000000178e+00 4.360000000000000320e+00 -1.000000000000000000e+00 -1.000000000000000000e+00 -1.000000000000000000e+00 9.880000000000000782e+00 -1.000000000000000000e+00 -1.000000000000000000e+00 -1.000000000000000000e+00
4.389999999999999680e+00 5.700000000000000178e+00 4.330000000000000071e+00 -1.000000000000000000e+00 -1.000000000000000000e+00 -1.000000000000000000e+00 9.849999999999999645e+00 -1.000000000000000000e+00 -1.000000000000000000e+00 -1.000000000000000000e+00
4.309999999999999609e+00 5.719999999999999751e+00 4.349999999999999645e+00 -1.000000000000000000e+00 -1.000000000000000000e+00 -1.000000000000000000e+00 9.849999999999999645e+00 -1.000000000000000000e+00 -1.000000000000000000e+00 -1.000000000000000000e+00
4.440000000000000391e+00 5.750000000000000000e+00 4.330000000000000071e+00 -1.000000000000000000e+00 -1.000000000000000000e+00 -1.000000000000000000e+00 9.949999999999999289e+00 -1.000000000000000000e+00 -1.000000000000000000e+00 -1.000000000000000000e+00
4.290000000000000036e+00 5.740000000000000213e+00 -1.000000000000000000e+00 -1.000000000000000000e+00 -1.000000000000000000e+00 -1.000000000000000000e+00 9.859999999999999432e+00 -1.000000000000000000e+00 -1.000000000000000000e+00 -1.000000000000000000e+00
4.309999999999999609e+00 5.700000000000000178e+00 4.320000000000000284e+00 -1.000000000000000000e+00 5.799999999999999822e+00 -1.000000000000000000e+00 9.869999999999999218e+00 -1.000000000000000000e+00 -1.000000000000000000e+00 -1.000000000000000000e+00
4.339999999999999858e+00 5.740000000000000213e+00 4.309999999999999609e+00 -1.000000000000000000e+00 5.849999999999999645e+00 -1.000000000000000000e+00 9.890000000000000568e+00 -1.000000000000000000e+00 -1.000000000000000000e+00 -1.000000000000000000e+00
4.360000000000000320e+00 5.589999999999999858e+00 4.330000000000000071e+00 -1.000000000000000000e+00 5.809999999999999609e+00 -1.000000000000000000e+00 9.859999999999999432e+00 -1.000000000000000000e+00 -1.000000000000000000e+00 -1.000000000000000000e+00
4.259999999999999787e+00 5.679999999999999716e+00 4.330000000000000071e+00 -1.000000000000000000e+00 5.790000000000000036e+00 -1.000000000000000000e+00 9.900000000000000355e+00 -1.000000000000000000e+00 -1.000000000000000000e+00 -1.000000000000000000e+00
4.309999999999999609e+00 5.750000000000000000e+00 4.360000000000000320e+00 -1.000000000000000000e+00 5.799999999999999822e+00 -1.000000000000000000e+00 9.939999999999999503e+00 -1.000000000000000000e+00 -1.000000000000000000e+00 -1.000000000000000000e+00
4.360000000000000320e+00 5.660000000000000142e+00 4.309999999999999609e+00 -1.000000000000000000e+00 5.820000000000000284e+00 -1.000000000000000000e+00 9.910000000000000142e+00 -1.000000000000000000e+00 -1.000000000000000000e+00 -1.000000000000000000e+00
4.280000000000000249e+00 5.730000000000000426e+00 4.330000000000000071e+00 -1.000000000000000000e+00 5.799999999999999822e+00 -1.000000000000000000e+00 9.890000000000000568e+00 -1.000000000000000000e+00 -1.000000000000000000e+00 -1.000000000000000000e+00
4.360000000000000320e+00 5.719999999999999751e+00 4.320000000000000284e+00 -1.000000000000000000e+00 5.790000000000000036e+00 -1.000000000000000000e+00 9.900000000000000355e+00 -1.000000000000000000e+00 -1.000000000000000000e+00 -1.000000000000000000e+00
4.370000000000000107e+00 5.730000000000000426e+00 4.309999999999999609e+00 -1.000000000000000000e+00 5.780000000000000249e+00 -1.000000000000000000e+00 9.910000000000000142e+00 -1.000000000000000000e+00 -1.000000000000000000e+00 -1.000000000000000000e+00
4.339999999999999858e+00 5.639999999999999680e+00 4.330000000000000071e+00 -1.000000000000000000e+00 5.809999999999999609e+00 -1.000000000000000000e+00 9.929999999999999716e+00 -1.000000000000000000e+00 -1.000000000000000000e+00 -1.000000000000000000e+00
4.339999999999999858e+00 5.709999999999999964e+00 4.330000000000000071e+00 -1.000000000000000000e+00 5.809999999999999609e+00 -1.000000000000000000e+00 9.900000000000000355e+00 -1.000000000000000000e+00 -1.000000000000000000e+00 -1.000000000000000000e+00
4.339999999999999858e+00 5.700000000000000178e+00 4.309999999999999609e+00 -1.000000000000000000e+00 5.849999999999999645e+00 -1.000000000000000000e+00 9.880000000000000782e+00 -1.000000000000000000e+00 -1.000000000000000000e+00 -1.000000000000000000e+00
4.320000000000000284e+00 5.650000000000000355e+00 4.309999999999999609e+00 -1.000000000000000000e+00 5.780000000000000249e+00 -1.000000000000000000e+00 9.919999999999999929e+00 -1.000000000000000000e+00 -1.000000000000000000e+00 -1.000000000000000000e+00
4.320000000000000284e+00 5.709999999999999964e+00 4.349999999999999645e+00 -1.000000000000000000e+00 5.750000000000000000e+00 -1.000000000000000000e+00 9.859999999999999432e+00 -1.000000000000000000e+00 -1.000000000000000000e+00 -1.000000000000000000e+00
4.309999999999999609e+00 5.700000000000000178e+00 4.309999999999999609e+00 -1.000000000000000000e+00 5.790000000000000036e+00 -1.000000000000000000e+00 9.900000000000000355e+00 -1.000000000000000000e+00 -1.000000000000000000e+00 -1.000000000000000000e+00
4.360000000000000320e+00 5.629999999999999893e+00 4.330000000000000071e+00 -1.000000000000000000e+00 5.860000000000000320e+00 -1.000000000000000000e+00 9.890000000000000568e+00 -1.000000000000000000e+00 -1.000000000000000000e+00 -1.000000000000000000e+00
4.360000000000000320e+00 5.679999999999999716e+00 4.309999999999999609e+00 -1.000000000000000000e+00 5.799999999999999822e+00 -1.000000000000000000e+00 9.820000000000000284e+00 -1.000000000000000000e+00 -1.000000000000000000e+00 -1.000000000000000000e+00
4.410000000000000142e+00 5.700000000000000178e+00 4.339999999999999858e+00 -1.000000000000000000e+00 5.780000000000000249e+00 -1.000000000000000000e+00 9.849999999999999645e+00 -1.000000000000000000e+00 -1.000000000000000000e+00 -1.000000000000000000e+00
4.400000000000000355e+00 5.639999999999999680e+00 4.330000000000000071e+00 -1.000000000000000000e+00 5.830000000000000071e+00 -1.000000000000000000e+00 9.929999999999999716e+00 -1.000000000000000000e+00 -1.000000000000000000e+00 -1.000000000000000000e+00
4.360000000000000320e+00 5.660000000000000142e+00 4.320000000000000284e+00 -1.000000000000000000e+00 5.809999999999999609e+00 -1.000000000000000000e+00 9.859999999999999432e+00 -1.000000000000000000e+00 -1.000000000000000000e+00 -1.000000000000000000e+00
4.429999999999999716e+00 5.679999999999999716e+00 4.330000000000000071e+00 -1.000000000000000000e+00 5.769999999999999574e+00 -1.000000000000000000e+00 9.859999999999999432e+00 -1.000000000000000000e+00 -1.000000000000000000e+00 -1.000000000000000000e+00
4.419999999999999929e+00 5.690000000000000391e+00 4.349999999999999645e+00 -1.000000000000000000e+00 5.839999999999999858e+00 -1.000000000000000000e+00 9.910000000000000142e+00 -1.000000000000000000e+00 -1.000000000000000000e+00 -1.000000000000000000e+00
4.379999999999999893e+00 5.719999999999999751e+00 4.360000000000000320e+00 -1.000000000000000000e+00 5.809999999999999609e+00 -1.000000000000000000e+00 9.849999999999999645e+00 -1.000000000000000000e+00 -1.000000000000000000e+00 -1.000000000000000000e+00
4.339999999999999858e+00 5.750000000000000000e+00 4.309999999999999609e+00 -1.000000000000000000e+00 5.790000000000000036e+00 -1.000000000000000000e+00 9.859999999999999432e+00 -1.000000000000000000e+00 -1.000000000000000000e+00 -1.000000000000000000e+00
4.299999999999999822e+00 5.650000000000000355e+00 4.330000000000000071e+00 -1.000000000000000000e+00 5.750000000000000000e+00 -1.000000000000000000e+00 9.839999999999999858e+00 -1.000000000000000000e+00 -1.000000000000000000e+00 -1.000000000000000000e+00
4.360000000000000320e+00 5.650000000000000355e+00 4.370000000000000107e+00 -1.000000000000000000e+00 5.769999999999999574e+00 -1.000000000000000000e+00 9.800000000000000711e+00 -1.000000000000000000e+00 -1.000000000000000000e+00 -1.000000000000000000e+00
4.339999999999999858e+00 5.660000000000000142e+00 4.360000000000000320e+00 -1.000000000000000000e+00 5.730000000000000426e+00 -1.000000000000000000e+00 9.900000000000000355e+00 -1.000000000000000000e+00 -1.000000000000000000e+00 -1.000000000000000000e+00
4.339999999999999858e+00 5.750000000000000000e+00 4.320000000000000284e+00 -1.000000000000000000e+00 5.820000000000000284e+00 -1.000000000000000000e+00 9.880000000000000782e+00 -1.000000000000000000e+00 -1.000000000000000000e+00 -1.000000000000000000e+00
4.349999999999999645e+00 5.730000000000000426e+00 4.309999999999999609e+00 -1.000000000000000000e+00 5.769999999999999574e+00 -1.000000000000000000e+00 9.949999999999999289e+00 -1.000000000000000000e+00 -1.000000000000000000e+00 -1.000000000000000000e+00
4.349999999999999645e+00 5.730000000000000426e+00 4.360000000000000320e+00 -1.000000000000000000e+00 5.839999999999999858e+00 -1.000000000000000000e+00 9.910000000000000142e+00 -1.000000000000000000e+00 -1.000000000000000000e+00 -1.000000000000000000e+00
4.290000000000000036e+00 5.780000000000000249e+00 4.320000000000000284e+00 -1.000000000000000000e+00 5.820000000000000284e+00 -1.000000000000000000e+00 9.849999999999999645e+00 -1.000000000000000000e+00 -1.000000000000000000e+00 -1.000000000000000000e+00
4.370000000000000107e+00 5.650000000000000355e+00 4.330000000000000071e+00 -1.000000000000000000e+00 5.799999999999999822e+00 -1.000000000000000000e+00 9.859999999999999432e+00 -1.000000000000000000e+00 -1.000000000000000000e+00 -1.000000000000000000e+00
4.410000000000000142e+00 5.719999999999999751e+00 4.309999999999999609e+00 -1.000000000000000000e+00 5.790000000000000036e+00 -1.000000000000000000e+00 9.939999999999999503e+00 -1.000000000000000000e+00 -1.000000000000000000e+00 -1.000000000000000000e+00
4.309999999999999609e+00 5.690000000000000391e+00 4.330000000000000071e+00 -1.000000000000000000e+00 5.820000000000000284e+00 -1.000000000000000000e+00 9.890000000000000568e+00 -1.000000000000000000e+00 -1.000000000000000000e+00 -1.000000000000000000e+00
4.219999999999999751e+00 5.660000000000000142e+00 4.379999999999999893e+00 -1.000000000000000000e+00 5.709999999999999964e+00 -1.000000000000000000e+00 9.869999999999999218e+00 -1.000000000000000000e+00 -1.000000000000000000e+00 -1.000000000000000000e+00
4.370000000000000107e+00 5.660000000000000142e+00 4.299999999999999822e+00 -1.000000000000000000e+00 5.830000000000000071e+00 -1.000000000000000000e+00 9.849999999999999645e+00 -1.000000000000000000e+00 -1.000000000000000000e+00 -1.000000000000000000e+00
4.370000000000000107e+00 5.679999999999999716e+00 4.339999999999999858e+00 -1.000000000000000000e+00 5.809999999999999609e+00 -1.000000000000000000e+00 9.859999999999999432e+00 -1.000000000000000000e+00 -1.000000000000000000e+00 -1.000000000000000000e+00
4.339999999999999858e+00 5.650000000000000355e+00 4.290000000000000036e+00 -1.000000000000000000e+00 5.849999999999999645e+00 -1.000000000000000000e+00 9.890000000000000568e+00 -1.000000000000000000e+00 -1.000000000000000000e+00 -1.000000000000000000e+00
4.410000000000000142e+00 5.620000000000000107e+00 4.370000000000000107e+00 -1.000000000000000000e+00 5.830000000000000071e+00 -1.000000000000000000e+00 9.849999999999999645e+00 -1.000000000000000000e+00 -1.000000000000000000e+00 -1.000000000000000000e+00
4.330000000000000071e+00 5.650000000000000355e+00 4.339999999999999858e+00 -1.000000000000000000e+00 5.759999999999999787e+00 -1.000000000000000000e+00 9.849999999999999645e+00 -1.000000000000000000e+00 -1.000000000000000000e+00 -1.000000000000000000e+00
4.360000000000000320e+00 5.679999999999999716e+00 4.349999999999999645e+00 -1.000000000000000000e+00 5.809999999999999609e+00 -1.000000000000000000e+00 9.859999999999999432e+00 -1.000000000000000000e+00 -1.000000000000000000e+00 -1.000000000000000000e+00
4.339999999999999858e+00 5.639999999999999680e+00 4.330000000000000071e+00 -1.000000000000000000e+00 5.790000000000000036e+00 -1.000000000000000000e+00 9.880000000000000782e+00 -1.000000000000000000e+00 -1.000000000000000000e+00 -1.000000000000000000e+00
4.269999999999999574e+00 5.700000000000000178e+00 4.339999999999999858e+00 -1.000000000000000000e+00 5.780000000000000249e+00 -1.000000000000000000e+00 9.869999999999999218e+00 -1.000000000000000000e+00 -1.000000000000000000e+00 -1.000000000000000000e+00
4.389999999999999680e+00 5.639999999999999680e+00 4.349999999999999645e+00 -1.000000000000000000e+00 5.730000000000000426e+00 -1.000000000000000000e+00 9.900000000000000355e+00 -1.000000000000000000e+00 -1.000000000000000000e+00 -1.000000000000000000e+00
4.370000000000000107e+00 5.620000000000000107e+00 4.339999999999999858e+00 -1.000000000000000000e+00 5.820000000000000284e+00 -1.000000000000000000e+00 9.859999999999999432e+00 -1.000000000000000000e+00 -1.000000000000000000e+00 -1.000000000000000000e+00
4.280000000000000249e+00 5.620000000000000107e+00 4.299999999999999822e+00 -1.000000000000000000e+00 5.740000000000000213e+00 -1.000000000000000000e+00 9.900000000000000355e+00 -1.000000000000000000e+00 -1.000000000000000000e+00 -1.000000000000000000e+00
4.360000000000000320e+00 5.669999999999999929e+00 4.349999999999999645e+00 -1.000000000000000000e+00 5.820000000000000284e+00 -1.000000000000000000e+00 9.789999999999999147e+00 -1.000000000000000000e+00 -1.000000000000000000e+00 -1.000000000000000000e+00
4.360000000000000320e+00 5.679999999999999716e+00 4.330000000000000071e+00 -1.000000000000000000e+00 5.740000000000000213e+00 -1.000000000000000000e+00 9.900000000000000355e+00 -1.000000000000000000e+00 -1.000000000000000000e+00 -1.000000000000000000e+00
4.360000000000000320e+00 5.639999999999999680e+00 4.410000000000000142e+00 -1.000000000000000000e+00 5.799999999999999822e+00 -1.000000000000000000e+00 9.919999999999999929e+00 -1.000000000000000000e+00 -1.000000000000000000e+00 -1.000000000000000000e+00
4.400000000000000355e+00 5.629999999999999893e+00 4.330000000000000071e+00 -1.000000000000000000e+00 5.780000000000000249e+00 -1.000000000000000000e+00 9.869999999999999218e+00 -1.000000000000000000e+00 -1.000000000000000000e+00 -1.000000000000000000e+00
4.389999999999999680e+00 5.690000000000000391e+00 4.339999999999999858e+00 -1.000000000000000000e+00 5.820000000000000284e+00 -1.000000000000000000e+00 9.890000000000000568e+00 -1.000000000000000000e+00 -1.000000000000000000e+00 -1.000000000000000000e+00
4.419999999999999929e+00 5.690000000000000391e+00 4.360000000000000320e+00 -1.000000000000000000e+00 5.830000000000000071e+00 -1.000000000000000000e+00 9.880000000000000782e+00 -1.000000000000000000e+00 -1.000000000000000000e+00 -1.000000000000000000e+00
4.370000000000000107e+00 5.679999999999999716e+00 4.339999999999999858e+00 -1.000000000000000000e+00 5.759999999999999787e+00 -1.000000000000000000e+00 9.830000000000000071e+00 -1.000000000000000000e+00 -1.000000000000000000e+00 -1.000000000000000000e+00
4.360000000000000320e+00 5.750000000000000000e+00 4.320000000000000284e+00 -1.000000000000000000e+00 5.809999999999999609e+00 -1.000000000000000000e+00 9.880000000000000782e+00 -1.000000000000000000e+00 -1.000000000000000000e+00 -1.000000000000000000e+00
4.320000000000000284e+00 5.690000000000000391e+00 4.330000000000000071e+00 -1.000000000000000000e+00 5.750000000000000000e+00 -1.000000000000000000e+00 9.880000000000000782e+00 -1.000000000000000000e+00 -1.000000000000000000e+00 -1.000000000000000000e+00
4.339999999999999858e+00 5.740000000000000213e+00 4.349999999999999645e+00 -1.000000000000000000e+00 5.769999999999999574e+00 -1.000000000000000000e+00 9.910000000000000142e+00 -1.000000000000000000e+00 -1.000000000000000000e+00 -1.000000000000000000e+00
4.349999999999999645e+00 5.650000000000000355e+00 4.349999999999999645e+00 -1.000000000000000000e+00 5.759999999999999787e+00 -1.000000000000000000e+00 9.830000000000000071e+00 -1.000000000000000000e+00 -1.000000000000000000e+00 -1.000000000000000000e+00
4.379999999999999893e+00 5.709999999999999964e+00 4.299999999999999822e+00 -1.000000000000000000e+00 5.759999999999999787e+00 -1.000000000000000000e+00 9.890000000000000568e+00 -1.000000000000000000e+00 -1.000000000000000000e+00 -1.000000000000000000e+00
4.370000000000000107e+00 5.690000000000000391e+00 4.349999999999999645e+00 -1.000000000000000000e+00 5.730000000000000426e+00 -1.000000000000000000e+00 9.939999999999999503e+00 -1.000000000000000000e+00 -1.000000000000000000e+00 -1.000000000000000000e+00
