-1.000000000000000000e+00 -1.000000000000000000e+00 -1.000000000000000000e+00 -1.000000000000000000e+00 -1.000000000000000000e+00 -1.000000000000000000e+00 -1.000000000000000000e+00 -1.000000000000000000e+00 -1.000000000000000000e+00 -1.000000000000000000e+00
-1.000000000000000000e+00 5.049999999999999822e+00 -1.000000000000000000e+00 -1.000000000000000000e+00 -1.000000000000000000e+00 5.290000000000000036e+00 8.890000000000000568e+00 -1.000000000000000000e+00 -1.000000000000000000e+00 6.910000000000000142e+00
-1.000000000000000000e+00 5.000000000000000000e+00 -1.000000000000000000e+00 -1.000000000000000000e+00 -1.000000000000000000e+00 5.349999999999999645e+00 8.830000000000000071e+00 -1.000000000000000000e+00 1.039000000000000057e+01 6.959999999999999964e+00
-1.000000000000000000e+00 5.070000000000000284e+00 -1.000000000000000000e+00 -1.000000000000000000e+00 -1.000000000000000000e+00 5.309999999999999609e+00 -1.000000000000000000e+00 -1.000000000000000000e+00 1.033000000000000007e+01 6.980000000000000426e+00
-1.000000000000000000e+00 5.049999999999999822e+00 -1.000000000000000000e+00 -1.000000000000000000e+00 -1.000000000000000000e+00 5.339999999999999858e+00 8.750000000000000000e+00 -1.000000000000000000e+00 -1.000000000000000000e+00 6.959999999999999964e+00
-1.000000000000000000e+00 5.000000000000000000e+00 -1.000000000000000000e+00 -1.000000000000000000e+00 -1.000000000000000000e+00 5.379999999999999893e+00 8.779999999999999361e+00 -1.000000000000000000e+00 1.027999999999999936e+01 6.950000000000000178e+00
-1.000000000000000000e+00 5.099999999999999645e+00 -1.000000000000000000e+00 -1.000000000000000000e+00 -1.000000000000000000e+00 5.290000000000000036e+00 8.869999999999999218e+00 -1.000000000000000000e+00 1.027999999999999936e+01 6.959999999999999964e+00
-1.000000000000000000e+00 5.040000000000000036e+00 -1.000000000000000000e+00 -1.000000000000000000e+00 -1.000000000000000000e+00 5.339999999999999858e+00 8.740000000000000213e+00 -1.000000000000000000e+00 -1.000000000000000000e+00 6.950000000000000178e+00
-1.000000000000000000e+00 5.049999999999999822e+00 -1.000000000000000000e+00 -1.000000000000000000e+00 -1.000000000000000000e+00 5.339999999999999858e+00 -1.000000000000000000e+00 -1.000000000000000000e+00 1.038000000000000078e+01 6.889999999999999680e+00
-1.000000000000000000e+00 5.000000000000000000e+00 -1.000000000000000000e+00 -1.000000000000000000e+00 -1.000000000000000000e+00 5.330000000000000071e+00 -1.000000000000000000e+00 -1.000000000000000000e+00 -1.000000000000000000e+00 6.959999999999999964e+00
-1.000000000000000000e+00 5.049999999999999822e+00 -1.000000000000000000e+00 -1.000000000000000000e+00 -1.000000000000000000e+00 5.280000000000000249e+00 8.730000000000000426e+00 -1.000000000000000000e+00 -1.000000000000000000e+00 7.000000000000000000e+00
-1.000000000000000000e+00 5.049999999999999822e+00 -1.000000000000000000e+00 -1.000000000000000000e+00 -1.000000000000000000e+00 5.309999999999999609e+00 -1.000000000000000000e+00 -1.000000000000000000e+00 1.038000000000000078e+01 6.990000000000000213e+00
-1.000000000000000000e+00 5.080000000000000071e+00 -1.000000000000000000e+00 -1.000000000000000000e+00 -1.000000000000000000e+00 5.379999999999999893e+00 8.810000000000000497e+00 -1.000000000000000000e+00 -1.000000000000000000e+00 6.969999999999999751e+00
-1.000000000000000000e+00 5.049999999999999822e+00 -1.000000000000000000e+00 -1.000000000000000000e+00 -1.000000000000000000e+00 5.379999999999999893e+00 -1.000000000000000000e+00 -1.000000000000000000e+00 -1.000000000000000000e+00 6.950000000000000178e+00
-1.000000000000000000e+00 5.049999999999999822e+00 -1.000000000000000000e+00 -1.000000000000000000e+00 -1.000000000000000000e+00 5.339999999999999858e+00 8.810000000000000497e+00 -1.000000000000000000e+00 1.025999999999999979e+01 6.940000000000000391e+00
-1.000000000000000000e+00 5.000000000000000000e+00 -1.000000000000000000e+00 -1.000000000000000000e+00 -1.000000000000000000e+00 5.320000000000000284e+00 8.820000000000000284e+00 -1.000000000000000000e+00 1.033999999999999986e+01 6.959999999999999964e+00
-1.000000000000000000e+00 5.059999999999999609e+00 -1.000000000000000000e+00 -1.000000000000000000e+00 -1.000000000000000000e+00 5.339999999999999858e+00 8.789999999999999147e+00 -1.000000000000000000e+00 -1.000000000000000000e+00 6.910000000000000142e+00
-1.000000000000000000e+00 5.019999999999999574e+00 -1.000000000000000000e+00 -1.000000000000000000e+00 -1.000000000000000000e+00 5.389999999999999680e+00 -1.000000000000000000e+00 -1.000000000000000000e+00 -1.000000000000000000e+00 6.980000000000000426e+00
-1.000000000000000000e+00 4.990000000000000213e+00 -1.000000000000000000e+00 -1.000000000000000000e+00 -1.000000000000000000e+00 5.309999999999999609e+00 8.900000000000000355e+00 -1.000000000000000000e+00 -1.000000000000000000e+00 6.919999999999999929e+00
-1.000000000000000000e+00 5.030000000000000249e+00 -1.000000000000000000e+00 -1.000000000000000000e+00 1.025000000000000000e+01 5.269999999999999574e+00 8.859999999999999432e+00 -1.000000000000000000e+00 -1.000000000000000000e+00 6.910000000000000142e+00
-1.000000000000000000e+00 5.080000000000000071e+00 -1.000000000000000000e+00 -1.000000000000000000e+00 1.017999999999999972e+01 5.290000000000000036e+00 8.820000000000000284e+00 -1.000000000000000000e+00 -1.000000000000000000e+00 6.950000000000000178e+00
-1.000000000000000000e+00 5.019999999999999574e+00 -1.000000000000000000e+00 -1.000000000000000000e+00 -1.000000000000000000e+00 5.309999999999999609e+00 8.750000000000000000e+00 -1.000000000000000000e+00 -1.000000000000000000e+00 6.919999999999999929e+00
-1.000000000000000000e+00 5.000000000000000000e+00 -1.000000000000000000e+00 -1.000000000000000000e+00 -1.000000000000000000e+00 5.330000000000000071e+00 8.820000000000000284e+00 -1.000000000000000000e+00 1.038000000000000078e+01 6.919999999999999929e+00
-1.000000000000000000e+00 5.030000000000000249e+00 -1.000000000000000000e+00 -1.000000000000000000e+00 -1.000000000000000000e+00 5.370000000000000107e+00 -1.000000000000000000e+00 -1.000000000000000000e+00 1.038000000000000078e+01 6.950000000000000178e+00
-1.000000000000000000e+00 5.019999999999999574e+00 -1.000000000000000000e+00 -1.000000000000000000e+00 -1.000000000000000000e+00 5.370000000000000107e+00 8.720000000000000639e+00 -1.000000000000000000e+00 -1.000000000000000000e+00 6.959999999999999964e+00
-1.000000000000000000e+00 5.040000000000000036e+00 -1.000000000000000000e+00 -1.000000000000000000e+00 -1.000000000000000000e+00 5.379999999999999893e+00 8.830000000000000071e+00 -1.000000000000000000e+00 -1.000000000000000000e+00 6.980000000000000426e+00
-1.000000000000000000e+00 5.030000000000000249e+00 -1.000000000000000000e+00 -1.000000000000000000e+00 2.814000000000000057e+01 5.259999999999999787e+00 8.779999999999999361e+00 -1.000000000000000000e+00 1.033000000000000007e+01 6.929999999999999716e+00
-1.000000000000000000e+00 5.019999999999999574e+00 -1.000000000000000000e+00 -1.000000000000000000e+00 1.024000000000000021e+01 5.360000000000000320e+00 8.730000000000000426e+00 -1.000000000000000000e+00 -1.000000000000000000e+00 6.990000000000000213e+00
-1.000000000000000000e+00 5.040000000000000036e+00 -1.000000000000000000e+00 -1.000000000000000000e+00 1.017999999999999972e+01 5.330000000000000071e+00 8.830000000000000071e+00 -1.000000000000000000e+00 -1.000000000000000000e+00 6.919999999999999929e+00
-1.000000000000000000e+00 5.009999999999999787e+00 -1.000000000000000000e+00 -1.000000000000000000e+00 -1.000000000000000000e+00 5.370000000000000107e+00 8.820000000000000284e+00 -1.000000000000000000e+00 -1.000000000000000000e+00 6.969999999999999751e+00
-1.000000000000000000e+00 5.049999999999999822e+00 -1.000000000000000000e+00 -1.000000000000000000e+00 -1.000000000000000000e+00 5.379999999999999893e+00 8.890000000000000568e+00 -1.000000000000000000e+00 -1.000000000000000000e+00 6.900000000000000355e+00
-1.000000000000000000e+00 5.040000000000000036e+00 -1.000000000000000000e+00 -1.000000000000000000e+00 -1.000000000000000000e+00 5.259999999999999787e+00 8.810000000000000497e+00 -1.000000000000000000e+00 -1.000000000000000000e+00 6.900000000000000355e+00
-1.000000000000000000e+00 5.009999999999999787e+00 -1.000000000000000000e+00 -1.000000000000000000e+00 -1.000000000000000000e+00 5.320000000000000284e+00 8.880000000000000782e+00 -1.000000000000000000e+00 -1.000000000000000000e+00 6.940000000000000391e+00
-1.000000000000000000e+00 5.009999999999999787e+00 -1.000000000000000000e+00 -1.000000000000000000e+00 1.016999999999999993e+01 5.349999999999999645e+00 8.869999999999999218e+00 -1.000000000000000000e+00 -1.000000000000000000e+00 6.910000000000000142e+00
-1.000000000000000000e+00 5.000000000000000000e+00 -1.000000000000000000e+00 -1.000000000000000000e+00 1.914999999999999858e+01 5.339999999999999858e+00 8.789999999999999147e+00 -1.000000000000000000e+00 -1.000000000000000000e+00 6.919999999999999929e+00
-1.000000000000000000e+00 4.980000000000000426e+00 -1.000000000000000000e+00 -1.000000000000000000e+00 -1.000000000000000000e+00 5.290000000000000036e+00 8.789999999999999147e+00 -1.000000000000000000e+00 -1.000000000000000000e+00 6.980000000000000426e+00
-1.000000000000000000e+00 5.009999999999999787e+00 -1.000000000000000000e+00 -1.000000000000000000e+00 1.101999999999999957e+01 5.330000000000000071e+00 8.750000000000000000e+00 -1.000000000000000000e+00 -1.000000000000000000e+00 6.950000000000000178e+00
-1.000000000000000000e+00 5.000000000000000000e+00 -1.000000000000000000e+00 -1.000000000000000000e+00 1.919999999999999929e+01 5.330000000000000071e+00 8.789999999999999147e+00 -1.000000000000000000e+00 1.034999999999999964e+01 6.980000000000000426e+00
-1.000000000000000000e+00 5.049999999999999822e+00 -1.000000000000000000e+00 -1.000000000000000000e+00 1.100000000000000000e+01 5.419999999999999929e+00 8.759999999999999787e+00 -1.000000000000000000e+00 -1.000000000000000000e+00 6.910000000000000142e+00
-1.000000000000000000e+00 5.040000000000000036e+00 -1.000000000000000000e+00 -1.000000000000000000e+00 -1.000000000000000000e+00 5.309999999999999609e+00 8.750000000000000000e+00 -1.000000000000000000e+00 -1.000000000000000000e+00 6.950000000000000178e+00
-1.000000000000000000e+00 4.969999999999999751e+00 -1.000000000000000000e+00 -1.000000000000000000e+00 1.018999999999999950e+01 5.339999999999999858e+00 8.730000000000000426e+00 -1.000000000000000000e+00 1.041999999999999993e+01 6.900000000000000355e+00
-1.000000000000000000e+00 5.009999999999999787e+00 -1.000000000000000000e+00 -1.000000000000000000e+00 1.026999999999999957e+01 5.339999999999999858e+00 8.779999999999999361e+00 -1.000000000000000000e+00 -1.000000000000000000e+00 6.959999999999999964e+00
-1.000000000000000000e+00 5.040000000000000036e+00 -1.000000000000000000e+00 -1.000000000000000000e+00 -1.000000000000000000e+00 5.330000000000000071e+00 8.849999999999999645e+00 -1.000000000000000000e+00 -1.000000000000000000e+00 6.959999999999999964e+00
-1.000000000000000000e+00 5.009999999999999787e+00 -1.000000000000000000e+00 -1.000000000000000000e+00 1.161999999999999922e+01 5.290000000000000036e+00 8.810000000000000497e+00 -1.000000000000000000e+00 1.033999999999999986e+01 6.969999999999999751e+00
-1.000000000000000000e+00 4.990000000000000213e+00 -1.000000000000000000e+00 -1.000000000000000000e+00 -1.000000000000000000e+00 5.320000000000000284e+00 8.720000000000000639e+00 -1.000000000000000000e+00 -1.000000000000000000e+00 6.900000000000000355e+00
-1.000000000000000000e+00 5.030000000000000249e+00 -1.000000000000000000e+00 -1.000000000000000000e+00 1.153999999999999915e+01 5.339999999999999858e+00 8.800000000000000711e+00 -1.000000000000000000e+00 -1.000000000000000000e+00 6.929999999999999716e+00
-1.000000000000000000e+00 5.009999999999999787e+00 -1.000000000000000000e+00 -1.000000000000000000e+00 1.010999999999999943e+01 5.389999999999999680e+00 8.800000000000000711e+00 -1.000000000000000000e+00 1.043999999999999950e+01 7.000000000000000000e+00
-1.000000000000000000e+00 4.980000000000000426e+00 -1.000000000000000000e+00 -1.000000000000000000e+00 1.016999999999999993e+01 5.330000000000000071e+00 8.810000000000000497e+00 -1.000000000000000000e+00 -1.000000000000000000e+00 6.929999999999999716e+00
-1.000000000000000000e+00 5.049999999999999822e+00 -1.000000000000000000e+00 -1.000000000000000000e+00 -1.000000000000000000e+00 5.339999999999999858e+00 8.820000000000000284e+00 -1.000000000000000000e+00 1.039000000000000057e+01 6.950000000000000178e+00
-1.000000000000000000e+00 5.009999999999999787e+00 -1.000000000000000000e+00 -1.000000000000000000e+00 1.174000000000000021e+01 5.280000000000000249e+00 8.800000000000000711e+00 -1.000000000000000000e+00 -1.000000000000000000e+00 6.910000000000000142e+00
-1.000000000000000000e+00 5.030000000000000249e+00 -1.000000000000000000e+00 -1.000000000000000000e+00 1.165000000000000036e+01 5.299999999999999822e+00 8.750000000000000000e+00 -1.000000000000000000e+00 -1.000000000000000000e+00 6.940000000000000391e+00
-1.000000000000000000e+00 5.030000000000000249e+00 -1.000000000000000000e+00 -1.000000000000000000e+00 -1.000000000000000000e+00 5.330000000000000071e+00 8.859999999999999432e+00 -1.000000000000000000e+00 -1.000000000000000000e+00 6.900000000000000355e+00
-1.000000000000000000e+00 5.030000000000000249e+00 -1.000000000000000000e+00 -1.000000000000000000e+00 -1.000000000000000000e+00 5.330000000000000071e+00 8.810000000000000497e+00 -1.000000000000000000e+00 -1.000000000000000000e+00 6.940000000000000391e+00
-1.000000000000000000e+00 4.990000000000000213e+00 -1.000000000000000000e+00 -1.000000000000000000e+00 1.100999999999999979e+01 5.349999999999999645e+00 8.859999999999999432e+00 -1.000000000000000000e+00 -1.000000000000000000e+00 6.900000000000000355e+00
-1.000000000000000000e+00 5.049999999999999822e+00 -1.000000000000000000e+00 -1.000000000000000000e+00 1.025000000000000000e+01 5.339999999999999858e+00 8.839999999999999858e+00 -1.000000000000000000e+00 -1.000000000000000000e+00 6.959999999999999964e+00
-1.000000000000000000e+00 5.040000000000000036e+00 -1.000000000000000000e+00 -1.000000000000000000e+00 -1.000000000000000000e+00 5.309999999999999609e+00 -1.000000000000000000e+00 -1.000000000000000000e+00 1.033999999999999986e+01 6.940000000000000391e+00
-1.000000000000000000e+00 5.030000000000000249e+00 -1.000000000000000000e+00 -1.000000000000000000e+00 -1.000000000000000000e+00 5.370000000000000107e+00 8.789999999999999147e+00 -1.000000000000000000e+00 -1.000000000000000000e+00 6.959999999999999964e+00
-1.000000000000000000e+00 5.019999999999999574e+00 -1.000000000000000000e+00 -1.000000000000000000e+00 1.094999999999999929e+01 5.349999999999999645e+00 8.820000000000000284e+00 -1.000000000000000000e+00 1.041000000000000014e+01 6.980000000000000426e+00
-1.000000000000000000e+00 5.009999999999999787e+00 -1.000000000000000000e+00 -1.000000000000000000e+00 1.091999999999999993e+01 5.320000000000000284e+00 8.849999999999999645e+00 -1.000000000000000000e+00 1.032000000000000028e+01 6.990000000000000213e+00
-1.000000000000000000e+00 5.080000000000000071e+00 -1.000000000000000000e+00 -1.000000000000000000e+00 1.016999999999999993e+01 5.370000000000000107e+00 8.769999999999999574e+00 -1.000000000000000000e+00 -1.000000000000000000e+00 6.990000000000000213e+00
-1.000000000000000000e+00 5.089999999999999858e+00 -1.000000000000000000e+00 -1.000000000000000000e+00 -1.000000000000000000e+00 5.379999999999999893e+00 8.789999999999999147e+00 -1.000000000000000000e+00 1.034999999999999964e+01 6.940000000000000391e+00
-1.000000000000000000e+00 5.009999999999999787e+00 -1.000000000000000000e+00 -1.000000000000000000e+00 1.098000000000000043e+01 5.330000000000000071e+00 8.779999999999999361e+00 -1.000000000000000000e+00 1.031000000000000050e+01 6.910000000000000142e+00
-1.000000000000000000e+00 5.059999999999999609e+00 -1.000000000000000000e+00 -1.000000000000000000e+00 1.101999999999999957e+01 5.360000000000000320e+00 8.830000000000000071e+00 -1.000000000000000000e+00 -1.000000000000000000e+00 6.980000000000000426e+00
-1.000000000000000000e+00 5.049999999999999822e+00 -1.000000000000000000e+00 -1.000000000000000000e+00 1.108000000000000007e+01 5.339999999999999858e+00 8.759999999999999787e+00 -1.000000000000000000e+00 -1.000000000000000000e+00 6.959999999999999964e+00
-1.000000000000000000e+00 5.030000000000000249e+00 -1.000000000000000000e+00 -1.000000000000000000e+00 1.100000000000000000e+01 5.330000000000000071e+00 8.789999999999999147e+00 -1.000000000000000000e+00 1.040000000000000036e+01 6.980000000000000426e+00
-1.000000000000000000e+00 5.009999999999999787e+00 -1.000000000000000000e+00 -1.000000000000000000e+00 -1.000000000000000000e+00 5.339999999999999858e+00 8.820000000000000284e+00 -1.000000000000000000e+00 1.030000000000000071e+01 6.940000000000000391e+00
-1.000000000000000000e+00 5.040000000000000036e+00 -1.000000000000000000e+00 -1.000000000000000000e+00 1.100999999999999979e+01 5.280000000000000249e+00 8.820000000000000284e+00 -1.000000000000000000e+00 -1.000000000000000000e+00 6.929999999999999716e+00
-1.000000000000000000e+00 5.009999999999999787e+00 -1.000000000000000000e+00 -1.000000000000000000e+00 1.081000000000000050e+01 5.290000000000000036e+00 8.859999999999999432e+00 -1.000000000000000000e+00 -1.000000000000000000e+00 6.910000000000000142e+00
-1.000000000000000000e+00 4.990000000000000213e+00 -1.000000000000000000e+00 -1.000000000000000000e+00 1.022000000000000064e+01 5.290000000000000036e+00 8.810000000000000497e+00 -1.000000000000000000e+00 1.038000000000000078e+01 6.879999999999999893e+00
-1.000000000000000000e+00 5.070000000000000284e+00 -1.000000000000000000e+00 -1.000000000000000000e+00 1.994000000000000128e+01 5.339999999999999858e+00 8.779999999999999361e+00 -1.000000000000000000e+00 -1.000000000000000000e+00 6.919999999999999929e+00
-1.000000000000000000e+00 5.099999999999999645e+00 -1.000000000000000000e+00 -1.000000000000000000e+00 -1.000000000000000000e+00 5.339999999999999858e+00 8.849999999999999645e+00 -1.000000000000000000e+00 -1.000000000000000000e+00 6.929999999999999716e+00
-1.000000000000000000e+00 5.019999999999999574e+00 -1.000000000000000000e+00 -1.000000000000000000e+00 -1.000000000000000000e+00 5.349999999999999645e+00 8.869999999999999218e+00 -1.000000000000000000e+00 -1.000000000000000000e+00 6.900000000000000355e+00
-1.000000000000000000e+00 5.009999999999999787e+00 -1.000000000000000000e+00 -1.000000000000000000e+00 -1.000000000000000000e+00 5.389999999999999680e+00 8.759999999999999787e+00 -1.000000000000000000e+00 -1.000000000000000000e+00 6.969999999999999751e+00
-1.000000000000000000e+00 4.980000000000000426e+00 -1.000000000000000000e+00 -1.000000000000000000e+00 -1.000000000000000000e+00 5.370000000000000107e+00 8.800000000000000711e+00 -1.000000000000000000e+00 -1.000000000000000000e+00 6.959999999999999964e+00
-1.000000000000000000e+00 4.980000000000000426e+00 -1.000000000000000000e+00 -1.000000000000000000e+00 1.152999999999999936e+01 5.330000000000000071e+00 8.830000000000000071e+00 -1.000000000000000000e+00 -1.000000000000000000e+00 6.929999999999999716e+00
-1.000000000000000000e+00 5.070000000000000284e+00 -1.000000000000000000e+00 -1.000000000000000000e+00 -1.000000000000000000e+00 5.360000000000000320e+00 8.820000000000000284e+00 -1.000000000000000000e+00 1.026999999999999957e+01 6.929999999999999716e+00
-1.000000000000000000e+00 5.049999999999999822e+00 -1.000000000000000000e+00 -1.000000000000000000e+00 -1.000000000000000000e+00 5.330000000000000071e+00 -1.000000000000000000e+00 -1.000000000000000000e+00 -1.000000000000000000e+00 6.980000000000000426e+00
-1.000000000000000000e+00 4.980000000000000426e+00 -1.000000000000000000e+00 -1.000000000000000000e+00 1.096000000000000085e+01 5.299999999999999822e+00 -1.000000000000000000e+00 -1.000000000000000000e+00 1.026999999999999957e+01 6.969999999999999751e+00
-1.000000000000000000e+00 4.969999999999999751e+00 -1.000000000000000000e+00 -1.000000000000000000e+00 1.098000000000000043e+01 5.330000000000000071e+00 8.769999999999999574e+00 -1.000000000000000000e+00 1.033000000000000007e+01 6.940000000000000391e+00
-1.000000000000000000e+00 5.030000000000000249e+00 -1.000000000000000000e+00 -1.000000000000000000e+00 -1.000000000000000000e+00 5.339999999999999858e+00 8.849999999999999645e+00 -1.000000000000000000e+00 1.031000000000000050e+01 6.980000000000000426e+00
-1.000000000000000000e+00 5.030000000000000249e+00 -1.000000000000000000e+00 -1.000000000000000000e+00 1.016000000000000014e+01 5.320000000000000284e+00 8.750000000000000000e+00 -1.000000000000000000e+00 1.033000000000000007e+01 6.940000000000000391e+00
-1.000000000000000000e+00 4.990000000000000213e+00 -1.000000000000000000e+00 -1.000000000000000000e+00 -1.000000000000000000e+00 5.320000000000000284e+00 8.750000000000000000e+00 -1.000000000000000000e+00 1.027999999999999936e+01 6.969999999999999751e+00
-1.000000000000000000e+00 5.040000000000000036e+00 -1.000000000000000000e+00 -1.000000000000000000e+00 1.100999999999999979e+01 5.360000000000000320e+00 8.740000000000000213e+00 -1.000000000000000000e+00 1.050999999999999979e+01 6.950000000000000178e+00
-1.000000000000000000e+00 5.009999999999999787e+00 -1.000000000000000000e+00 -1.000000000000000000e+00 -1.000000000000000000e+00 5.280000000000000249e+00 8.820000000000000284e+00 -1.000000000000000000e+00 -1.000000000000000000e+00 6.919999999999999929e+00
-1.000000000000000000e+00 5.000000000000000000e+00 -1.000000000000000000e+00 -1.000000000000000000e+00 1.016999999999999993e+01 5.419999999999999929e+00 8.779999999999999361e+00 -1.000000000000000000e+00 -1.000000000000000000e+00 6.929999999999999716e+00
-1.000000000000000000e+00 5.030000000000000249e+00 -1.000000000000000000e+00 -1.000000000000000000e+00 1.196000000000000085e+01 5.339999999999999858e+00 8.769999999999999574e+00 -1.000000000000000000e+00 -1.000000000000000000e+00 6.910000000000000142e+00
-1.000000000000000000e+00 5.030000000000000249e+00 -1.000000000000000000e+00 -1.000000000000000000e+00 1.102999999999999936e+01 5.320000000000000284e+00 8.779999999999999361e+00 -1.000000000000000000e+00 1.035999999999999943e+01 6.879999999999999893e+00
-1.000000000000000000e+00 5.030000000000000249e+00 -1.000000000000000000e+00 -1.000000000000000000e+00 -1.000000000000000000e+00 5.360000000000000320e+00 8.779999999999999361e+00 -1.000000000000000000e+00 -1.000000000000000000e+00 6.940000000000000391e+00
-1.000000000000000000e+00 5.030000000000000249e+00 -1.000000000000000000e+00 -1.000000000000000000e+00 1.022000000000000064e+01 5.339999999999999858e+00 8.859999999999999432e+00 -1.000000000000000000e+00 -1.000000000000000000e+00 6.940000000000000391e+00
-1.000000000000000000e+00 5.030000000000000249e+00 -1.000000000000000000e+00 -1.000000000000000000e+00 1.115000000000000036e+01 5.299999999999999822e+00 8.830000000000000071e+00 -1.000000000000000000e+00 -1.000000000000000000e+00 6.900000000000000355e+00
-1.000000000000000000e+00 4.990000000000000213e+00 -1.000000000000000000e+00 -1.000000000000000000e+00 1.181000000000000050e+01 5.330000000000000071e+00 8.810000000000000497e+00 -1.000000000000000000e+00 -1.000000000000000000e+00 6.959999999999999964e+00
-1.000000000000000000e+00 5.040000000000000036e+00 -1.000000000000000000e+00 -1.000000000000000000e+00 1.928999999999999915e+01 5.349999999999999645e+00 8.810000000000000497e+00 -1.000000000000000000e+00 -1.000000000000000000e+00 7.019999999999999574e+00
-1.000000000000000000e+00 5.080000000000000071e+00 -1.000000000000000000e+00 -1.000000000000000000e+00 1.100999999999999979e+01 5.339999999999999858e+00 8.859999999999999432e+00 -1.000000000000000000e+00 -1.000000000000000000e+00 7.000000000000000000e+00
-1.000000000000000000e+00 5.019999999999999574e+00 -1.000000000000000000e+00 -1.000000000000000000e+00 -1.000000000000000000e+00 5.360000000000000320e+00 8.839999999999999858e+00 -1.000000000000000000e+00 1.028999999999999915e+01 6.889999999999999680e+00
-1.000000000000000000e+00 5.040000000000000036e+00 -1.000000000000000000e+00 -1.000000000000000000e+00 1.016999999999999993e+01 5.299999999999999822e+00 8.820000000000000284e+00 -1.000000000000000000e+00 1.034999999999999964e+01 6.950000000000000178e+00
-1.000000000000000000e+00 5.030000000000000249e+00 -1.000000000000000000e+00 -1.000000000000000000e+00 1.023000000000000043e+01 5.349999999999999645e+00 8.720000000000000639e+00 -1.000000000000000000e+00 -1.000000000000000000e+00 6.950000000000000178e+00
-1.000000000000000000e+00 5.070000000000000284e+00 -1.000000000000000000e+00 -1.000000000000000000e+00 1.016999999999999993e+01 5.339999999999999858e+00 8.910000000000000142e+00 -1.000000000000000000e+00 -1.000000000000000000e+00 6.940000000000000391e+00
-1.000000000000000000e+00 4.990000000000000213e+00 -1.000000000000000000e+00 -1.000000000000000000e+00 -1.000000000000000000e+00 5.339999999999999858e+00 8.779999999999999361e+00 -1.000000000000000000e+00 -1.000000000000000000e+00 6.959999999999999964e+00
-1.000000000000000000e+00 5.009999999999999787e+00 -1.000000000000000000e+00 -1.000000000000000000e+00 -1.000000000000000000e+00 5.360000000000000320e+00 8.789999999999999147e+00 -1.000000000000000000e+00 1.030000000000000071e+01 6.950000000000000178e+00
-1.000000000000000000e+00 5.030000000000000249e+00 -1.000000000000000000e+00 -1.000000000000000000e+00 -1.000000000000000000e+00 5.259999999999999787e+00 8.800000000000000711e+00 -1.000000000000000000e+00 -1.000000000000000000e+00 6.950000000000000178e+00
