-1.000000000000000000e+00 -1.000000000000000000e+00 -1.000000000000000000e+00 -1.000000000000000000e+00 -1.000000000000000000e+00 -1.000000000000000000e+00 -1.000000000000000000e+00 -1.000000000000000000e+00 -1.000000000000000000e+00 -1.000000000000000000e+00
8.910000000000000142e+00 3.709999999999999964e+00 -1.000000000000000000e+00 4.389999999999999680e+00 -1.000000000000000000e+00 -1.000000000000000000e+00 -1.000000000000000000e+00 -1.000000000000000000e+00 -1.000000000000000000e+00 -1.000000000000000000e+00
8.890000000000000568e+00 3.640000000000000124e+00 -1.000000000000000000e+00 4.370000000000000107e+00 -1.000000000000000000e+00 -1.000000000000000000e+00 -1.000000000000000000e+00 -1.000000000000000000e+00 -1.000000000000000000e+00 -1.000000000000000000e+00
8.890000000000000568e+00 3.720000000000000195e+00 -1.000000000000000000e+00 4.339999999999999858e+00 -1.000000000000000000e+00 -1.000000000000000000e+00 -1.000000000000000000e+00 -1.000000000000000000e+00 -1.000000000000000000e+00 -1.000000000000000000e+00
8.859999999999999432e+00 3.640000000000000124e+00 -1.000000000000000000e+00 4.349999999999999645e+00 -1.000000000000000000e+00 -1.000000000000000000e+00 -1.000000000000000000e+00 -1.000000000000000000e+00 -1.000000000000000000e+00 -1.000000000000000000e+00
8.929999999999999716e+00 3.669999999999999929e+00 -1.000000000000000000e+00 4.370000000000000107e+00 9.539999999999999147e+00 -1.000000000000000000e+00 -1.000000000000000000e+00 -1.000000000000000000e+00 -1.000000000000000000e+00 -1.000000000000000000e+00
8.910000000000000142e+00 3.640000000000000124e+00 -1.000000000000000000e+00 4.339999999999999858e+00 -1.000000000000000000e+00 -1.000000000000000000e+00 -1.000000000000000000e+00 -1.000000000000000000e+00 -1.000000000000000000e+00 -1.000000000000000000e+00
8.859999999999999432e+00 3.629999999999999893e+00 -1.000000000000000000e+00 4.379999999999999893e+00 9.609999999999999432e+00 -1.000000000000000000e+00 -1.000000000000000000e+00 -1.000000000000000000e+00 -1.000000000000000000e+00 -1.000000000000000000e+00
8.919999999999999929e+00 3.649999999999999911e+00 -1.000000000000000000e+00 4.309999999999999609e+00 -1.000000000000000000e+00 -1.000000000000000000e+00 -1.000000000000000000e+00 -1.000000000000000000e+00 -1.000000000000000000e+00 -1.000000000000000000e+00
8.820000000000000284e+00 3.629999999999999893e+00 -1.000000000000000000e+00 4.330000000000000071e+00 -1.000000000000000000e+00 -1.000000000000000000e+00 -1.000000000000000000e+00 -1.000000000000000000e+00 -1.000000000000000000e+00 -1.000000000000000000e+00
8.939999999999999503e+00 3.640000000000000124e+00 -1.000000000000000000e+00 4.330000000000000071e+00 9.519999999999999574e+00 -1.000000000000000000e+00 -1.000000000000000000e+00 -1.000000000000000000e+00 -1.000000000000000000e+00 -1.000000000000000000e+00
8.900000000000000355e+00 3.640000000000000124e+00 -1.000000000000000000e+00 4.370000000000000107e+00 -1.000000000000000000e+00 -1.000000000000000000e+00 -1.000000000000000000e+00 -1.000000000000000000e+00 -1.000000000000000000e+00 -1.000000000000000000e+00
8.849999999999999645e+00 3.709999999999999964e+00 -1.000000000000000000e+00 4.400000000000000355e+00 -1.000000000000000000e+00 -1.000000000000000000e+00 -1.000000000000000000e+00 -1.000000000000000000e+00 -1.000000000000000000e+00 -1.000000000000000000e+00
8.849999999999999645e+00 3.689999999999999947e+00 -1.000000000000000000e+00 4.299999999999999822e+00 -1.000000000000000000e+00 -1.000000000000000000e+00 -1.000000000000000000e+00 -1.000000000000000000e+00 -1.000000000000000000e+00 -1.000000000000000000e+00
8.779999999999999361e+00 3.680000000000000160e+00 -1.000000000000000000e+00 4.349999999999999645e+00 -1.000000000000000000e+00 -1.000000000000000000e+00 -1.000000000000000000e+00 -1.000000000000000000e+00 -1.000000000000000000e+00 -1.000000000000000000e+00
8.859999999999999432e+00 3.669999999999999929e+00 -1.000000000000000000e+00 4.360000000000000320e+00 -1.000000000000000000e+00 -1.000000000000000000e+00 -1.000000000000000000e+00 -1.000000000000000000e+00 -1.000000000000000000e+00 -1.000000000000000000e+00
8.839999999999999858e+00 3.720000000000000195e+00 -1.000000000000000000e+00 4.339999999999999858e+00 9.660000000000000142e+00 -1.000000000000000000e+00 -1.000000000000000000e+00 -1.000000000000000000e+00 -1.000000000000000000e+00 -1.000000000000000000e+00
8.779999999999999361e+00 3.660000000000000142e+00 -1.000000000000000000e+00 4.370000000000000107e+00 9.650000000000000355e+00 -1.000000000000000000e+00 -1.000000000000000000e+00 -1.000000000000000000e+00 -1.000000000000000000e+00 -1.000000000000000000e+00
8.730000000000000426e+00 3.709999999999999964e+00 -1.000000000000000000e+00 4.360000000000000320e+00 9.669999999999999929e+00 -1.000000000000000000e+00 -1.000000000000000000e+00 -1.000000000000000000e+00 -1.000000000000000000e+00 -1.000000000000000000e+00
8.880000000000000782e+00 3.689999999999999947e+00 -1.000000000000000000e+00 4.360000000000000320e+00 9.660000000000000142e+00 -1.000000000000000000e+00 -1.000000000000000000e+00 -1.000000000000000000e+00 -1.000000000000000000e+00 -1.000000000000000000e+00
8.929999999999999716e+00 3.629999999999999893e+00 -1.000000000000000000e+00 4.349999999999999645e+00 -1.000000000000000000e+00 -1.000000000000000000e+00 -1.000000000000000000e+00 -1.000000000000000000e+00 -1.000000000000000000e+00 -1.000000000000000000e+00
8.859999999999999432e+00 3.709999999999999964e+00 -1.000000000000000000e+00 4.320000000000000284e+00 -1.000000000000000000e+00 -1.000000000000000000e+00 -1.000000000000000000e+00 -1.000000000000000000e+00 -1.000000000000000000e+00 -1.000000000000000000e+00
8.880000000000000782e+00 3.660000000000000142e+00 -1.000000000000000000e+00 4.330000000000000071e+00 -1.000000000000000000e+00 -1.000000000000000000e+00 -1.000000000000000000e+00 -1.000000000000000000e+00 -1.000000000000000000e+00 -1.000000000000000000e+00
8.900000000000000355e+00 3.680000000000000160e+00 -1.000000000000000000e+00 4.379999999999999893e+00 9.570000000000000284e+00 -1.000000000000000000e+00 -1.000000000000000000e+00 -1.000000000000000000e+00 -1.000000000000000000e+00 -1.000000000000000000e+00
8.759999999999999787e+00 3.700000000000000178e+00 -1.000000000000000000e+00 4.320000000000000284e+00 -1.000000000000000000e+00 -1.000000000000000000e+00 -1.000000000000000000e+00 -1.000000000000000000e+00 -1.000000000000000000e+00 -1.000000000000000000e+00
8.849999999999999645e+00 3.660000000000000142e+00 -1.000000000000000000e+00 4.360000000000000320e+00 9.589999999999999858e+00 -1.000000000000000000e+00 -1.000000000000000000e+00 -1.000000000000000000e+00 -1.000000000000000000e+00 -1.000000000000000000e+00
8.820000000000000284e+00 3.669999999999999929e+00 -1.000000000000000000e+00 4.320000000000000284e+00 -1.000000000000000000e+00 -1.000000000000000000e+00 -1.000000000000000000e+00 -1.000000000000000000e+00 -1.000000000000000000e+00 -1.000000000000000000e+00
8.890000000000000568e+00 3.689999999999999947e+00 -1.000000000000000000e+00 4.349999999999999645e+00 -1.000000000000000000e+00 -1.000000000000000000e+00 -1.000000000000000000e+00 -1.000000000000000000e+00 -1.000000000000000000e+00 -1.000000000000000000e+00
8.880000000000000782e+00 3.689999999999999947e+00 -1.000000000000000000e+00 4.339999999999999858e+00 9.660000000000000142e+00 -1.000000000000000000e+00 -1.000000000000000000e+00 -1.000000000000000000e+00 -1.000000000000000000e+00 -1.000000000000000000e+00
8.830000000000000071e+00 3.640000000000000124e+00 -1.000000000000000000e+00 4.360000000000000320e+00 -1.000000000000000000e+00 -1.000000000000000000e+00 -1.000000000000000000e+00 -1.000000000000000000e+00 -1.000000000000000000e+00 -1.000000000000000000e+00
8.900000000000000355e+00 3.720000000000000195e+00 -1.000000000000000000e+00 4.330000000000000071e+00 -1.000000000000000000e+00 -1.000000000000000000e+00 -1.000000000000000000e+00 -1.000000000000000000e+00 -1.000000000000000000e+00 -1.000000000000000000e+00
8.869999999999999218e+00 3.669999999999999929e+00 -1.000000000000000000e+00 4.339999999999999858e+00 -1.000000000000000000e+00 -1.000000000000000000e+00 -1.000000000000000000e+00 -1.000000000000000000e+00 -1.000000000000000000e+00 -1.000000000000000000e+00
8.900000000000000355e+00 3.680000000000000160e+00 -1.000000000000000000e+00 4.309999999999999609e+00 9.550000000000000711e+00 -1.000000000000000000e+00 -1.000000000000000000e+00 -1.000000000000000000e+00 -1.000000000000000000e+00 -1.000000000000000000e+00
8.869999999999999218e+00 3.669999999999999929e+00 -1.000000000000000000e+00 4.339999999999999858e+00 9.599999999999999645e+00 -1.000000000000000000e+00 -1.000000000000000000e+00 -1.000000000000000000e+00 -1.000000000000000000e+00 -1.000000000000000000e+00
8.839999999999999858e+00 3.700000000000000178e+00 -1.000000000000000000e+00 4.360000000000000320e+00 9.640000000000000568e+00 -1.000000000000000000e+00 -1.000000000000000000e+00 -1.000000000000000000e+00 -1.000000000000000000e+00 -1.000000000000000000e+00
8.800000000000000711e+00 3.700000000000000178e+00 -1.000000000000000000e+00 4.360000000000000320e+00 -1.000000000000000000e+00 -1.000000000000000000e+00 -1.000000000000000000e+00 -1.000000000000000000e+00 -1.000000000000000000e+00 -1.000000000000000000e+00
8.880000000000000782e+00 3.689999999999999947e+00 -1.000000000000000000e+00 4.410000000000000142e+00 9.580000000000000071e+00 -1.000000000000000000e+00 -1.000000000000000000e+00 -1.000000000000000000e+00 -1.000000000000000000e+00 -1.000000000000000000e+00
8.859999999999999432e+00 3.660000000000000142e+00 -1.000000000000000000e+00 4.360000000000000320e+00 -1.000000000000000000e+00 -1.000000000000000000e+00 -1.000000000000000000e+00 -1.000000000000000000e+00 -1.000000000000000000e+00 -1.000000000000000000e+00
8.929999999999999716e+00 3.680000000000000160e+00 -1.000000000000000000e+00 4.370000000000000107e+00 9.730000000000000426e+00 -1.000000000000000000e+00 -1.000000000000000000e+00 -1.000000000000000000e+00 -1.000000000000000000e+00 -1.000000000000000000e+00
8.869999999999999218e+00 3.700000000000000178e+00 -1.000000000000000000e+00 4.330000000000000071e+00 -1.000000000000000000e+00 -1.000000000000000000e+00 -1.000000000000000000e+00 -1.000000000000000000e+00 -1.000000000000000000e+00 -1.000000000000000000e+00
8.929999999999999716e+00 3.740000000000000213e+00 -1.000000000000000000e+00 4.370000000000000107e+00 -1.000000000000000000e+00 -1.000000000000000000e+00 -1.000000000000000000e+00 -1.000000000000000000e+00 -1.000000000000000000e+00 -1.000000000000000000e+00
8.880000000000000782e+00 3.640000000000000124e+00 -1.000000000000000000e+00 4.330000000000000071e+00 9.669999999999999929e+00 -1.000000000000000000e+00 -1.000000000000000000e+00 -1.000000000000000000e+00 -1.000000000000000000e+00 -1.000000000000000000e+00
8.820000000000000284e+00 3.669999999999999929e+00 -1.000000000000000000e+00 4.360000000000000320e+00 -1.000000000000000000e+00 -1.000000000000000000e+00 -1.000000000000000000e+00 -1.000000000000000000e+00 -1.000000000000000000e+00 -1.000000000000000000e+00
8.779999999999999361e+00 3.680000000000000160e+00 -1.000000000000000000e+00 4.360000000000000320e+00 9.580000000000000071e+00 -1.000000000000000000e+00 -1.000000000000000000e+00 -1.000000000000000000e+00 -1.000000000000000000e+00 -1.000000000000000000e+00
8.789999999999999147e+00 3.649999999999999911e+00 -1.000000000000000000e+00 4.339999999999999858e+00 9.589999999999999858e+00 -1.000000000000000000e+00 -1.000000000000000000e+00 -1.000000000000000000e+00 -1.000000000000000000e+00 -1.000000000000000000e+00
8.830000000000000071e+00 3.649999999999999911e+00 -1.000000000000000000e+00 4.379999999999999893e+00 -1.000000000000000000e+00 -1.000000000000000000e+00 -1.000000000000000000e+00 -1.000000000000000000e+00 -1.000000000000000000e+00 -1.000000000000000000e+00
8.810000000000000497e+00 3.770000000000000018e+00 -1.000000000000000000e+00 4.339999999999999858e+00 -1.000000000000000000e+00 -1.000000000000000000e+00 -1.000000000000000000e+00 -1.000000000000000000e+00 -1.000000000000000000e+00 -1.000000000000000000e+00
8.820000000000000284e+00 3.669999999999999929e+00 -1.000000000000000000e+00 4.379999999999999893e+00 9.630000000000000782e+00 -1.000000000000000000e+00 -1.000000000000000000e+00 -1.000000000000000000e+00 -1.000000000000000000e+00 -1.000000000000000000e+00
8.949999999999999289e+00 3.729999999999999982e+00 -1.000000000000000000e+00 4.339999999999999858e+00 9.589999999999999858e+00 -1.000000000000000000e+00 -1.000000000000000000e+00 -1.000000000000000000e+00 -1.000000000000000000e+00 -1.000000000000000000e+00
8.849999999999999645e+00 3.680000000000000160e+00 -1.000000000000000000e+00 4.309999999999999609e+00 9.589999999999999858e+00 -1.000000000000000000e+00 -1.000000000000000000e+00 -1.000000000000000000e+00 -1.000000000000000000e+00 -1.000000000000000000e+00
8.869999999999999218e+00 3.709999999999999964e+00 -1.000000000000000000e+00 4.330000000000000071e+00 -1.000000000000000000e+00 -1.000000000000000000e+00 -1.000000000000000000e+00 -1.000000000000000000e+00 -1.000000000000000000e+00 -1.000000000000000000e+00
8.779999999999999361e+00 3.669999999999999929e+00 -1.000000000000000000e+00 4.370000000000000107e+00 9.599999999999999645e+00 -1.000000000000000000e+00 -1.000000000000000000e+00 -1.000000000000000000e+00 -1.000000000000000000e+00 -1.000000000000000000e+00
8.880000000000000782e+00 3.680000000000000160e+00 -1.000000000000000000e+00 4.339999999999999858e+00 -1.000000000000000000e+00 -1.000000000000000000e+00 -1.000000000000000000e+00 -1.000000000000000000e+00 -1.000000000000000000e+00 -1.000000000000000000e+00
8.800000000000000711e+00 3.740000000000000213e+00 -1.000000000000000000e+00 4.339999999999999858e+00 -1.000000000000000000e+00 -1.000000000000000000e+00 -1.000000000000000000e+00 -1.000000000000000000e+00 -1.000000000000000000e+00 -1.000000000000000000e+00
8.990000000000000213e+00 3.709999999999999964e+00 -1.000000000000000000e+00 4.330000000000000071e+00 -1.000000000000000000e+00 -1.000000000000000000e+00 -1.000000000000000000e+00 -1.000000000000000000e+00 -1.000000000000000000e+00 -1.000000000000000000e+00
8.730000000000000426e+00 3.709999999999999964e+00 -1.000000000000000000e+00 4.370000000000000107e+00 9.500000000000000000e+00 -1.000000000000000000e+00 -1.000000000000000000e+00 -1.000000000000000000e+00 -1.000000000000000000e+00 -1.000000000000000000e+00
8.869999999999999218e+00 3.689999999999999947e+00 -1.000000000000000000e+00 4.320000000000000284e+00 9.650000000000000355e+00 -1.000000000000000000e+00 -1.000000000000000000e+00 -1.000000000000000000e+00 -1.000000000000000000e+00 -1.000000000000000000e+00
8.919999999999999929e+00 3.640000000000000124e+00 -1.000000000000000000e+00 4.360000000000000320e+00 9.609999999999999432e+00 -1.000000000000000000e+00 -1.000000000000000000e+00 -1.000000000000000000e+00 -1.000000000000000000e+00 -1.000000000000000000e+00
8.869999999999999218e+00 3.669999999999999929e+00 -1.000000000000000000e+00 4.349999999999999645e+00 -1.000000000000000000e+00 -1.000000000000000000e+00 -1.000000000000000000e+00 -1.000000000000000000e+00 -1.000000000000000000e+00 -1.000000000000000000e+00
8.890000000000000568e+00 3.649999999999999911e+00 -1.000000000000000000e+00 4.379999999999999893e+00 -1.000000000000000000e+00 -1.000000000000000000e+00 -1.000000000000000000e+00 -1.000000000000000000e+00 -1.000000000000000000e+00 -1.000000000000000000e+00
8.800000000000000711e+00 3.649999999999999911e+00 -1.000000000000000000e+00 4.379999999999999893e+00 9.710000000000000853e+00 -1.000000000000000000e+00 -1.000000000000000000e+00 -1.000000000000000000e+00 -1.000000000000000000e+00 -1.000000000000000000e+00
8.859999999999999432e+00 3.700000000000000178e+00 -1.000000000000000000e+00 4.370000000000000107e+00 -1.000000000000000000e+00 -1.000000000000000000e+00 -1.000000000000000000e+00 -1.000000000000000000e+00 -1.000000000000000000e+00 -1.000000000000000000e+00
8.869999999999999218e+00 3.660000000000000142e+00 -1.000000000000000000e+00 4.410000000000000142e+00 -1.000000000000000000e+00 -1.000000000000000000e+00 -1.000000000000000000e+00 -1.000000000000000000e+00 -1.000000000000000000e+00 -1.000000000000000000e+00
8.869999999999999218e+00 3.629999999999999893e+00 -1.000000000000000000e+00 4.339999999999999858e+00 9.710000000000000853e+00 -1.000000000000000000e+00 -1.000000000000000000e+00 -1.000000000000000000e+00 -1.000000000000000000e+00 -1.000000000000000000e+00
8.929999999999999716e+00 3.649999999999999911e+00 -1.000000000000000000e+00 4.339999999999999858e+00 9.580000000000000071e+00 -1.000000000000000000e+00 -1.000000000000000000e+00 -1.000000000000000000e+00 -1.000000000000000000e+00 -1.000000000000000000e+00
8.890000000000000568e+00 3.709999999999999964e+00 -1.000000000000000000e+00 4.360000000000000320e+00 9.580000000000000071e+00 -1.000000000000000000e+00 -1.000000000000000000e+00 -1.000000000000000000e+00 -1.000000000000000000e+00 -1.000000000000000000e+00
8.849999999999999645e+00 3.669999999999999929e+00 -1.000000000000000000e+00 4.330000000000000071e+00 -1.000000000000000000e+00 -1.000000000000000000e+00 -1.000000000000000000e+00 -1.000000000000000000e+00 -1.000000000000000000e+00 -1.000000000000000000e+00
8.800000000000000711e+00 3.680000000000000160e+00 -1.000000000000000000e+00 4.349999999999999645e+00 -1.000000000000000000e+00 -1.000000000000000000e+00 -1.000000000000000000e+00 -1.000000000000000000e+00 -1.000000000000000000e+00 -1.000000000000000000e+00
9.000000000000000000e+00 3.709999999999999964e+00 -1.000000000000000000e+00 4.410000000000000142e+00 -1.000000000000000000e+00 -1.000000000000000000e+00 -1.000000000000000000e+00 -1.000000000000000000e+00 -1.000000000000000000e+00 -1.000000000000000000e+00
8.919999999999999929e+00 3.680000000000000160e+00 -1.000000000000000000e+00 4.330000000000000071e+00 9.750000000000000000e+00 -1.000000000000000000e+00 -1.000000000000000000e+00 -1.000000000000000000e+00 -1.000000000000000000e+00 -1.000000000000000000e+00
8.849999999999999645e+00 3.649999999999999911e+00 -1.000000000000000000e+00 4.309999999999999609e+00 -1.000000000000000000e+00 -1.000000000000000000e+00 -1.000000000000000000e+00 -1.000000000000000000e+00 -1.000000000000000000e+00 -1.000000000000000000e+00
8.779999999999999361e+00 3.640000000000000124e+00 -1.000000000000000000e+00 4.330000000000000071e+00 9.609999999999999432e+00 -1.000000000000000000e+00 -1.000000000000000000e+00 -1.000000000000000000e+00 -1.000000000000000000e+00 -1.000000000000000000e+00
8.900000000000000355e+00 3.700000000000000178e+00 -1.000000000000000000e+00 4.339999999999999858e+00 -1.000000000000000000e+00 -1.000000000000000000e+00 -1.000000000000000000e+00 -1.000000000000000000e+00 -1.000000000000000000e+00 -1.000000000000000000e+00
8.810000000000000497e+00 3.669999999999999929e+00 -1.000000000000000000e+00 4.370000000000000107e+00 -1.000000000000000000e+00 -1.000000000000000000e+00 -1.000000000000000000e+00 -1.000000000000000000e+00 -1.000000000000000000e+00 -1.000000000000000000e+00
8.789999999999999147e+00 3.689999999999999947e+00 -1.000000000000000000e+00 4.339999999999999858e+00 -1.000000000000000000e+00 -1.000000000000000000e+00 -1.000000000000000000e+00 -1.000000000000000000e+00 -1.000000000000000000e+00 -1.000000000000000000e+00
8.759999999999999787e+00 3.709999999999999964e+00 -1.000000000000000000e+00 4.360000000000000320e+00 -1.000000000000000000e+00 -1.000000000000000000e+00 -1.000000000000000000e+00 -1.000000000000000000e+00 -1.000000000000000000e+00 -1.000000000000000000e+00
8.830000000000000071e+00 3.649999999999999911e+00 -1.000000000000000000e+00 4.299999999999999822e+00 -1.000000000000000000e+00 -1.000000000000000000e+00 -1.000000000000000000e+00 -1.000000000000000000e+00 -1.000000000000000000e+00 -1.000000000000000000e+00
8.820000000000000284e+00 3.640000000000000124e+00 -1.000000000000000000e+00 4.370000000000000107e+00 -1.000000000000000000e+00 -1.000000000000000000e+00 -1.000000000000000000e+00 -1.000000000000000000e+00 -1.000000000000000000e+00 -1.000000000000000000e+00
8.880000000000000782e+00 3.649999999999999911e+00 -1.000000000000000000e+00 4.330000000000000071e+00 9.640000000000000568e+00 -1.000000000000000000e+00 -1.000000000000000000e+00 -1.000000000000000000e+00 -1.000000000000000000e+00 -1.000000000000000000e+00
8.779999999999999361e+00 3.660000000000000142e+00 -1.000000000000000000e+00 4.349999999999999645e+00 9.599999999999999645e+00 -1.000000000000000000e+00 -1.000000000000000000e+00 -1.000000000000000000e+00 -1.000000000000000000e+00 -1.000000000000000000e+00
8.800000000000000711e+00 3.700000000000000178e+00 -1.000000000000000000e+00 4.339999999999999858e+00 -1.000000000000000000e+00 -1.000000000000000000e+00 -1.000000000000000000e+00 -1.000000000000000000e+00 -1.000000000000000000e+00 -1.000000000000000000e+00
8.859999999999999432e+00 3.729999999999999982e+00 -1.000000000000000000e+00 4.370000000000000107e+00 9.669999999999999929e+00 -1.000000000000000000e+00 -1.000000000000000000e+00 -1.000000000000000000e+00 -1.000000000000000000e+00 -1.000000000000000000e+00
8.810000000000000497e+00 3.660000000000000142e+00 -1.000000000000000000e+00 4.349999999999999645e+00 -1.000000000000000000e+00 -1.000000000000000000e+00 -1.000000000000000000e+00 -1.000000000000000000e+00 -1.000000000000000000e+00 -1.000000000000000000e+00
8.919999999999999929e+00 3.720000000000000195e+00 -1.000000000000000000e+00 4.349999999999999645e+00 9.570000000000000284e+00 -1.000000000000000000e+00 -1.000000000000000000e+00 -1.000000000000000000e+00 -1.000000000000000000e+00 -1.000000000000000000e+00
8.900000000000000355e+00 3.720000000000000195e+00 -1.000000000000000000e+00 4.360000000000000320e+00 -1.000000000000000000e+00 -1.000000000000000000e+00 -1.000000000000000000e+00 -1.000000000000000000e+00 -1.000000000000000000e+00 -1.000000000000000000e+00
8.859999999999999432e+00 3.669999999999999929e+00 -1.000000000000000000e+00 4.330000000000000071e+00 -1.000000000000000000e+00 -1.000000000000000000e+00 -1.000000000000000000e+00 -1.000000000000000000e+00 -1.000000000000000000e+00 -1.000000000000000000e+00
8.820000000000000284e+00 3.680000000000000160e+00 -1.000000000000000000e+00 4.379999999999999893e+00 9.669999999999999929e+00 -1.000000000000000000e+00 -1.000000000000000000e+00 -1.000000000000000000e+00 -1.000000000000000000e+00 -1.000000000000000000e+00
8.869999999999999218e+00 3.680000000000000160e+00 -1.000000000000000000e+00 4.379999999999999893e+00 -1.000000000000000000e+00 -1.000000000000000000e+00 -1.000000000000000000e+00 -1.000000000000000000e+00 -1.000000000000000000e+00 -1.000000000000000000e+00
8.789999999999999147e+00 3.649999999999999911e+00 -1.000000000000000000e+00 4.320000000000000284e+00 -1.000000000000000000e+00 -1.000000000000000000e+00 -1.000000000000000000e+00 -1.000000000000000000e+00 -1.000000000000000000e+00 -1.000000000000000000e+00
8.859999999999999432e+00 3.700000000000000178e+00 -1.000000000000000000e+00 4.330000000000000071e+00 -1.000000000000000000e+00 -1.000000000000000000e+00 -1.000000000000000000e+00 -1.000000000000000000e+00 -1.000000000000000000e+00 -1.000000000000000000e+00
8.859999999999999432e+00 3.620000000000000107e+00 -1.000000000000000000e+00 4.339999999999999858e+00 9.550000000000000711e+00 -1.000000000000000000e+00 -1.000000000000000000e+00 -1.000000000000000000e+00 -1.000000000000000000e+00 -1.000000000000000000e+00
8.929999999999999716e+00 3.740000000000000213e+00 -1.000000000000000000e+00 4.339999999999999858e+00 9.599999999999999645e+00 -1.000000000000000000e+00 -1.000000000000000000e+00 -1.000000000000000000e+00 -1.000000000000000000e+00 -1.000000000000000000e+00
8.849999999999999645e+00 3.689999999999999947e+00 -1.000000000000000000e+00 4.320000000000000284e+00 9.689999999999999503e+00 -1.000000000000000000e+00 -1.000000000000000000e+00 -1.000000000000000000e+00 -1.000000000000000000e+00 -1.000000000000000000e+00
8.849999999999999645e+00 3.709999999999999964e+00 -1.000000000000000000e+00 4.330000000000000071e+00 9.570000000000000284e+00 -1.000000000000000000e+00 -1.000000000000000000e+00 -1.000000000000000000e+00 -1.000000000000000000e+00 -1.000000000000000000e+00
8.919999999999999929e+00 3.729999999999999982e+00 -1.000000000000000000e+00 4.349999999999999645e+00 9.599999999999999645e+00 -1.000000000000000000e+00 -1.000000000000000000e+00 -1.000000000000000000e+00 -1.000000000000000000e+00 -1.000000000000000000e+00
8.800000000000000711e+00 3.680000000000000160e+00 -1.000000000000000000e+00 4.339999999999999858e+00 -1.000000000000000000e+00 -1.000000000000000000e+00 -1.000000000000000000e+00 -1.000000000000000000e+00 -1.000000000000000000e+00 -1.000000000000000000e+00
8.890000000000000568e+00 3.689999999999999947e+00 -1.000000000000000000e+00 4.330000000000000071e+00 -1.000000000000000000e+00 -1.000000000000000000e+00 -1.000000000000000000e+00 -1.000000000000000000e+00 -1.000000000000000000e+00 -1.000000000000000000e+00
8.880000000000000782e+00 3.640000000000000124e+00 -1.000000000000000000e+00 4.339999999999999858e+00 -1.000000000000000000e+00 -1.000000000000000000e+00 -1.000000000000000000e+00 -1.000000000000000000e+00 -1.000000000000000000e+00 -1.000000000000000000e+00
8.849999999999999645e+00 3.689999999999999947e+00 -1.000000000000000000e+00 4.349999999999999645e+00 -1.000000000000000000e+00 -1.000000000000000000e+00 -1.000000000000000000e+00 -1.000000000000000000e+00 -1.000000000000000000e+00 -1.000000000000000000e+00
8.849999999999999645e+00 3.649999999999999911e+00 -1.000000000000000000e+00 4.379999999999999893e+00 9.730000000000000426e+00 -1.000000000000000000e+00 -1.000000000000000000e+00 -1.000000000000000000e+00 -1.000000000000000000e+00 -1.000000000000000000e+00
