-1.000000000000000000e+00 -1.000000000000000000e+00 -1.000000000000000000e+00 -1.000000000000000000e+00 -1.000000000000000000e+00 -1.000000000000000000e+00 -1.000000000000000000e+00 -1.000000000000000000e+00 -1.000000000000000000e+00 -1.000000000000000000e+00
2.071999999999999886e+01 -1.000000000000000000e+00 8.480000000000000426e+00 4.209999999999999964e+00 -1.000000000000000000e+00 3.609999999999999876e+00 7.339999999999999858e+00 -1.000000000000000000e+00 1.258000000000000007e+01 7.839999999999999858e+00
2.073999999999999844e+01 -1.000000000000000000e+00 8.460000000000000853e+00 4.209999999999999964e+00 -1.000000000000000000e+00 3.620000000000000107e+00 7.309999999999999609e+00 -1.000000000000000000e+00 1.252999999999999936e+01 7.780000000000000249e+00
2.075000000000000000e+01 -1.000000000000000000e+00 8.490000000000000213e+00 4.219999999999999751e+00 -1.000000000000000000e+00 3.549999999999999822e+00 7.330000000000000071e+00 -1.000000000000000000e+00 1.248000000000000043e+01 7.910000000000000142e+00
2.076000000000000156e+01 -1.000000000000000000e+00 8.439999999999999503e+00 4.309999999999999609e+00 -1.000000000000000000e+00 3.560000000000000053e+00 7.349999999999999645e+00 -1.000000000000000000e+00 1.252999999999999936e+01 7.790000000000000036e+00
2.071999999999999886e+01 -1.000000000000000000e+00 8.470000000000000639e+00 4.299999999999999822e+00 -1.000000000000000000e+00 3.589999999999999858e+00 7.330000000000000071e+00 -1.000000000000000000e+00 1.252999999999999936e+01 7.780000000000000249e+00
2.071999999999999886e+01 -1.000000000000000000e+00 8.500000000000000000e+00 4.219999999999999751e+00 -1.000000000000000000e+00 3.589999999999999858e+00 7.290000000000000036e+00 -1.000000000000000000e+00 1.258000000000000007e+01 7.750000000000000000e+00
2.076999999999999957e+01 -1.000000000000000000e+00 8.470000000000000639e+00 4.280000000000000249e+00 -1.000000000000000000e+00 3.620000000000000107e+00 7.299999999999999822e+00 -1.000000000000000000e+00 1.252999999999999936e+01 7.769999999999999574e+00
2.073999999999999844e+01 -1.000000000000000000e+00 8.470000000000000639e+00 4.259999999999999787e+00 -1.000000000000000000e+00 3.620000000000000107e+00 7.280000000000000249e+00 -1.000000000000000000e+00 1.247000000000000064e+01 7.769999999999999574e+00
2.076999999999999957e+01 -1.000000000000000000e+00 8.439999999999999503e+00 4.259999999999999787e+00 -1.000000000000000000e+00 3.609999999999999876e+00 7.299999999999999822e+00 -1.000000000000000000e+00 1.250000000000000000e+01 7.750000000000000000e+00
2.076000000000000156e+01 -1.000000000000000000e+00 8.480000000000000426e+00 4.269999999999999574e+00 -1.000000000000000000e+00 3.549999999999999822e+00 7.339999999999999858e+00 -1.000000000000000000e+00 1.253999999999999915e+01 7.740000000000000213e+00
2.076000000000000156e+01 -1.000000000000000000e+00 8.480000000000000426e+00 4.250000000000000000e+00 -1.000000000000000000e+00 3.560000000000000053e+00 -1.000000000000000000e+00 -1.000000000000000000e+00 1.257000000000000028e+01 7.769999999999999574e+00
2.073999999999999844e+01 -1.000000000000000000e+00 8.449999999999999289e+00 4.269999999999999574e+00 -1.000000000000000000e+00 3.569999999999999840e+00 7.330000000000000071e+00 -1.000000000000000000e+00 1.256000000000000050e+01 7.709999999999999964e+00
2.076999999999999957e+01 -1.000000000000000000e+00 8.480000000000000426e+00 4.209999999999999964e+00 -1.000000000000000000e+00 3.569999999999999840e+00 7.320000000000000284e+00 -1.000000000000000000e+00 1.250000000000000000e+01 7.700000000000000178e+00
2.071999999999999886e+01 -1.000000000000000000e+00 8.460000000000000853e+00 4.200000000000000178e+00 -1.000000000000000000e+00 3.629999999999999893e+00 7.349999999999999645e+00 -1.000000000000000000e+00 1.255000000000000071e+01 7.759999999999999787e+00
2.078000000000000114e+01 -1.000000000000000000e+00 8.439999999999999503e+00 4.259999999999999787e+00 -1.000000000000000000e+00 3.589999999999999858e+00 7.309999999999999609e+00 -1.000000000000000000e+00 1.256000000000000050e+01 7.780000000000000249e+00
2.067999999999999972e+01 -1.000000000000000000e+00 8.460000000000000853e+00 4.290000000000000036e+00 -1.000000000000000000e+00 3.569999999999999840e+00 7.280000000000000249e+00 -1.000000000000000000e+00 1.253999999999999915e+01 7.750000000000000000e+00
2.078999999999999915e+01 -1.000000000000000000e+00 8.480000000000000426e+00 4.200000000000000178e+00 -1.000000000000000000e+00 3.609999999999999876e+00 7.360000000000000320e+00 -1.000000000000000000e+00 1.252999999999999936e+01 7.750000000000000000e+00
2.078999999999999915e+01 -1.000000000000000000e+00 8.480000000000000426e+00 4.169999999999999929e+00 -1.000000000000000000e+00 3.580000000000000071e+00 7.280000000000000249e+00 -1.000000000000000000e+00 1.256000000000000050e+01 7.740000000000000213e+00
2.071999999999999886e+01 -1.000000000000000000e+00 8.439999999999999503e+00 4.160000000000000142e+00 -1.000000000000000000e+00 3.589999999999999858e+00 7.360000000000000320e+00 -1.000000000000000000e+00 1.257000000000000028e+01 7.719999999999999751e+00
2.076000000000000156e+01 -1.000000000000000000e+00 8.470000000000000639e+00 4.190000000000000391e+00 -1.000000000000000000e+00 3.569999999999999840e+00 7.320000000000000284e+00 -1.000000000000000000e+00 1.256000000000000050e+01 7.799999999999999822e+00
2.078000000000000114e+01 -1.000000000000000000e+00 8.429999999999999716e+00 4.219999999999999751e+00 -1.000000000000000000e+00 3.600000000000000089e+00 7.299999999999999822e+00 -1.000000000000000000e+00 1.252999999999999936e+01 7.780000000000000249e+00
2.076999999999999957e+01 -1.000000000000000000e+00 8.449999999999999289e+00 4.299999999999999822e+00 -1.000000000000000000e+00 3.600000000000000089e+00 7.240000000000000213e+00 -1.000000000000000000e+00 1.252999999999999936e+01 7.740000000000000213e+00
2.069000000000000128e+01 -1.000000000000000000e+00 8.480000000000000426e+00 4.200000000000000178e+00 -1.000000000000000000e+00 3.609999999999999876e+00 7.349999999999999645e+00 -1.000000000000000000e+00 1.260999999999999943e+01 7.759999999999999787e+00
2.075000000000000000e+01 -1.000000000000000000e+00 8.500000000000000000e+00 4.259999999999999787e+00 -1.000000000000000000e+00 3.589999999999999858e+00 7.320000000000000284e+00 -1.000000000000000000e+00 1.257000000000000028e+01 7.709999999999999964e+00
2.076999999999999957e+01 -1.000000000000000000e+00 8.470000000000000639e+00 4.209999999999999964e+00 -1.000000000000000000e+00 3.560000000000000053e+00 7.339999999999999858e+00 -1.000000000000000000e+00 1.256000000000000050e+01 7.769999999999999574e+00
2.078000000000000114e+01 -1.000000000000000000e+00 8.460000000000000853e+00 4.219999999999999751e+00 -1.000000000000000000e+00 3.609999999999999876e+00 7.269999999999999574e+00 -1.000000000000000000e+00 1.258000000000000007e+01 7.719999999999999751e+00
2.071000000000000085e+01 -1.000000000000000000e+00 8.470000000000000639e+00 4.299999999999999822e+00 -1.000000000000000000e+00 3.580000000000000071e+00 7.320000000000000284e+00 -1.000000000000000000e+00 1.258000000000000007e+01 7.780000000000000249e+00
2.076000000000000156e+01 -1.000000000000000000e+00 8.470000000000000639e+00 4.230000000000000426e+00 -1.000000000000000000e+00 3.580000000000000071e+00 7.360000000000000320e+00 -1.000000000000000000e+00 1.257000000000000028e+01 7.790000000000000036e+00
2.078000000000000114e+01 -1.000000000000000000e+00 8.460000000000000853e+00 4.299999999999999822e+00 -1.000000000000000000e+00 3.589999999999999858e+00 7.360000000000000320e+00 -1.000000000000000000e+00 1.253999999999999915e+01 7.780000000000000249e+00
2.071999999999999886e+01 -1.000000000000000000e+00 8.490000000000000213e+00 4.309999999999999609e+00 -1.000000000000000000e+00 3.600000000000000089e+00 7.360000000000000320e+00 -1.000000000000000000e+00 1.252999999999999936e+01 7.769999999999999574e+00
2.071000000000000085e+01 -1.000000000000000000e+00 8.470000000000000639e+00 4.190000000000000391e+00 -1.000000000000000000e+00 3.640000000000000124e+00 7.330000000000000071e+00 -1.000000000000000000e+00 1.251999999999999957e+01 7.740000000000000213e+00
2.078000000000000114e+01 -1.000000000000000000e+00 8.470000000000000639e+00 4.349999999999999645e+00 -1.000000000000000000e+00 3.629999999999999893e+00 7.250000000000000000e+00 -1.000000000000000000e+00 1.256000000000000050e+01 7.719999999999999751e+00
2.078000000000000114e+01 -1.000000000000000000e+00 8.470000000000000639e+00 4.209999999999999964e+00 -1.000000000000000000e+00 3.589999999999999858e+00 7.360000000000000320e+00 -1.000000000000000000e+00 1.257000000000000028e+01 7.730000000000000426e+00
2.078000000000000114e+01 -1.000000000000000000e+00 8.470000000000000639e+00 4.209999999999999964e+00 -1.000000000000000000e+00 3.569999999999999840e+00 7.379999999999999893e+00 -1.000000000000000000e+00 1.250999999999999979e+01 7.750000000000000000e+00
2.073000000000000043e+01 -1.000000000000000000e+00 8.429999999999999716e+00 4.200000000000000178e+00 -1.000000000000000000e+00 3.629999999999999893e+00 7.330000000000000071e+00 -1.000000000000000000e+00 1.253999999999999915e+01 7.750000000000000000e+00
2.073999999999999844e+01 -1.000000000000000000e+00 8.470000000000000639e+00 4.250000000000000000e+00 -1.000000000000000000e+00 3.640000000000000124e+00 7.299999999999999822e+00 -1.000000000000000000e+00 1.258000000000000007e+01 7.809999999999999609e+00
2.080000000000000071e+01 -1.000000000000000000e+00 8.490000000000000213e+00 4.280000000000000249e+00 -1.000000000000000000e+00 3.620000000000000107e+00 7.330000000000000071e+00 -1.000000000000000000e+00 1.257000000000000028e+01 7.790000000000000036e+00
2.078000000000000114e+01 -1.000000000000000000e+00 8.429999999999999716e+00 4.169999999999999929e+00 -1.000000000000000000e+00 3.580000000000000071e+00 7.339999999999999858e+00 -1.000000000000000000e+00 1.255000000000000071e+01 7.839999999999999858e+00
2.075000000000000000e+01 -1.000000000000000000e+00 8.470000000000000639e+00 4.209999999999999964e+00 -1.000000000000000000e+00 3.549999999999999822e+00 7.330000000000000071e+00 -1.000000000000000000e+00 1.250999999999999979e+01 7.799999999999999822e+00
2.078000000000000114e+01 -1.000000000000000000e+00 8.490000000000000213e+00 4.230000000000000426e+00 -1.000000000000000000e+00 3.589999999999999858e+00 7.349999999999999645e+00 -1.000000000000000000e+00 1.253999999999999915e+01 7.790000000000000036e+00
2.073999999999999844e+01 -1.000000000000000000e+00 8.480000000000000426e+00 4.240000000000000213e+00 -1.000000000000000000e+00 3.609999999999999876e+00 7.360000000000000320e+00 -1.000000000000000000e+00 -1.000000000000000000e+00 7.809999999999999609e+00
2.076000000000000156e+01 -1.000000000000000000e+00 8.470000000000000639e+00 4.150000000000000355e+00 -1.000000000000000000e+00 3.560000000000000053e+00 7.330000000000000071e+00 -1.000000000000000000e+00 1.249000000000000021e+01 7.780000000000000249e+00
2.071000000000000085e+01 -1.000000000000000000e+00 8.519999999999999574e+00 4.230000000000000426e+00 -1.000000000000000000e+00 3.609999999999999876e+00 7.400000000000000355e+00 -1.000000000000000000e+00 1.247000000000000064e+01 7.769999999999999574e+00
2.073999999999999844e+01 -1.000000000000000000e+00 8.460000000000000853e+00 4.160000000000000142e+00 -1.000000000000000000e+00 3.560000000000000053e+00 7.349999999999999645e+00 -1.000000000000000000e+00 1.255000000000000071e+01 7.740000000000000213e+00
2.076999999999999957e+01 -1.000000000000000000e+00 8.449999999999999289e+00 4.209999999999999964e+00 -1.000000000000000000e+00 3.580000000000000071e+00 7.339999999999999858e+00 -1.000000000000000000e+00 1.252999999999999936e+01 7.820000000000000284e+00
2.075000000000000000e+01 -1.000000000000000000e+00 8.490000000000000213e+00 4.169999999999999929e+00 -1.000000000000000000e+00 3.600000000000000089e+00 7.370000000000000107e+00 -1.000000000000000000e+00 1.257000000000000028e+01 7.700000000000000178e+00
2.073999999999999844e+01 -1.000000000000000000e+00 8.400000000000000355e+00 4.240000000000000213e+00 -1.000000000000000000e+00 3.600000000000000089e+00 7.330000000000000071e+00 -1.000000000000000000e+00 1.252999999999999936e+01 7.759999999999999787e+00
2.076000000000000156e+01 -1.000000000000000000e+00 8.460000000000000853e+00 4.200000000000000178e+00 -1.000000000000000000e+00 3.560000000000000053e+00 7.299999999999999822e+00 -1.000000000000000000e+00 1.257000000000000028e+01 7.809999999999999609e+00
2.078000000000000114e+01 -1.000000000000000000e+00 8.449999999999999289e+00 4.219999999999999751e+00 -1.000000000000000000e+00 3.560000000000000053e+00 7.389999999999999680e+00 -1.000000000000000000e+00 1.256000000000000050e+01 7.750000000000000000e+00
2.078000000000000114e+01 -1.000000000000000000e+00 8.490000000000000213e+00 4.200000000000000178e+00 -1.000000000000000000e+00 3.580000000000000071e+00 7.309999999999999609e+00 -1.000000000000000000e+00 1.253999999999999915e+01 7.780000000000000249e+00
2.071000000000000085e+01 -1.000000000000000000e+00 8.470000000000000639e+00 4.230000000000000426e+00 -1.000000000000000000e+00 3.609999999999999876e+00 7.339999999999999858e+00 -1.000000000000000000e+00 1.256000000000000050e+01 7.790000000000000036e+00
2.071000000000000085e+01 -1.000000000000000000e+00 8.470000000000000639e+00 4.230000000000000426e+00 -1.000000000000000000e+00 3.569999999999999840e+00 7.330000000000000071e+00 -1.000000000000000000e+00 1.251999999999999957e+01 7.730000000000000426e+00
2.076000000000000156e+01 -1.000000000000000000e+00 8.490000000000000213e+00 4.219999999999999751e+00 -1.000000000000000000e+00 3.600000000000000089e+00 7.349999999999999645e+00 -1.000000000000000000e+00 1.250999999999999979e+01 7.820000000000000284e+00
2.078999999999999915e+01 -1.000000000000000000e+00 8.509999999999999787e+00 4.219999999999999751e+00 -1.000000000000000000e+00 3.629999999999999893e+00 7.349999999999999645e+00 -1.000000000000000000e+00 1.255000000000000071e+01 7.740000000000000213e+00
2.073000000000000043e+01 -1.000000000000000000e+00 8.490000000000000213e+00 4.169999999999999929e+00 -1.000000000000000000e+00 3.640000000000000124e+00 7.360000000000000320e+00 -1.000000000000000000e+00 1.253999999999999915e+01 7.830000000000000071e+00
2.080000000000000071e+01 -1.000000000000000000e+00 8.470000000000000639e+00 4.209999999999999964e+00 -1.000000000000000000e+00 3.629999999999999893e+00 7.339999999999999858e+00 -1.000000000000000000e+00 1.256000000000000050e+01 7.799999999999999822e+00
2.076000000000000156e+01 -1.000000000000000000e+00 8.470000000000000639e+00 4.219999999999999751e+00 -1.000000000000000000e+00 3.609999999999999876e+00 7.360000000000000320e+00 -1.000000000000000000e+00 1.251999999999999957e+01 7.790000000000000036e+00
2.071999999999999886e+01 -1.000000000000000000e+00 8.480000000000000426e+00 4.200000000000000178e+00 -1.000000000000000000e+00 3.629999999999999893e+00 7.360000000000000320e+00 -1.000000000000000000e+00 1.253999999999999915e+01 7.830000000000000071e+00
2.076000000000000156e+01 -1.000000000000000000e+00 8.490000000000000213e+00 4.280000000000000249e+00 -1.000000000000000000e+00 3.580000000000000071e+00 7.330000000000000071e+00 -1.000000000000000000e+00 1.259999999999999964e+01 7.790000000000000036e+00
2.076000000000000156e+01 -1.000000000000000000e+00 8.480000000000000426e+00 4.200000000000000178e+00 -1.000000000000000000e+00 3.589999999999999858e+00 7.339999999999999858e+00 -1.000000000000000000e+00 1.252999999999999936e+01 7.769999999999999574e+00
2.076999999999999957e+01 -1.000000000000000000e+00 8.470000000000000639e+00 4.190000000000000391e+00 -1.000000000000000000e+00 3.569999999999999840e+00 7.290000000000000036e+00 -1.000000000000000000e+00 1.246000000000000085e+01 7.719999999999999751e+00
2.076000000000000156e+01 -1.000000000000000000e+00 8.449999999999999289e+00 4.230000000000000426e+00 -1.000000000000000000e+00 3.560000000000000053e+00 7.320000000000000284e+00 -1.000000000000000000e+00 1.250999999999999979e+01 7.809999999999999609e+00
2.071000000000000085e+01 -1.000000000000000000e+00 8.470000000000000639e+00 4.150000000000000355e+00 -1.000000000000000000e+00 3.609999999999999876e+00 7.360000000000000320e+00 -1.000000000000000000e+00 1.247000000000000064e+01 7.799999999999999822e+00
2.067999999999999972e+01 -1.000000000000000000e+00 8.480000000000000426e+00 4.190000000000000391e+00 -1.000000000000000000e+00 3.589999999999999858e+00 7.290000000000000036e+00 -1.000000000000000000e+00 1.256000000000000050e+01 7.740000000000000213e+00
2.075000000000000000e+01 -1.000000000000000000e+00 8.490000000000000213e+00 4.209999999999999964e+00 -1.000000000000000000e+00 3.580000000000000071e+00 7.360000000000000320e+00 -1.000000000000000000e+00 1.257000000000000028e+01 7.740000000000000213e+00
2.078000000000000114e+01 -1.000000000000000000e+00 8.470000000000000639e+00 4.230000000000000426e+00 -1.000000000000000000e+00 3.640000000000000124e+00 7.360000000000000320e+00 -1.000000000000000000e+00 1.257000000000000028e+01 7.730000000000000426e+00
2.076000000000000156e+01 -1.000000000000000000e+00 8.470000000000000639e+00 4.219999999999999751e+00 -1.000000000000000000e+00 3.600000000000000089e+00 7.370000000000000107e+00 -1.000000000000000000e+00 1.252999999999999936e+01 7.759999999999999787e+00
2.075000000000000000e+01 -1.000000000000000000e+00 8.470000000000000639e+00 4.169999999999999929e+00 -1.000000000000000000e+00 3.569999999999999840e+00 7.320000000000000284e+00 -1.000000000000000000e+00 1.253999999999999915e+01 7.759999999999999787e+00
2.078000000000000114e+01 -1.000000000000000000e+00 8.470000000000000639e+00 4.160000000000000142e+00 -1.000000000000000000e+00 3.560000000000000053e+00 7.349999999999999645e+00 -1.000000000000000000e+00 1.261999999999999922e+01 7.730000000000000426e+00
2.076000000000000156e+01 -1.000000000000000000e+00 8.480000000000000426e+00 4.230000000000000426e+00 -1.000000000000000000e+00 3.609999999999999876e+00 7.299999999999999822e+00 -1.000000000000000000e+00 1.257000000000000028e+01 7.790000000000000036e+00
2.071999999999999886e+01 -1.000000000000000000e+00 8.480000000000000426e+00 4.219999999999999751e+00 -1.000000000000000000e+00 3.600000000000000089e+00 7.309999999999999609e+00 -1.000000000000000000e+00 1.250000000000000000e+01 7.790000000000000036e+00
2.073000000000000043e+01 -1.000000000000000000e+00 8.419999999999999929e+00 4.190000000000000391e+00 -1.000000000000000000e+00 3.580000000000000071e+00 7.269999999999999574e+00 -1.000000000000000000e+00 1.260999999999999943e+01 7.809999999999999609e+00
2.073999999999999844e+01 -1.000000000000000000e+00 8.480000000000000426e+00 4.219999999999999751e+00 -1.000000000000000000e+00 3.600000000000000089e+00 7.280000000000000249e+00 -1.000000000000000000e+00 1.257000000000000028e+01 7.799999999999999822e+00
2.073999999999999844e+01 -1.000000000000000000e+00 8.470000000000000639e+00 4.209999999999999964e+00 -1.000000000000000000e+00 3.589999999999999858e+00 7.379999999999999893e+00 -1.000000000000000000e+00 1.252999999999999936e+01 7.799999999999999822e+00
2.073999999999999844e+01 -1.000000000000000000e+00 8.480000000000000426e+00 4.190000000000000391e+00 -1.000000000000000000e+00 3.569999999999999840e+00 7.349999999999999645e+00 -1.000000000000000000e+00 1.250000000000000000e+01 7.740000000000000213e+00
2.076000000000000156e+01 -1.000000000000000000e+00 8.449999999999999289e+00 4.139999999999999680e+00 -1.000000000000000000e+00 3.609999999999999876e+00 7.309999999999999609e+00 -1.000000000000000000e+00 1.248000000000000043e+01 7.820000000000000284e+00
2.073999999999999844e+01 -1.000000000000000000e+00 8.460000000000000853e+00 4.190000000000000391e+00 -1.000000000000000000e+00 3.580000000000000071e+00 7.320000000000000284e+00 -1.000000000000000000e+00 1.258999999999999986e+01 7.799999999999999822e+00
2.071999999999999886e+01 -1.000000000000000000e+00 8.470000000000000639e+00 4.219999999999999751e+00 -1.000000000000000000e+00 3.560000000000000053e+00 7.370000000000000107e+00 -1.000000000000000000e+00 1.252999999999999936e+01 7.750000000000000000e+00
2.067999999999999972e+01 -1.000000000000000000e+00 8.470000000000000639e+00 4.219999999999999751e+00 -1.000000000000000000e+00 3.620000000000000107e+00 7.290000000000000036e+00 -1.000000000000000000e+00 1.247000000000000064e+01 7.799999999999999822e+00
2.076999999999999957e+01 -1.000000000000000000e+00 8.449999999999999289e+00 4.230000000000000426e+00 -1.000000000000000000e+00 3.580000000000000071e+00 7.360000000000000320e+00 -1.000000000000000000e+00 1.252999999999999936e+01 7.750000000000000000e+00
2.075000000000000000e+01 -1.000000000000000000e+00 8.490000000000000213e+00 4.110000000000000320e+00 -1.000000000000000000e+00 3.620000000000000107e+00 7.360000000000000320e+00 -1.000000000000000000e+00 1.259999999999999964e+01 7.780000000000000249e+00
2.071000000000000085e+01 -1.000000000000000000e+00 8.490000000000000213e+00 4.129999999999999893e+00 -1.000000000000000000e+00 3.560000000000000053e+00 7.320000000000000284e+00 -1.000000000000000000e+00 1.258999999999999986e+01 7.830000000000000071e+00
2.073000000000000043e+01 -1.000000000000000000e+00 8.449999999999999289e+00 4.230000000000000426e+00 -1.000000000000000000e+00 3.620000000000000107e+00 7.349999999999999645e+00 -1.000000000000000000e+00 1.256000000000000050e+01 7.750000000000000000e+00
2.075000000000000000e+01 -1.000000000000000000e+00 8.470000000000000639e+00 4.230000000000000426e+00 -1.000000000000000000e+00 3.569999999999999840e+00 7.349999999999999645e+00 -1.000000000000000000e+00 1.250000000000000000e+01 7.830000000000000071e+00
2.071999999999999886e+01 -1.000000000000000000e+00 8.509999999999999787e+00 4.169999999999999929e+00 -1.000000000000000000e+00 3.609999999999999876e+00 7.330000000000000071e+00 -1.000000000000000000e+00 1.253999999999999915e+01 7.820000000000000284e+00
2.073000000000000043e+01 -1.000000000000000000e+00 8.449999999999999289e+00 4.230000000000000426e+00 -1.000000000000000000e+00 3.620000000000000107e+00 7.309999999999999609e+00 -1.000000000000000000e+00 1.250999999999999979e+01 7.740000000000000213e+00
2.071999999999999886e+01 -1.000000000000000000e+00 8.449999999999999289e+00 4.099999999999999645e+00 -1.000000000000000000e+00 3.600000000000000089e+00 7.389999999999999680e+00 -1.000000000000000000e+00 1.250999999999999979e+01 7.759999999999999787e+00
2.073000000000000043e+01 -1.000000000000000000e+00 8.490000000000000213e+00 4.160000000000000142e+00 -1.000000000000000000e+00 3.580000000000000071e+00 7.349999999999999645e+00 -1.000000000000000000e+00 1.249000000000000021e+01 7.790000000000000036e+00
2.076999999999999957e+01 -1.000000000000000000e+00 8.480000000000000426e+00 4.209999999999999964e+00 -1.000000000000000000e+00 3.600000000000000089e+00 7.339999999999999858e+00 -1.000000000000000000e+00 1.255000000000000071e+01 7.750000000000000000e+00
2.076000000000000156e+01 -1.000000000000000000e+00 8.429999999999999716e+00 4.240000000000000213e+00 -1.000000000000000000e+00 3.589999999999999858e+00 7.309999999999999609e+00 -1.000000000000000000e+00 1.258000000000000007e+01 7.750000000000000000e+00
2.073999999999999844e+01 -1.000000000000000000e+00 8.470000000000000639e+00 4.230000000000000426e+00 -1.000000000000000000e+00 3.629999999999999893e+00 7.320000000000000284e+00 -1.000000000000000000e+00 1.251999999999999957e+01 7.780000000000000249e+00
2.075000000000000000e+01 -1.000000000000000000e+00 8.439999999999999503e+00 4.209999999999999964e+00 -1.000000000000000000e+00 3.589999999999999858e+00 7.379999999999999893e+00 -1.000000000000000000e+00 1.257000000000000028e+01 7.769999999999999574e+00
2.073999999999999844e+01 -1.000000000000000000e+00 8.470000000000000639e+00 4.230000000000000426e+00 -1.000000000000000000e+00 3.629999999999999893e+00 7.349999999999999645e+00 -1.000000000000000000e+00 1.250000000000000000e+01 7.750000000000000000e+00
2.076000000000000156e+01 -1.000000000000000000e+00 8.460000000000000853e+00 4.219999999999999751e+00 -1.000000000000000000e+00 3.600000000000000089e+00 7.309999999999999609e+00 -1.000000000000000000e+00 1.257000000000000028e+01 7.809999999999999609e+00
2.076000000000000156e+01 -1.000000000000000000e+00 8.449999999999999289e+00 4.179999999999999716e+00 -1.000000000000000000e+00 3.580000000000000071e+00 7.370000000000000107e+00 -1.000000000000000000e+00 1.257000000000000028e+01 7.820000000000000284e+00
2.078000000000000114e+01 -1.000000000000000000e+00 8.460000000000000853e+00 4.259999999999999787e+00 -1.000000000000000000e+00 3.580000000000000071e+00 7.299999999999999822e+00 -1.000000000000000000e+00 1.253999999999999915e+01 7.740000000000000213e+00
2.075000000000000000e+01 -1.000000000000000000e+00 8.460000000000000853e+00 4.160000000000000142e+00 -1.000000000000000000e+00 3.580000000000000071e+00 7.339999999999999858e+00 -1.000000000000000000e+00 1.246000000000000085e+01 7.730000000000000426e+00
2.080000000000000071e+01 -1.000000000000000000e+00 8.439999999999999503e+00 4.200000000000000178e+00 -1.000000000000000000e+00 3.620000000000000107e+00 7.299999999999999822e+00 -1.000000000000000000e+00 1.258999999999999986e+01 7.769999999999999574e+00
2.076000000000000156e+01 -1.000000000000000000e+00 8.480000000000000426e+00 4.250000000000000000e+00 -1.000000000000000000e+00 3.640000000000000124e+00 7.320000000000000284e+00 -1.000000000000000000e+00 1.256000000000000050e+01 7.730000000000000426e+00
