-1.000000000000000000e+00 -1.000000000000000000e+00 -1.000000000000000000e+00 -1.000000000000000000e+00 -1.000000000000000000e+00 -1.000000000000000000e+00 -1.000000000000000000e+00 -1.000000000000000000e+00 -1.000000000000000000e+00 -1.000000000000000000e+00
-1.000000000000000000e+00 3.890000000000000124e+00 1.278999999999999915e+01 2.001999999999999957e+01 2.089000000000000057e+01 2.403000000000000114e+01 -1.000000000000000000e+00 -1.000000000000000000e+00 8.150000000000000355e+00 1.307000000000000028e+01
-1.000000000000000000e+00 3.859999999999999876e+00 1.394999999999999929e+01 2.001999999999999957e+01 2.071999999999999886e+01 2.412000000000000099e+01 -1.000000000000000000e+00 9.199999999999999289e+00 8.169999999999999929e+00 1.306000000000000050e+01
-1.000000000000000000e+00 3.859999999999999876e+00 1.283000000000000007e+01 1.998999999999999844e+01 2.082000000000000028e+01 2.412999999999999901e+01 -1.000000000000000000e+00 9.169999999999999929e+00 8.140000000000000568e+00 1.314000000000000057e+01
-1.000000000000000000e+00 3.870000000000000107e+00 1.290000000000000036e+01 1.992999999999999972e+01 2.078999999999999915e+01 2.416000000000000014e+01 -1.000000000000000000e+00 9.140000000000000568e+00 8.140000000000000568e+00 1.356000000000000050e+01
-1.000000000000000000e+00 3.850000000000000089e+00 1.277999999999999936e+01 2.001999999999999957e+01 2.089999999999999858e+01 2.410000000000000142e+01 -1.000000000000000000e+00 9.109999999999999432e+00 8.109999999999999432e+00 1.351999999999999957e+01
-1.000000000000000000e+00 3.879999999999999893e+00 1.285999999999999943e+01 2.005999999999999872e+01 2.087000000000000099e+01 2.407999999999999829e+01 -1.000000000000000000e+00 9.160000000000000142e+00 8.169999999999999929e+00 1.350999999999999979e+01
-1.000000000000000000e+00 3.899999999999999911e+00 1.283999999999999986e+01 2.005999999999999872e+01 2.082000000000000028e+01 2.412999999999999901e+01 -1.000000000000000000e+00 -1.000000000000000000e+00 8.160000000000000142e+00 1.352999999999999936e+01
-1.000000000000000000e+00 3.870000000000000107e+00 -1.000000000000000000e+00 1.996000000000000085e+01 2.076999999999999957e+01 2.417000000000000171e+01 -1.000000000000000000e+00 -1.000000000000000000e+00 8.179999999999999716e+00 1.352999999999999936e+01
-1.000000000000000000e+00 3.839999999999999858e+00 1.293999999999999950e+01 2.007999999999999829e+01 2.082000000000000028e+01 2.410000000000000142e+01 -1.000000000000000000e+00 -1.000000000000000000e+00 8.160000000000000142e+00 1.393999999999999950e+01
-1.000000000000000000e+00 3.859999999999999876e+00 1.291000000000000014e+01 2.001999999999999957e+01 2.082000000000000028e+01 2.405999999999999872e+01 -1.000000000000000000e+00 -1.000000000000000000e+00 8.160000000000000142e+00 1.309999999999999964e+01
-1.000000000000000000e+00 3.850000000000000089e+00 1.285999999999999943e+01 2.012000000000000099e+01 2.085999999999999943e+01 2.401999999999999957e+01 -1.000000000000000000e+00 -1.000000000000000000e+00 8.160000000000000142e+00 1.311999999999999922e+01
-1.000000000000000000e+00 3.890000000000000124e+00 1.298000000000000043e+01 2.001999999999999957e+01 2.092000000000000171e+01 2.410999999999999943e+01 -1.000000000000000000e+00 -1.000000000000000000e+00 8.130000000000000782e+00 1.311999999999999922e+01
-1.000000000000000000e+00 3.879999999999999893e+00 1.283000000000000007e+01 2.005000000000000071e+01 2.080999999999999872e+01 2.410999999999999943e+01 -1.000000000000000000e+00 -1.000000000000000000e+00 8.140000000000000568e+00 1.347000000000000064e+01
-1.000000000000000000e+00 -1.000000000000000000e+00 1.286999999999999922e+01 2.001000000000000156e+01 2.085999999999999943e+01 2.414000000000000057e+01 -1.000000000000000000e+00 -1.000000000000000000e+00 8.179999999999999716e+00 1.356000000000000050e+01
-1.000000000000000000e+00 3.850000000000000089e+00 1.284999999999999964e+01 2.008999999999999986e+01 2.080000000000000071e+01 2.408999999999999986e+01 -1.000000000000000000e+00 -1.000000000000000000e+00 8.160000000000000142e+00 1.322000000000000064e+01
-1.000000000000000000e+00 3.879999999999999893e+00 1.278999999999999915e+01 2.007999999999999829e+01 2.078999999999999915e+01 2.410999999999999943e+01 -1.000000000000000000e+00 -1.000000000000000000e+00 8.150000000000000355e+00 1.348000000000000043e+01
-1.000000000000000000e+00 3.870000000000000107e+00 1.285999999999999943e+01 2.007000000000000028e+01 2.085000000000000142e+01 2.417000000000000171e+01 -1.000000000000000000e+00 -1.000000000000000000e+00 8.179999999999999716e+00 1.305000000000000071e+01
-1.000000000000000000e+00 3.859999999999999876e+00 1.275000000000000000e+01 2.003000000000000114e+01 2.087000000000000099e+01 2.407999999999999829e+01 -1.000000000000000000e+00 9.140000000000000568e+00 8.099999999999999645e+00 1.319999999999999929e+01
-1.000000000000000000e+00 3.850000000000000089e+00 1.286999999999999922e+01 2.008999999999999986e+01 2.073000000000000043e+01 2.414999999999999858e+01 -1.000000000000000000e+00 -1.000000000000000000e+00 8.119999999999999218e+00 1.306000000000000050e+01
-1.000000000000000000e+00 3.850000000000000089e+00 1.291000000000000014e+01 2.005000000000000071e+01 2.080999999999999872e+01 2.408999999999999986e+01 -1.000000000000000000e+00 -1.000000000000000000e+00 8.109999999999999432e+00 1.310999999999999943e+01
-1.000000000000000000e+00 3.859999999999999876e+00 1.283000000000000007e+01 2.000000000000000000e+01 2.085000000000000142e+01 2.408999999999999986e+01 -1.000000000000000000e+00 -1.000000000000000000e+00 8.150000000000000355e+00 1.350000000000000000e+01
-1.000000000000000000e+00 3.930000000000000160e+00 1.398000000000000043e+01 2.008999999999999986e+01 2.071000000000000085e+01 2.410000000000000142e+01 -1.000000000000000000e+00 -1.000000000000000000e+00 8.189999999999999503e+00 1.350000000000000000e+01
-1.000000000000000000e+00 3.839999999999999858e+00 1.292999999999999972e+01 2.003999999999999915e+01 2.087999999999999901e+01 2.410000000000000142e+01 -1.000000000000000000e+00 -1.000000000000000000e+00 8.130000000000000782e+00 1.319999999999999929e+01
-1.000000000000000000e+00 3.850000000000000089e+00 1.289000000000000057e+01 2.007999999999999829e+01 2.083999999999999986e+01 2.410000000000000142e+01 -1.000000000000000000e+00 9.169999999999999929e+00 8.179999999999999716e+00 1.311999999999999922e+01
-1.000000000000000000e+00 3.850000000000000089e+00 1.289000000000000057e+01 2.003000000000000114e+01 2.091000000000000014e+01 2.407000000000000028e+01 -1.000000000000000000e+00 -1.000000000000000000e+00 8.150000000000000355e+00 1.310999999999999943e+01
-1.000000000000000000e+00 3.870000000000000107e+00 1.277999999999999936e+01 2.001000000000000156e+01 2.085000000000000142e+01 2.410000000000000142e+01 -1.000000000000000000e+00 -1.000000000000000000e+00 8.150000000000000355e+00 1.315000000000000036e+01
-1.000000000000000000e+00 3.850000000000000089e+00 1.391999999999999993e+01 2.005000000000000071e+01 2.080999999999999872e+01 2.408999999999999986e+01 -1.000000000000000000e+00 9.140000000000000568e+00 8.099999999999999645e+00 1.349000000000000021e+01
-1.000000000000000000e+00 3.890000000000000124e+00 1.386999999999999922e+01 1.978000000000000114e+01 2.073999999999999844e+01 2.417000000000000171e+01 -1.000000000000000000e+00 9.210000000000000853e+00 8.160000000000000142e+00 1.316000000000000014e+01
-1.000000000000000000e+00 3.879999999999999893e+00 1.283999999999999986e+01 2.012000000000000099e+01 2.073999999999999844e+01 2.412999999999999901e+01 -1.000000000000000000e+00 -1.000000000000000000e+00 8.169999999999999929e+00 1.330000000000000071e+01
-1.000000000000000000e+00 3.870000000000000107e+00 1.293999999999999950e+01 2.005999999999999872e+01 2.091000000000000014e+01 2.416000000000000014e+01 -1.000000000000000000e+00 -1.000000000000000000e+00 8.140000000000000568e+00 1.314000000000000057e+01
-1.000000000000000000e+00 3.890000000000000124e+00 1.390000000000000036e+01 1.996999999999999886e+01 2.083999999999999986e+01 2.412000000000000099e+01 -1.000000000000000000e+00 -1.000000000000000000e+00 8.119999999999999218e+00 1.308000000000000007e+01
-1.000000000000000000e+00 3.859999999999999876e+00 1.283999999999999986e+01 2.010999999999999943e+01 2.096999999999999886e+01 2.405999999999999872e+01 -1.000000000000000000e+00 -1.000000000000000000e+00 8.169999999999999929e+00 1.357000000000000028e+01
-1.000000000000000000e+00 3.879999999999999893e+00 1.282000000000000028e+01 2.007999999999999829e+01 2.087999999999999901e+01 2.403000000000000114e+01 -1.000000000000000000e+00 -1.000000000000000000e+00 8.130000000000000782e+00 1.352999999999999936e+01
-1.000000000000000000e+00 3.859999999999999876e+00 1.281000000000000050e+01 2.001000000000000156e+01 -1.000000000000000000e+00 2.408999999999999986e+01 -1.000000000000000000e+00 -1.000000000000000000e+00 8.150000000000000355e+00 1.311999999999999922e+01
-1.000000000000000000e+00 3.870000000000000107e+00 1.291000000000000014e+01 2.001000000000000156e+01 2.087999999999999901e+01 2.410999999999999943e+01 -1.000000000000000000e+00 -1.000000000000000000e+00 8.179999999999999716e+00 1.321000000000000085e+01
-1.000000000000000000e+00 3.919999999999999929e+00 1.292999999999999972e+01 2.005000000000000071e+01 2.089000000000000057e+01 2.412999999999999901e+01 -1.000000000000000000e+00 -1.000000000000000000e+00 8.130000000000000782e+00 1.308000000000000007e+01
-1.000000000000000000e+00 3.890000000000000124e+00 1.283000000000000007e+01 2.005999999999999872e+01 2.089999999999999858e+01 2.412000000000000099e+01 -1.000000000000000000e+00 -1.000000000000000000e+00 8.169999999999999929e+00 1.309999999999999964e+01
-1.000000000000000000e+00 3.859999999999999876e+00 1.394999999999999929e+01 2.007999999999999829e+01 -1.000000000000000000e+00 2.408999999999999986e+01 -1.000000000000000000e+00 -1.000000000000000000e+00 8.179999999999999716e+00 1.352999999999999936e+01
-1.000000000000000000e+00 3.899999999999999911e+00 1.390000000000000036e+01 1.992999999999999972e+01 2.091000000000000014e+01 2.416000000000000014e+01 -1.000000000000000000e+00 -1.000000000000000000e+00 8.160000000000000142e+00 1.325000000000000000e+01
-1.000000000000000000e+00 3.870000000000000107e+00 1.282000000000000028e+01 2.005000000000000071e+01 2.078000000000000114e+01 2.412000000000000099e+01 2.778000000000000114e+01 -1.000000000000000000e+00 8.119999999999999218e+00 1.313000000000000078e+01
-1.000000000000000000e+00 3.879999999999999893e+00 1.289000000000000057e+01 2.007999999999999829e+01 2.080999999999999872e+01 2.408999999999999986e+01 -1.000000000000000000e+00 -1.000000000000000000e+00 8.130000000000000782e+00 1.313000000000000078e+01
-1.000000000000000000e+00 3.850000000000000089e+00 1.283999999999999986e+01 2.007999999999999829e+01 2.085000000000000142e+01 2.410999999999999943e+01 -1.000000000000000000e+00 -1.000000000000000000e+00 8.179999999999999716e+00 1.310999999999999943e+01
-1.000000000000000000e+00 3.899999999999999911e+00 1.277999999999999936e+01 2.005000000000000071e+01 2.080999999999999872e+01 2.410000000000000142e+01 -1.000000000000000000e+00 9.130000000000000782e+00 8.130000000000000782e+00 1.322000000000000064e+01
-1.000000000000000000e+00 3.850000000000000089e+00 1.281000000000000050e+01 2.001000000000000156e+01 2.078999999999999915e+01 2.410999999999999943e+01 -1.000000000000000000e+00 -1.000000000000000000e+00 8.119999999999999218e+00 1.352999999999999936e+01
-1.000000000000000000e+00 3.870000000000000107e+00 1.272000000000000064e+01 2.003000000000000114e+01 2.076999999999999957e+01 2.408999999999999986e+01 -1.000000000000000000e+00 -1.000000000000000000e+00 8.179999999999999716e+00 1.352999999999999936e+01
-1.000000000000000000e+00 3.850000000000000089e+00 1.286999999999999922e+01 2.007999999999999829e+01 2.085999999999999943e+01 2.412000000000000099e+01 -1.000000000000000000e+00 -1.000000000000000000e+00 8.160000000000000142e+00 1.310999999999999943e+01
-1.000000000000000000e+00 3.859999999999999876e+00 1.285999999999999943e+01 2.003000000000000114e+01 2.085000000000000142e+01 2.412000000000000099e+01 -1.000000000000000000e+00 -1.000000000000000000e+00 8.160000000000000142e+00 1.310999999999999943e+01
-1.000000000000000000e+00 3.859999999999999876e+00 1.284999999999999964e+01 2.001000000000000156e+01 2.085999999999999943e+01 2.412999999999999901e+01 -1.000000000000000000e+00 -1.000000000000000000e+00 8.210000000000000853e+00 1.316000000000000014e+01
-1.000000000000000000e+00 3.859999999999999876e+00 1.280000000000000071e+01 2.001000000000000156e+01 2.080999999999999872e+01 2.414000000000000057e+01 -1.000000000000000000e+00 -1.000000000000000000e+00 8.169999999999999929e+00 1.314000000000000057e+01
-1.000000000000000000e+00 3.850000000000000089e+00 1.285999999999999943e+01 1.998999999999999844e+01 2.078000000000000114e+01 2.407999999999999829e+01 -1.000000000000000000e+00 -1.000000000000000000e+00 8.130000000000000782e+00 1.353999999999999915e+01
-1.000000000000000000e+00 3.850000000000000089e+00 1.276999999999999957e+01 2.012000000000000099e+01 2.082000000000000028e+01 2.410000000000000142e+01 -1.000000000000000000e+00 -1.000000000000000000e+00 8.109999999999999432e+00 1.309999999999999964e+01
-1.000000000000000000e+00 3.859999999999999876e+00 1.281000000000000050e+01 2.007000000000000028e+01 2.083999999999999986e+01 2.408999999999999986e+01 -1.000000000000000000e+00 9.160000000000000142e+00 8.169999999999999929e+00 1.352999999999999936e+01
-1.000000000000000000e+00 3.879999999999999893e+00 1.289000000000000057e+01 2.001000000000000156e+01 2.069999999999999929e+01 2.405999999999999872e+01 -1.000000000000000000e+00 -1.000000000000000000e+00 8.169999999999999929e+00 1.314000000000000057e+01
-1.000000000000000000e+00 3.870000000000000107e+00 1.289000000000000057e+01 2.003000000000000114e+01 2.080999999999999872e+01 2.405999999999999872e+01 -1.000000000000000000e+00 -1.000000000000000000e+00 8.179999999999999716e+00 1.358000000000000007e+01
-1.000000000000000000e+00 3.890000000000000124e+00 1.283999999999999986e+01 2.000000000000000000e+01 2.087999999999999901e+01 2.414000000000000057e+01 -1.000000000000000000e+00 -1.000000000000000000e+00 8.130000000000000782e+00 1.310999999999999943e+01
-1.000000000000000000e+00 3.859999999999999876e+00 1.291000000000000014e+01 2.003999999999999915e+01 2.089000000000000057e+01 2.416000000000000014e+01 -1.000000000000000000e+00 -1.000000000000000000e+00 8.169999999999999929e+00 1.351999999999999957e+01
-1.000000000000000000e+00 3.850000000000000089e+00 1.293999999999999950e+01 2.007000000000000028e+01 2.062999999999999901e+01 2.405999999999999872e+01 -1.000000000000000000e+00 -1.000000000000000000e+00 8.169999999999999929e+00 1.308999999999999986e+01
-1.000000000000000000e+00 3.859999999999999876e+00 1.283000000000000007e+01 2.003999999999999915e+01 2.078999999999999915e+01 2.410000000000000142e+01 -1.000000000000000000e+00 -1.000000000000000000e+00 8.169999999999999929e+00 1.307000000000000028e+01
-1.000000000000000000e+00 3.839999999999999858e+00 -1.000000000000000000e+00 2.007000000000000028e+01 2.087999999999999901e+01 2.416000000000000014e+01 -1.000000000000000000e+00 -1.000000000000000000e+00 8.179999999999999716e+00 1.358999999999999986e+01
-1.000000000000000000e+00 3.850000000000000089e+00 1.281000000000000050e+01 2.008999999999999986e+01 2.085000000000000142e+01 2.410999999999999943e+01 -1.000000000000000000e+00 -1.000000000000000000e+00 8.130000000000000782e+00 1.307000000000000028e+01
-1.000000000000000000e+00 3.859999999999999876e+00 1.294999999999999929e+01 1.980999999999999872e+01 2.094000000000000128e+01 2.414999999999999858e+01 -1.000000000000000000e+00 -1.000000000000000000e+00 8.140000000000000568e+00 1.314000000000000057e+01
-1.000000000000000000e+00 3.879999999999999893e+00 1.282000000000000028e+01 2.003999999999999915e+01 2.089000000000000057e+01 2.405999999999999872e+01 -1.000000000000000000e+00 -1.000000000000000000e+00 8.179999999999999716e+00 1.307000000000000028e+01
-1.000000000000000000e+00 3.879999999999999893e+00 1.282000000000000028e+01 2.008999999999999986e+01 2.078999999999999915e+01 2.410000000000000142e+01 -1.000000000000000000e+00 -1.000000000000000000e+00 8.179999999999999716e+00 1.308000000000000007e+01
-1.000000000000000000e+00 3.850000000000000089e+00 1.282000000000000028e+01 2.010999999999999943e+01 2.085999999999999943e+01 2.405000000000000071e+01 -1.000000000000000000e+00 -1.000000000000000000e+00 8.160000000000000142e+00 1.350999999999999979e+01
-1.000000000000000000e+00 3.850000000000000089e+00 1.283999999999999986e+01 2.014999999999999858e+01 2.085999999999999943e+01 2.417000000000000171e+01 -1.000000000000000000e+00 -1.000000000000000000e+00 8.130000000000000782e+00 1.318999999999999950e+01
-1.000000000000000000e+00 3.890000000000000124e+00 1.283999999999999986e+01 2.007000000000000028e+01 2.094999999999999929e+01 2.412000000000000099e+01 -1.000000000000000000e+00 -1.000000000000000000e+00 8.210000000000000853e+00 1.308999999999999986e+01
-1.000000000000000000e+00 3.859999999999999876e+00 1.291000000000000014e+01 2.003999999999999915e+01 2.087000000000000099e+01 2.414999999999999858e+01 -1.000000000000000000e+00 9.130000000000000782e+00 8.150000000000000355e+00 1.349000000000000021e+01
-1.000000000000000000e+00 3.890000000000000124e+00 1.276999999999999957e+01 2.007000000000000028e+01 2.073999999999999844e+01 2.408999999999999986e+01 -1.000000000000000000e+00 -1.000000000000000000e+00 8.130000000000000782e+00 1.351999999999999957e+01
-1.000000000000000000e+00 3.930000000000000160e+00 1.284999999999999964e+01 2.008999999999999986e+01 2.080999999999999872e+01 2.414000000000000057e+01 -1.000000000000000000e+00 -1.000000000000000000e+00 8.160000000000000142e+00 1.355000000000000071e+01
-1.000000000000000000e+00 3.919999999999999929e+00 1.286999999999999922e+01 2.003999999999999915e+01 2.085000000000000142e+01 2.410000000000000142e+01 -1.000000000000000000e+00 9.119999999999999218e+00 -1.000000000000000000e+00 1.309999999999999964e+01
-1.000000000000000000e+00 3.899999999999999911e+00 1.286999999999999922e+01 2.005000000000000071e+01 2.078000000000000114e+01 2.412000000000000099e+01 -1.000000000000000000e+00 9.140000000000000568e+00 8.119999999999999218e+00 1.355000000000000071e+01
-1.000000000000000000e+00 3.850000000000000089e+00 1.274000000000000021e+01 2.010000000000000142e+01 2.087000000000000099e+01 2.407000000000000028e+01 -1.000000000000000000e+00 -1.000000000000000000e+00 8.179999999999999716e+00 1.357000000000000028e+01
-1.000000000000000000e+00 3.870000000000000107e+00 1.276999999999999957e+01 2.007000000000000028e+01 2.080999999999999872e+01 2.414999999999999858e+01 -1.000000000000000000e+00 -1.000000000000000000e+00 8.199999999999999289e+00 1.351999999999999957e+01
-1.000000000000000000e+00 3.899999999999999911e+00 1.291999999999999993e+01 2.005000000000000071e+01 2.096000000000000085e+01 2.408999999999999986e+01 -1.000000000000000000e+00 -1.000000000000000000e+00 8.130000000000000782e+00 1.308000000000000007e+01
-1.000000000000000000e+00 3.879999999999999893e+00 1.290000000000000036e+01 2.003000000000000114e+01 2.089999999999999858e+01 2.407000000000000028e+01 -1.000000000000000000e+00 -1.000000000000000000e+00 8.140000000000000568e+00 1.355000000000000071e+01
-1.000000000000000000e+00 3.850000000000000089e+00 -1.000000000000000000e+00 2.012000000000000099e+01 2.085000000000000142e+01 2.417999999999999972e+01 -1.000000000000000000e+00 -1.000000000000000000e+00 8.169999999999999929e+00 1.353999999999999915e+01
-1.000000000000000000e+00 3.879999999999999893e+00 1.291000000000000014e+01 2.005000000000000071e+01 2.089000000000000057e+01 2.412000000000000099e+01 -1.000000000000000000e+00 9.160000000000000142e+00 8.189999999999999503e+00 1.310999999999999943e+01
-1.000000000000000000e+00 3.870000000000000107e+00 1.290000000000000036e+01 2.005999999999999872e+01 2.085999999999999943e+01 2.410000000000000142e+01 -1.000000000000000000e+00 -1.000000000000000000e+00 8.150000000000000355e+00 1.306000000000000050e+01
-1.000000000000000000e+00 3.859999999999999876e+00 1.280000000000000071e+01 2.003999999999999915e+01 2.085000000000000142e+01 2.410000000000000142e+01 -1.000000000000000000e+00 -1.000000000000000000e+00 8.140000000000000568e+00 1.306000000000000050e+01
-1.000000000000000000e+00 3.850000000000000089e+00 1.289000000000000057e+01 2.007000000000000028e+01 2.085000000000000142e+01 2.414999999999999858e+01 -1.000000000000000000e+00 -1.000000000000000000e+00 8.199999999999999289e+00 1.311999999999999922e+01
-1.000000000000000000e+00 3.870000000000000107e+00 1.285999999999999943e+01 2.010000000000000142e+01 2.078000000000000114e+01 2.410999999999999943e+01 -1.000000000000000000e+00 9.230000000000000426e+00 8.150000000000000355e+00 1.351999999999999957e+01
-1.000000000000000000e+00 3.859999999999999876e+00 -1.000000000000000000e+00 2.003000000000000114e+01 2.082000000000000028e+01 2.412999999999999901e+01 -1.000000000000000000e+00 -1.000000000000000000e+00 8.130000000000000782e+00 1.351999999999999957e+01
-1.000000000000000000e+00 3.850000000000000089e+00 -1.000000000000000000e+00 2.005000000000000071e+01 2.076999999999999957e+01 2.412000000000000099e+01 -1.000000000000000000e+00 -1.000000000000000000e+00 8.150000000000000355e+00 1.322000000000000064e+01
-1.000000000000000000e+00 3.850000000000000089e+00 1.284999999999999964e+01 1.998999999999999844e+01 2.082999999999999829e+01 2.408999999999999986e+01 -1.000000000000000000e+00 -1.000000000000000000e+00 8.179999999999999716e+00 1.350999999999999979e+01
-1.000000000000000000e+00 3.870000000000000107e+00 -1.000000000000000000e+00 2.007000000000000028e+01 2.078000000000000114e+01 2.401999999999999957e+01 -1.000000000000000000e+00 -1.000000000000000000e+00 8.179999999999999716e+00 1.352999999999999936e+01
-1.000000000000000000e+00 3.890000000000000124e+00 1.285999999999999943e+01 2.000000000000000000e+01 2.087000000000000099e+01 2.410999999999999943e+01 -1.000000000000000000e+00 -1.000000000000000000e+00 8.160000000000000142e+00 1.306000000000000050e+01
-1.000000000000000000e+00 3.839999999999999858e+00 1.288000000000000078e+01 2.005999999999999872e+01 2.078000000000000114e+01 2.412000000000000099e+01 -1.000000000000000000e+00 -1.000000000000000000e+00 8.130000000000000782e+00 1.351999999999999957e+01
-1.000000000000000000e+00 3.879999999999999893e+00 1.292999999999999972e+01 1.985999999999999943e+01 2.064999999999999858e+01 2.410000000000000142e+01 -1.000000000000000000e+00 -1.000000000000000000e+00 8.150000000000000355e+00 1.350999999999999979e+01
-1.000000000000000000e+00 3.899999999999999911e+00 1.286999999999999922e+01 2.003999999999999915e+01 2.082000000000000028e+01 2.408999999999999986e+01 -1.000000000000000000e+00 -1.000000000000000000e+00 8.119999999999999218e+00 1.324000000000000021e+01
-1.000000000000000000e+00 3.870000000000000107e+00 1.384999999999999964e+01 1.989000000000000057e+01 2.076999999999999957e+01 2.401999999999999957e+01 -1.000000000000000000e+00 9.099999999999999645e+00 8.140000000000000568e+00 1.357000000000000028e+01
-1.000000000000000000e+00 3.839999999999999858e+00 1.291999999999999993e+01 2.005999999999999872e+01 2.087999999999999901e+01 2.407999999999999829e+01 -1.000000000000000000e+00 9.210000000000000853e+00 8.150000000000000355e+00 1.314000000000000057e+01
-1.000000000000000000e+00 3.859999999999999876e+00 -1.000000000000000000e+00 2.003000000000000114e+01 2.092000000000000171e+01 2.412999999999999901e+01 -1.000000000000000000e+00 9.150000000000000355e+00 8.150000000000000355e+00 1.356000000000000050e+01
-1.000000000000000000e+00 3.870000000000000107e+00 1.276999999999999957e+01 2.007000000000000028e+01 2.076000000000000156e+01 2.414999999999999858e+01 -1.000000000000000000e+00 9.140000000000000568e+00 8.169999999999999929e+00 1.330000000000000071e+01
-1.000000000000000000e+00 3.850000000000000089e+00 1.283999999999999986e+01 2.001999999999999957e+01 2.076000000000000156e+01 2.410000000000000142e+01 -1.000000000000000000e+00 -1.000000000000000000e+00 8.130000000000000782e+00 1.315000000000000036e+01
-1.000000000000000000e+00 3.850000000000000089e+00 1.281000000000000050e+01 2.001999999999999957e+01 2.085999999999999943e+01 2.410000000000000142e+01 -1.000000000000000000e+00 -1.000000000000000000e+00 8.169999999999999929e+00 1.311999999999999922e+01
-1.000000000000000000e+00 3.819999999999999840e+00 1.288000000000000078e+01 1.989999999999999858e+01 2.083999999999999986e+01 2.414999999999999858e+01 -1.000000000000000000e+00 -1.000000000000000000e+00 8.169999999999999929e+00 1.352999999999999936e+01
-1.000000000000000000e+00 3.850000000000000089e+00 1.290000000000000036e+01 2.005999999999999872e+01 2.085000000000000142e+01 2.407999999999999829e+01 -1.000000000000000000e+00 9.210000000000000853e+00 8.119999999999999218e+00 1.308000000000000007e+01
-1.000000000000000000e+00 3.859999999999999876e+00 1.280000000000000071e+01 1.946000000000000085e+01 2.078000000000000114e+01 2.412999999999999901e+01 -1.000000000000000000e+00 -1.000000000000000000e+00 8.169999999999999929e+00 1.306000000000000050e+01
-1.000000000000000000e+00 3.899999999999999911e+00 1.282000000000000028e+01 1.994000000000000128e+01 2.082999999999999829e+01 2.405999999999999872e+01 -1.000000000000000000e+00 -1.000000000000000000e+00 8.130000000000000782e+00 1.353999999999999915e+01
