-1.000000000000000000e+00 -1.000000000000000000e+00 -1.000000000000000000e+00 -1.000000000000000000e+00 -1.000000000000000000e+00 -1.000000000000000000e+00 -1.000000000000000000e+00 -1.000000000000000000e+00 -1.000000000000000000e+00 -1.000000000000000000e+00
1.366999999999999993e+01 -1.000000000000000000e+00 3.600000000000000089e+00 6.750000000000000000e+00 8.250000000000000000e+00 1.185999999999999943e+01 1.438000000000000078e+01 4.679999999999999716e+00 5.820000000000000284e+00 -1.000000000000000000e+00
1.367999999999999972e+01 -1.000000000000000000e+00 3.649999999999999911e+00 6.790000000000000036e+00 8.240000000000000213e+00 1.107000000000000028e+01 1.439000000000000057e+01 4.700000000000000178e+00 5.809999999999999609e+00 -1.000000000000000000e+00
1.375999999999999979e+01 -1.000000000000000000e+00 3.609999999999999876e+00 6.790000000000000036e+00 8.279999999999999361e+00 1.144999999999999929e+01 1.436999999999999922e+01 4.709999999999999964e+00 5.809999999999999609e+00 -1.000000000000000000e+00
1.380000000000000071e+01 -1.000000000000000000e+00 3.640000000000000124e+00 6.780000000000000249e+00 8.320000000000000284e+00 1.090000000000000036e+01 1.441999999999999993e+01 4.740000000000000213e+00 5.830000000000000071e+00 -1.000000000000000000e+00
1.371000000000000085e+01 -1.000000000000000000e+00 3.660000000000000142e+00 6.769999999999999574e+00 8.119999999999999218e+00 1.100999999999999979e+01 1.442999999999999972e+01 4.740000000000000213e+00 5.790000000000000036e+00 -1.000000000000000000e+00
1.374000000000000021e+01 -1.000000000000000000e+00 3.620000000000000107e+00 6.780000000000000249e+00 8.390000000000000568e+00 1.184999999999999964e+01 1.441999999999999993e+01 4.730000000000000426e+00 5.820000000000000284e+00 -1.000000000000000000e+00
1.365000000000000036e+01 -1.000000000000000000e+00 3.609999999999999876e+00 6.769999999999999574e+00 8.230000000000000426e+00 1.101999999999999957e+01 1.441999999999999993e+01 4.730000000000000426e+00 5.830000000000000071e+00 -1.000000000000000000e+00
1.366999999999999993e+01 -1.000000000000000000e+00 3.649999999999999911e+00 6.759999999999999787e+00 8.160000000000000142e+00 1.191000000000000014e+01 1.438000000000000078e+01 4.709999999999999964e+00 5.849999999999999645e+00 -1.000000000000000000e+00
1.366000000000000014e+01 -1.000000000000000000e+00 3.629999999999999893e+00 6.759999999999999787e+00 8.269999999999999574e+00 1.149000000000000021e+01 1.439000000000000057e+01 4.719999999999999751e+00 5.849999999999999645e+00 -1.000000000000000000e+00
1.373000000000000043e+01 -1.000000000000000000e+00 3.689999999999999947e+00 6.790000000000000036e+00 8.210000000000000853e+00 1.088000000000000078e+01 1.436999999999999922e+01 4.690000000000000391e+00 5.809999999999999609e+00 -1.000000000000000000e+00
1.366999999999999993e+01 -1.000000000000000000e+00 3.660000000000000142e+00 6.730000000000000426e+00 8.269999999999999574e+00 1.146000000000000085e+01 1.441000000000000014e+01 4.740000000000000213e+00 5.860000000000000320e+00 -1.000000000000000000e+00
1.374000000000000021e+01 -1.000000000000000000e+00 3.600000000000000089e+00 6.769999999999999574e+00 8.199999999999999289e+00 1.141999999999999993e+01 1.433999999999999986e+01 4.769999999999999574e+00 5.780000000000000249e+00 -1.000000000000000000e+00
1.364000000000000057e+01 -1.000000000000000000e+00 3.680000000000000160e+00 6.740000000000000213e+00 8.259999999999999787e+00 1.148000000000000043e+01 1.439000000000000057e+01 4.730000000000000426e+00 -1.000000000000000000e+00 -1.000000000000000000e+00
1.378999999999999915e+01 -1.000000000000000000e+00 3.640000000000000124e+00 6.759999999999999787e+00 8.199999999999999289e+00 1.138000000000000078e+01 1.442999999999999972e+01 4.660000000000000142e+00 5.830000000000000071e+00 -1.000000000000000000e+00
1.373000000000000043e+01 -1.000000000000000000e+00 3.649999999999999911e+00 6.759999999999999787e+00 8.230000000000000426e+00 1.144999999999999929e+01 1.440000000000000036e+01 4.669999999999999929e+00 5.830000000000000071e+00 -1.000000000000000000e+00
1.374000000000000021e+01 -1.000000000000000000e+00 3.700000000000000178e+00 6.759999999999999787e+00 8.289999999999999147e+00 1.142999999999999972e+01 1.433999999999999986e+01 4.719999999999999751e+00 5.790000000000000036e+00 -1.000000000000000000e+00
1.366999999999999993e+01 -1.000000000000000000e+00 3.669999999999999929e+00 6.740000000000000213e+00 8.199999999999999289e+00 1.096000000000000085e+01 1.440000000000000036e+01 -1.000000000000000000e+00 5.910000000000000142e+00 -1.000000000000000000e+00
1.367999999999999972e+01 -1.000000000000000000e+00 3.640000000000000124e+00 6.830000000000000071e+00 8.320000000000000284e+00 1.143999999999999950e+01 1.443999999999999950e+01 4.650000000000000355e+00 5.860000000000000320e+00 -1.000000000000000000e+00
1.378999999999999915e+01 -1.000000000000000000e+00 3.629999999999999893e+00 6.809999999999999609e+00 8.250000000000000000e+00 1.147000000000000064e+01 1.435999999999999943e+01 4.700000000000000178e+00 5.830000000000000071e+00 -1.000000000000000000e+00
1.365000000000000036e+01 -1.000000000000000000e+00 3.629999999999999893e+00 6.750000000000000000e+00 8.279999999999999361e+00 1.139000000000000057e+01 1.438000000000000078e+01 4.730000000000000426e+00 5.839999999999999858e+00 -1.000000000000000000e+00
1.366000000000000014e+01 -1.000000000000000000e+00 3.649999999999999911e+00 6.790000000000000036e+00 8.250000000000000000e+00 1.142999999999999972e+01 1.438000000000000078e+01 4.719999999999999751e+00 5.860000000000000320e+00 -1.000000000000000000e+00
1.375999999999999979e+01 -1.000000000000000000e+00 3.629999999999999893e+00 6.769999999999999574e+00 8.189999999999999503e+00 1.099000000000000021e+01 1.433999999999999986e+01 4.679999999999999716e+00 5.780000000000000249e+00 -1.000000000000000000e+00
1.365000000000000036e+01 -1.000000000000000000e+00 3.620000000000000107e+00 6.759999999999999787e+00 8.240000000000000213e+00 1.141999999999999993e+01 1.441000000000000014e+01 4.730000000000000426e+00 5.830000000000000071e+00 -1.000000000000000000e+00
1.371000000000000085e+01 -1.000000000000000000e+00 3.640000000000000124e+00 6.750000000000000000e+00 8.169999999999999929e+00 1.142999999999999972e+01 1.440000000000000036e+01 4.709999999999999964e+00 5.780000000000000249e+00 -1.000000000000000000e+00
1.377999999999999936e+01 -1.000000000000000000e+00 3.680000000000000160e+00 6.759999999999999787e+00 8.240000000000000213e+00 1.190000000000000036e+01 1.440000000000000036e+01 4.690000000000000391e+00 5.860000000000000320e+00 -1.000000000000000000e+00
1.369999999999999929e+01 -1.000000000000000000e+00 3.629999999999999893e+00 6.769999999999999574e+00 8.220000000000000639e+00 1.150000000000000000e+01 1.434999999999999964e+01 4.679999999999999716e+00 5.870000000000000107e+00 -1.000000000000000000e+00
1.373000000000000043e+01 -1.000000000000000000e+00 3.640000000000000124e+00 6.769999999999999574e+00 8.220000000000000639e+00 1.091000000000000014e+01 1.442999999999999972e+01 4.740000000000000213e+00 5.799999999999999822e+00 -1.000000000000000000e+00
1.368999999999999950e+01 -1.000000000000000000e+00 3.620000000000000107e+00 6.759999999999999787e+00 8.259999999999999787e+00 1.135999999999999943e+01 1.441000000000000014e+01 4.700000000000000178e+00 5.860000000000000320e+00 -1.000000000000000000e+00
1.369999999999999929e+01 -1.000000000000000000e+00 3.640000000000000124e+00 6.759999999999999787e+00 8.160000000000000142e+00 1.140000000000000036e+01 1.439000000000000057e+01 4.730000000000000426e+00 5.769999999999999574e+00 -1.000000000000000000e+00
1.371000000000000085e+01 -1.000000000000000000e+00 3.640000000000000124e+00 6.769999999999999574e+00 8.240000000000000213e+00 1.096000000000000085e+01 1.435999999999999943e+01 4.709999999999999964e+00 5.860000000000000320e+00 -1.000000000000000000e+00
1.366000000000000014e+01 -1.000000000000000000e+00 3.720000000000000195e+00 6.769999999999999574e+00 8.259999999999999787e+00 1.141999999999999993e+01 1.436999999999999922e+01 4.759999999999999787e+00 5.830000000000000071e+00 -1.000000000000000000e+00
1.364000000000000057e+01 -1.000000000000000000e+00 3.689999999999999947e+00 6.709999999999999964e+00 8.240000000000000213e+00 1.141000000000000014e+01 1.441999999999999993e+01 4.700000000000000178e+00 5.790000000000000036e+00 -1.000000000000000000e+00
1.364000000000000057e+01 -1.000000000000000000e+00 3.629999999999999893e+00 6.759999999999999787e+00 8.199999999999999289e+00 1.141999999999999993e+01 1.432000000000000028e+01 4.709999999999999964e+00 5.769999999999999574e+00 -1.000000000000000000e+00
1.382000000000000028e+01 -1.000000000000000000e+00 3.649999999999999911e+00 6.740000000000000213e+00 8.230000000000000426e+00 1.153999999999999915e+01 1.448000000000000043e+01 4.700000000000000178e+00 5.860000000000000320e+00 -1.000000000000000000e+00
1.376999999999999957e+01 -1.000000000000000000e+00 3.649999999999999911e+00 6.740000000000000213e+00 8.169999999999999929e+00 1.144999999999999929e+01 1.440000000000000036e+01 4.679999999999999716e+00 5.799999999999999822e+00 -1.000000000000000000e+00
1.368999999999999950e+01 -1.000000000000000000e+00 3.600000000000000089e+00 6.769999999999999574e+00 8.259999999999999787e+00 1.143999999999999950e+01 1.433999999999999986e+01 4.690000000000000391e+00 5.889999999999999680e+00 -1.000000000000000000e+00
1.374000000000000021e+01 -1.000000000000000000e+00 3.640000000000000124e+00 6.769999999999999574e+00 8.199999999999999289e+00 1.108000000000000007e+01 1.441999999999999993e+01 4.690000000000000391e+00 5.830000000000000071e+00 -1.000000000000000000e+00
1.371000000000000085e+01 -1.000000000000000000e+00 3.640000000000000124e+00 6.740000000000000213e+00 8.230000000000000426e+00 1.142999999999999972e+01 1.441000000000000014e+01 4.730000000000000426e+00 5.820000000000000284e+00 -1.000000000000000000e+00
1.364000000000000057e+01 -1.000000000000000000e+00 3.629999999999999893e+00 6.790000000000000036e+00 8.189999999999999503e+00 1.192999999999999972e+01 1.430000000000000071e+01 4.700000000000000178e+00 5.820000000000000284e+00 -1.000000000000000000e+00
1.358999999999999986e+01 -1.000000000000000000e+00 3.640000000000000124e+00 6.759999999999999787e+00 8.220000000000000639e+00 1.141000000000000014e+01 1.436999999999999922e+01 4.709999999999999964e+00 5.820000000000000284e+00 -1.000000000000000000e+00
1.380000000000000071e+01 -1.000000000000000000e+00 3.689999999999999947e+00 6.790000000000000036e+00 8.230000000000000426e+00 1.193999999999999950e+01 1.432000000000000028e+01 4.690000000000000391e+00 5.820000000000000284e+00 -1.000000000000000000e+00
1.371000000000000085e+01 -1.000000000000000000e+00 3.649999999999999911e+00 6.780000000000000249e+00 8.179999999999999716e+00 1.138000000000000078e+01 1.442999999999999972e+01 4.679999999999999716e+00 5.820000000000000284e+00 -1.000000000000000000e+00
1.359999999999999964e+01 -1.000000000000000000e+00 3.629999999999999893e+00 6.809999999999999609e+00 8.210000000000000853e+00 1.150000000000000000e+01 1.436999999999999922e+01 4.639999999999999680e+00 5.799999999999999822e+00 -1.000000000000000000e+00
1.360999999999999943e+01 -1.000000000000000000e+00 3.649999999999999911e+00 6.809999999999999609e+00 8.070000000000000284e+00 1.085999999999999943e+01 1.432000000000000028e+01 4.759999999999999787e+00 5.849999999999999645e+00 -1.000000000000000000e+00
1.372000000000000064e+01 -1.000000000000000000e+00 3.629999999999999893e+00 6.799999999999999822e+00 8.240000000000000213e+00 1.097000000000000064e+01 1.434999999999999964e+01 4.690000000000000391e+00 5.870000000000000107e+00 -1.000000000000000000e+00
1.371000000000000085e+01 -1.000000000000000000e+00 3.700000000000000178e+00 6.750000000000000000e+00 8.210000000000000853e+00 1.097000000000000064e+01 1.441000000000000014e+01 4.700000000000000178e+00 5.809999999999999609e+00 -1.000000000000000000e+00
1.377999999999999936e+01 -1.000000000000000000e+00 3.629999999999999893e+00 6.780000000000000249e+00 8.169999999999999929e+00 1.102999999999999936e+01 1.434999999999999964e+01 4.709999999999999964e+00 5.799999999999999822e+00 -1.000000000000000000e+00
1.371000000000000085e+01 -1.000000000000000000e+00 3.669999999999999929e+00 6.799999999999999822e+00 8.199999999999999289e+00 1.090000000000000036e+01 1.439000000000000057e+01 4.740000000000000213e+00 5.799999999999999822e+00 -1.000000000000000000e+00
1.371000000000000085e+01 -1.000000000000000000e+00 3.640000000000000124e+00 6.759999999999999787e+00 8.179999999999999716e+00 1.150000000000000000e+01 1.434999999999999964e+01 4.750000000000000000e+00 5.849999999999999645e+00 -1.000000000000000000e+00
1.365000000000000036e+01 -1.000000000000000000e+00 3.700000000000000178e+00 6.830000000000000071e+00 8.210000000000000853e+00 1.096000000000000085e+01 1.434999999999999964e+01 4.719999999999999751e+00 5.769999999999999574e+00 -1.000000000000000000e+00
1.373000000000000043e+01 -1.000000000000000000e+00 3.629999999999999893e+00 6.780000000000000249e+00 8.140000000000000568e+00 1.105000000000000071e+01 1.436999999999999922e+01 4.669999999999999929e+00 5.780000000000000249e+00 -1.000000000000000000e+00
1.368999999999999950e+01 -1.000000000000000000e+00 3.620000000000000107e+00 6.769999999999999574e+00 8.240000000000000213e+00 1.189000000000000057e+01 1.433000000000000007e+01 4.719999999999999751e+00 5.849999999999999645e+00 -1.000000000000000000e+00
1.366999999999999993e+01 -1.000000000000000000e+00 3.640000000000000124e+00 6.759999999999999787e+00 8.109999999999999432e+00 1.094999999999999929e+01 1.433000000000000007e+01 4.719999999999999751e+00 5.790000000000000036e+00 -1.000000000000000000e+00
1.371000000000000085e+01 -1.000000000000000000e+00 3.620000000000000107e+00 6.750000000000000000e+00 8.169999999999999929e+00 1.091999999999999993e+01 1.434999999999999964e+01 4.700000000000000178e+00 5.809999999999999609e+00 -1.000000000000000000e+00
1.374000000000000021e+01 -1.000000000000000000e+00 3.649999999999999911e+00 6.799999999999999822e+00 8.269999999999999574e+00 1.096000000000000085e+01 1.440000000000000036e+01 4.719999999999999751e+00 5.860000000000000320e+00 -1.000000000000000000e+00
1.366999999999999993e+01 -1.000000000000000000e+00 3.600000000000000089e+00 6.759999999999999787e+00 8.250000000000000000e+00 1.193999999999999950e+01 1.436999999999999922e+01 4.690000000000000391e+00 5.849999999999999645e+00 -1.000000000000000000e+00
1.369999999999999929e+01 -1.000000000000000000e+00 3.629999999999999893e+00 6.750000000000000000e+00 8.160000000000000142e+00 1.143999999999999950e+01 1.438000000000000078e+01 4.660000000000000142e+00 5.870000000000000107e+00 -1.000000000000000000e+00
1.364000000000000057e+01 -1.000000000000000000e+00 3.660000000000000142e+00 6.790000000000000036e+00 8.119999999999999218e+00 1.147000000000000064e+01 1.440000000000000036e+01 4.759999999999999787e+00 5.780000000000000249e+00 -1.000000000000000000e+00
1.361999999999999922e+01 -1.000000000000000000e+00 3.640000000000000124e+00 6.719999999999999751e+00 8.119999999999999218e+00 1.090000000000000036e+01 1.446000000000000085e+01 4.769999999999999574e+00 5.790000000000000036e+00 -1.000000000000000000e+00
1.365000000000000036e+01 -1.000000000000000000e+00 3.620000000000000107e+00 6.759999999999999787e+00 8.240000000000000213e+00 1.142999999999999972e+01 1.439000000000000057e+01 4.730000000000000426e+00 5.870000000000000107e+00 -1.000000000000000000e+00
1.369999999999999929e+01 -1.000000000000000000e+00 3.709999999999999964e+00 6.769999999999999574e+00 8.150000000000000355e+00 1.150000000000000000e+01 1.438000000000000078e+01 4.719999999999999751e+00 5.830000000000000071e+00 -1.000000000000000000e+00
1.369999999999999929e+01 -1.000000000000000000e+00 3.660000000000000142e+00 6.780000000000000249e+00 8.179999999999999716e+00 1.143999999999999950e+01 1.438000000000000078e+01 4.740000000000000213e+00 5.799999999999999822e+00 -1.000000000000000000e+00
1.375000000000000000e+01 -1.000000000000000000e+00 3.640000000000000124e+00 6.759999999999999787e+00 8.039999999999999147e+00 1.147000000000000064e+01 1.440000000000000036e+01 4.730000000000000426e+00 5.830000000000000071e+00 -1.000000000000000000e+00
1.374000000000000021e+01 -1.000000000000000000e+00 3.680000000000000160e+00 6.750000000000000000e+00 8.130000000000000782e+00 1.138000000000000078e+01 1.436999999999999922e+01 4.709999999999999964e+00 5.839999999999999858e+00 -1.000000000000000000e+00
1.368999999999999950e+01 -1.000000000000000000e+00 3.689999999999999947e+00 6.769999999999999574e+00 8.130000000000000782e+00 1.196000000000000085e+01 1.442999999999999972e+01 4.700000000000000178e+00 5.860000000000000320e+00 -1.000000000000000000e+00
1.369999999999999929e+01 -1.000000000000000000e+00 3.649999999999999911e+00 6.780000000000000249e+00 8.210000000000000853e+00 1.146000000000000085e+01 1.438000000000000078e+01 4.629999999999999893e+00 5.790000000000000036e+00 -1.000000000000000000e+00
1.367999999999999972e+01 -1.000000000000000000e+00 3.629999999999999893e+00 6.790000000000000036e+00 8.210000000000000853e+00 1.147000000000000064e+01 1.436999999999999922e+01 4.690000000000000391e+00 5.809999999999999609e+00 -1.000000000000000000e+00
1.366999999999999993e+01 -1.000000000000000000e+00 3.640000000000000124e+00 6.740000000000000213e+00 8.150000000000000355e+00 1.191999999999999993e+01 1.440000000000000036e+01 4.730000000000000426e+00 5.799999999999999822e+00 -1.000000000000000000e+00
1.374000000000000021e+01 -1.000000000000000000e+00 3.700000000000000178e+00 6.780000000000000249e+00 8.250000000000000000e+00 1.144999999999999929e+01 1.436999999999999922e+01 4.719999999999999751e+00 5.759999999999999787e+00 -1.000000000000000000e+00
1.378999999999999915e+01 -1.000000000000000000e+00 3.620000000000000107e+00 6.769999999999999574e+00 8.220000000000000639e+00 1.092999999999999972e+01 1.443999999999999950e+01 4.730000000000000426e+00 5.780000000000000249e+00 -1.000000000000000000e+00
1.366999999999999993e+01 -1.000000000000000000e+00 3.629999999999999893e+00 6.730000000000000426e+00 8.150000000000000355e+00 1.144999999999999929e+01 1.439000000000000057e+01 4.660000000000000142e+00 5.790000000000000036e+00 -1.000000000000000000e+00
1.367999999999999972e+01 -1.000000000000000000e+00 3.689999999999999947e+00 6.759999999999999787e+00 8.169999999999999929e+00 1.102999999999999936e+01 1.439000000000000057e+01 4.730000000000000426e+00 5.780000000000000249e+00 -1.000000000000000000e+00
1.367999999999999972e+01 -1.000000000000000000e+00 3.709999999999999964e+00 6.780000000000000249e+00 8.279999999999999361e+00 1.197000000000000064e+01 1.439000000000000057e+01 4.719999999999999751e+00 5.820000000000000284e+00 -1.000000000000000000e+00
1.367999999999999972e+01 -1.000000000000000000e+00 3.640000000000000124e+00 6.750000000000000000e+00 8.189999999999999503e+00 1.147000000000000064e+01 1.434999999999999964e+01 4.750000000000000000e+00 5.839999999999999858e+00 -1.000000000000000000e+00
1.367999999999999972e+01 -1.000000000000000000e+00 3.629999999999999893e+00 6.799999999999999822e+00 8.160000000000000142e+00 1.138000000000000078e+01 1.442999999999999972e+01 4.669999999999999929e+00 5.839999999999999858e+00 -1.000000000000000000e+00
1.372000000000000064e+01 -1.000000000000000000e+00 3.620000000000000107e+00 6.750000000000000000e+00 8.099999999999999645e+00 1.141000000000000014e+01 1.435999999999999943e+01 4.660000000000000142e+00 5.820000000000000284e+00 -1.000000000000000000e+00
1.368999999999999950e+01 -1.000000000000000000e+00 3.660000000000000142e+00 6.799999999999999822e+00 8.119999999999999218e+00 1.192999999999999972e+01 1.435999999999999943e+01 4.750000000000000000e+00 5.839999999999999858e+00 -1.000000000000000000e+00
1.373000000000000043e+01 -1.000000000000000000e+00 3.620000000000000107e+00 6.799999999999999822e+00 8.130000000000000782e+00 1.099000000000000021e+01 1.442999999999999972e+01 4.700000000000000178e+00 5.809999999999999609e+00 -1.000000000000000000e+00
1.372000000000000064e+01 -1.000000000000000000e+00 3.669999999999999929e+00 6.759999999999999787e+00 8.109999999999999432e+00 1.141000000000000014e+01 1.440000000000000036e+01 4.700000000000000178e+00 5.780000000000000249e+00 -1.000000000000000000e+00
1.372000000000000064e+01 -1.000000000000000000e+00 3.640000000000000124e+00 6.730000000000000426e+00 8.199999999999999289e+00 1.097000000000000064e+01 1.438000000000000078e+01 4.730000000000000426e+00 5.820000000000000284e+00 -1.000000000000000000e+00
1.364000000000000057e+01 -1.000000000000000000e+00 3.620000000000000107e+00 6.719999999999999751e+00 8.140000000000000568e+00 1.102999999999999936e+01 1.443999999999999950e+01 4.730000000000000426e+00 5.809999999999999609e+00 -1.000000000000000000e+00
1.375000000000000000e+01 -1.000000000000000000e+00 3.680000000000000160e+00 6.769999999999999574e+00 8.150000000000000355e+00 1.141999999999999993e+01 1.435999999999999943e+01 4.660000000000000142e+00 5.830000000000000071e+00 -1.000000000000000000e+00
1.372000000000000064e+01 -1.000000000000000000e+00 3.680000000000000160e+00 6.759999999999999787e+00 8.099999999999999645e+00 1.150999999999999979e+01 1.432000000000000028e+01 4.730000000000000426e+00 5.820000000000000284e+00 -1.000000000000000000e+00
1.366999999999999993e+01 -1.000000000000000000e+00 3.649999999999999911e+00 6.740000000000000213e+00 8.119999999999999218e+00 1.097000000000000064e+01 1.434999999999999964e+01 4.719999999999999751e+00 5.820000000000000284e+00 -1.000000000000000000e+00
1.369999999999999929e+01 -1.000000000000000000e+00 3.660000000000000142e+00 6.759999999999999787e+00 8.210000000000000853e+00 1.148000000000000043e+01 1.440000000000000036e+01 4.660000000000000142e+00 5.799999999999999822e+00 -1.000000000000000000e+00
1.366999999999999993e+01 -1.000000000000000000e+00 3.620000000000000107e+00 6.759999999999999787e+00 8.140000000000000568e+00 1.091000000000000014e+01 1.438000000000000078e+01 4.690000000000000391e+00 5.799999999999999822e+00 -1.000000000000000000e+00
1.376999999999999957e+01 -1.000000000000000000e+00 3.629999999999999893e+00 6.740000000000000213e+00 8.189999999999999503e+00 1.090000000000000036e+01 1.436999999999999922e+01 4.669999999999999929e+00 5.839999999999999858e+00 -1.000000000000000000e+00
1.372000000000000064e+01 -1.000000000000000000e+00 3.660000000000000142e+00 6.759999999999999787e+00 8.109999999999999432e+00 1.150000000000000000e+01 1.438000000000000078e+01 4.690000000000000391e+00 5.799999999999999822e+00 -1.000000000000000000e+00
1.375999999999999979e+01 -1.000000000000000000e+00 3.609999999999999876e+00 6.759999999999999787e+00 8.099999999999999645e+00 1.093999999999999950e+01 1.435999999999999943e+01 4.669999999999999929e+00 5.799999999999999822e+00 -1.000000000000000000e+00
1.376999999999999957e+01 -1.000000000000000000e+00 3.649999999999999911e+00 6.759999999999999787e+00 8.099999999999999645e+00 1.100000000000000000e+01 1.439000000000000057e+01 4.690000000000000391e+00 5.809999999999999609e+00 -1.000000000000000000e+00
1.366999999999999993e+01 -1.000000000000000000e+00 3.700000000000000178e+00 6.740000000000000213e+00 8.080000000000000071e+00 1.141000000000000014e+01 1.433000000000000007e+01 4.740000000000000213e+00 5.809999999999999609e+00 -1.000000000000000000e+00
1.367999999999999972e+01 -1.000000000000000000e+00 3.649999999999999911e+00 6.750000000000000000e+00 8.080000000000000071e+00 1.091999999999999993e+01 1.435999999999999943e+01 4.650000000000000355e+00 5.790000000000000036e+00 -1.000000000000000000e+00
1.375000000000000000e+01 -1.000000000000000000e+00 3.700000000000000178e+00 6.759999999999999787e+00 8.160000000000000142e+00 1.134999999999999964e+01 1.436999999999999922e+01 4.690000000000000391e+00 5.799999999999999822e+00 -1.000000000000000000e+00
1.366999999999999993e+01 -1.000000000000000000e+00 3.600000000000000089e+00 6.780000000000000249e+00 8.119999999999999218e+00 1.092999999999999972e+01 1.435999999999999943e+01 4.700000000000000178e+00 5.809999999999999609e+00 -1.000000000000000000e+00
1.366000000000000014e+01 -1.000000000000000000e+00 3.689999999999999947e+00 6.769999999999999574e+00 8.089999999999999858e+00 1.148000000000000043e+01 1.441999999999999993e+01 4.730000000000000426e+00 5.820000000000000284e+00 -1.000000000000000000e+00
1.374000000000000021e+01 -1.000000000000000000e+00 3.600000000000000089e+00 6.759999999999999787e+00 8.169999999999999929e+00 1.143999999999999950e+01 1.434999999999999964e+01 4.719999999999999751e+00 5.780000000000000249e+00 -1.000000000000000000e+00
1.375000000000000000e+01 -1.000000000000000000e+00 3.680000000000000160e+00 6.790000000000000036e+00 8.210000000000000853e+00 1.141000000000000014e+01 1.441999999999999993e+01 4.690000000000000391e+00 5.820000000000000284e+00 -1.000000000000000000e+00
1.356000000000000050e+01 -1.000000000000000000e+00 3.680000000000000160e+00 6.820000000000000284e+00 8.089999999999999858e+00 1.097000000000000064e+01 1.438000000000000078e+01 4.709999999999999964e+00 5.809999999999999609e+00 -1.000000000000000000e+00
1.368999999999999950e+01 -1.000000000000000000e+00 3.640000000000000124e+00 6.790000000000000036e+00 8.179999999999999716e+00 1.097000000000000064e+01 1.435999999999999943e+01 4.700000000000000178e+00 5.809999999999999609e+00 -1.000000000000000000e+00
