-1.000000000000000000e+00 -1.000000000000000000e+00 -1.000000000000000000e+00 -1.000000000000000000e+00 -1.000000000000000000e+00 -1.000000000000000000e+00 -1.000000000000000000e+00 -1.000000000000000000e+00 -1.000000000000000000e+00 -1.000000000000000000e+00
3.709999999999999964e+00 -1.000000000000000000e+00 1.303999999999999915e+01 1.860000000000000142e+01 2.139000000000000057e+01 -1.000000000000000000e+00 -1.000000000000000000e+00 -1.000000000000000000e+00 -1.000000000000000000e+00 -1.000000000000000000e+00
3.709999999999999964e+00 -1.000000000000000000e+00 1.308000000000000007e+01 1.858999999999999986e+01 2.144999999999999929e+01 -1.000000000000000000e+00 -1.000000000000000000e+00 -1.000000000000000000e+00 -1.000000000000000000e+00 -1.000000000000000000e+00
3.799999999999999822e+00 -1.000000000000000000e+00 1.306000000000000050e+01 1.855000000000000071e+01 2.139999999999999858e+01 -1.000000000000000000e+00 -1.000000000000000000e+00 -1.000000000000000000e+00 -1.000000000000000000e+00 -1.000000000000000000e+00
3.740000000000000213e+00 -1.000000000000000000e+00 1.306000000000000050e+01 1.857999999999999829e+01 2.139999999999999858e+01 -1.000000000000000000e+00 -1.000000000000000000e+00 -1.000000000000000000e+00 -1.000000000000000000e+00 -1.000000000000000000e+00
3.779999999999999805e+00 -1.000000000000000000e+00 1.306000000000000050e+01 1.857999999999999829e+01 2.142999999999999972e+01 -1.000000000000000000e+00 -1.000000000000000000e+00 -1.000000000000000000e+00 -1.000000000000000000e+00 -1.000000000000000000e+00
3.759999999999999787e+00 -1.000000000000000000e+00 1.306000000000000050e+01 1.851999999999999957e+01 2.146999999999999886e+01 -1.000000000000000000e+00 -1.000000000000000000e+00 -1.000000000000000000e+00 -1.000000000000000000e+00 -1.000000000000000000e+00
3.750000000000000000e+00 -1.000000000000000000e+00 1.309999999999999964e+01 1.855999999999999872e+01 2.142999999999999972e+01 -1.000000000000000000e+00 -1.000000000000000000e+00 -1.000000000000000000e+00 -1.000000000000000000e+00 -1.000000000000000000e+00
3.790000000000000036e+00 -1.000000000000000000e+00 1.308000000000000007e+01 1.853000000000000114e+01 2.144999999999999929e+01 -1.000000000000000000e+00 -1.000000000000000000e+00 -1.000000000000000000e+00 -1.000000000000000000e+00 -1.000000000000000000e+00
3.700000000000000178e+00 -1.000000000000000000e+00 1.302999999999999936e+01 1.853000000000000114e+01 2.144999999999999929e+01 -1.000000000000000000e+00 -1.000000000000000000e+00 -1.000000000000000000e+00 -1.000000000000000000e+00 -1.000000000000000000e+00
3.720000000000000195e+00 -1.000000000000000000e+00 1.307000000000000028e+01 1.860999999999999943e+01 2.139999999999999858e+01 -1.000000000000000000e+00 -1.000000000000000000e+00 -1.000000000000000000e+00 -1.000000000000000000e+00 -1.000000000000000000e+00
3.750000000000000000e+00 -1.000000000000000000e+00 1.306000000000000050e+01 1.855999999999999872e+01 2.148000000000000043e+01 -1.000000000000000000e+00 -1.000000000000000000e+00 -1.000000000000000000e+00 -1.000000000000000000e+00 -1.000000000000000000e+00
3.669999999999999929e+00 -1.000000000000000000e+00 1.308000000000000007e+01 1.860000000000000142e+01 2.141000000000000014e+01 -1.000000000000000000e+00 -1.000000000000000000e+00 -1.000000000000000000e+00 -1.000000000000000000e+00 -1.000000000000000000e+00
3.759999999999999787e+00 -1.000000000000000000e+00 1.305000000000000071e+01 1.864000000000000057e+01 2.146000000000000085e+01 -1.000000000000000000e+00 -1.000000000000000000e+00 -1.000000000000000000e+00 -1.000000000000000000e+00 -1.000000000000000000e+00
3.700000000000000178e+00 -1.000000000000000000e+00 1.305000000000000071e+01 1.858999999999999986e+01 2.144999999999999929e+01 -1.000000000000000000e+00 -1.000000000000000000e+00 -1.000000000000000000e+00 -1.000000000000000000e+00 -1.000000000000000000e+00
3.680000000000000160e+00 -1.000000000000000000e+00 1.309999999999999964e+01 1.860999999999999943e+01 2.141000000000000014e+01 -1.000000000000000000e+00 -1.000000000000000000e+00 -1.000000000000000000e+00 -1.000000000000000000e+00 -1.000000000000000000e+00
3.649999999999999911e+00 -1.000000000000000000e+00 1.302999999999999936e+01 1.857999999999999829e+01 2.148999999999999844e+01 -1.000000000000000000e+00 -1.000000000000000000e+00 -1.000000000000000000e+00 -1.000000000000000000e+00 -1.000000000000000000e+00
3.709999999999999964e+00 -1.000000000000000000e+00 1.303999999999999915e+01 1.857999999999999829e+01 2.146999999999999886e+01 -1.000000000000000000e+00 -1.000000000000000000e+00 -1.000000000000000000e+00 -1.000000000000000000e+00 -1.000000000000000000e+00
3.740000000000000213e+00 -1.000000000000000000e+00 1.308000000000000007e+01 1.857999999999999829e+01 2.153000000000000114e+01 -1.000000000000000000e+00 -1.000000000000000000e+00 -1.000000000000000000e+00 -1.000000000000000000e+00 -1.000000000000000000e+00
3.689999999999999947e+00 -1.000000000000000000e+00 1.308000000000000007e+01 1.855000000000000071e+01 2.139999999999999858e+01 -1.000000000000000000e+00 -1.000000000000000000e+00 -1.000000000000000000e+00 -1.000000000000000000e+00 -1.000000000000000000e+00
3.740000000000000213e+00 -1.000000000000000000e+00 1.307000000000000028e+01 1.858999999999999986e+01 2.144999999999999929e+01 -1.000000000000000000e+00 -1.000000000000000000e+00 -1.000000000000000000e+00 -1.000000000000000000e+00 -1.000000000000000000e+00
3.589999999999999858e+00 -1.000000000000000000e+00 1.309999999999999964e+01 1.853999999999999915e+01 2.137999999999999901e+01 -1.000000000000000000e+00 -1.000000000000000000e+00 -1.000000000000000000e+00 -1.000000000000000000e+00 -1.000000000000000000e+00
3.740000000000000213e+00 -1.000000000000000000e+00 1.305000000000000071e+01 1.857999999999999829e+01 2.139999999999999858e+01 -1.000000000000000000e+00 -1.000000000000000000e+00 -1.000000000000000000e+00 -1.000000000000000000e+00 -1.000000000000000000e+00
3.680000000000000160e+00 -1.000000000000000000e+00 1.307000000000000028e+01 1.857999999999999829e+01 2.137999999999999901e+01 -1.000000000000000000e+00 -1.000000000000000000e+00 -1.000000000000000000e+00 -1.000000000000000000e+00 -1.000000000000000000e+00
3.799999999999999822e+00 -1.000000000000000000e+00 1.308999999999999986e+01 1.851999999999999957e+01 2.144999999999999929e+01 -1.000000000000000000e+00 -1.000000000000000000e+00 -1.000000000000000000e+00 -1.000000000000000000e+00 -1.000000000000000000e+00
3.620000000000000107e+00 -1.000000000000000000e+00 1.306000000000000050e+01 1.860000000000000142e+01 2.142000000000000171e+01 -1.000000000000000000e+00 -1.000000000000000000e+00 -1.000000000000000000e+00 -1.000000000000000000e+00 -1.000000000000000000e+00
4.070000000000000284e+00 -1.000000000000000000e+00 1.303999999999999915e+01 1.857000000000000028e+01 2.142000000000000171e+01 -1.000000000000000000e+00 -1.000000000000000000e+00 -1.000000000000000000e+00 -1.000000000000000000e+00 -1.000000000000000000e+00
3.779999999999999805e+00 -1.000000000000000000e+00 1.303999999999999915e+01 1.857999999999999829e+01 2.148999999999999844e+01 -1.000000000000000000e+00 -1.000000000000000000e+00 -1.000000000000000000e+00 -1.000000000000000000e+00 -1.000000000000000000e+00
3.850000000000000089e+00 -1.000000000000000000e+00 1.306000000000000050e+01 1.858999999999999986e+01 2.144999999999999929e+01 -1.000000000000000000e+00 -1.000000000000000000e+00 -1.000000000000000000e+00 -1.000000000000000000e+00 -1.000000000000000000e+00
3.740000000000000213e+00 -1.000000000000000000e+00 1.303999999999999915e+01 1.855999999999999872e+01 2.135999999999999943e+01 -1.000000000000000000e+00 -1.000000000000000000e+00 -1.000000000000000000e+00 -1.000000000000000000e+00 -1.000000000000000000e+00
3.740000000000000213e+00 -1.000000000000000000e+00 1.308999999999999986e+01 1.857999999999999829e+01 2.151000000000000156e+01 -1.000000000000000000e+00 -1.000000000000000000e+00 -1.000000000000000000e+00 -1.000000000000000000e+00 -1.000000000000000000e+00
3.600000000000000089e+00 -1.000000000000000000e+00 1.306000000000000050e+01 1.851000000000000156e+01 2.150000000000000000e+01 -1.000000000000000000e+00 -1.000000000000000000e+00 -1.000000000000000000e+00 -1.000000000000000000e+00 -1.000000000000000000e+00
3.740000000000000213e+00 -1.000000000000000000e+00 1.305000000000000071e+01 1.858999999999999986e+01 2.141000000000000014e+01 -1.000000000000000000e+00 -1.000000000000000000e+00 -1.000000000000000000e+00 -1.000000000000000000e+00 -1.000000000000000000e+00
3.779999999999999805e+00 -1.000000000000000000e+00 1.305000000000000071e+01 1.855999999999999872e+01 2.146999999999999886e+01 -1.000000000000000000e+00 -1.000000000000000000e+00 -1.000000000000000000e+00 -1.000000000000000000e+00 -1.000000000000000000e+00
3.709999999999999964e+00 -1.000000000000000000e+00 1.307000000000000028e+01 1.855000000000000071e+01 2.153000000000000114e+01 -1.000000000000000000e+00 -1.000000000000000000e+00 -1.000000000000000000e+00 -1.000000000000000000e+00 -1.000000000000000000e+00
3.799999999999999822e+00 -1.000000000000000000e+00 1.310999999999999943e+01 1.855000000000000071e+01 2.144999999999999929e+01 -1.000000000000000000e+00 -1.000000000000000000e+00 -1.000000000000000000e+00 -1.000000000000000000e+00 -1.000000000000000000e+00
3.700000000000000178e+00 -1.000000000000000000e+00 1.307000000000000028e+01 1.855000000000000071e+01 2.144999999999999929e+01 -1.000000000000000000e+00 -1.000000000000000000e+00 -1.000000000000000000e+00 -1.000000000000000000e+00 -1.000000000000000000e+00
3.729999999999999982e+00 -1.000000000000000000e+00 1.306000000000000050e+01 1.858999999999999986e+01 2.142999999999999972e+01 -1.000000000000000000e+00 -1.000000000000000000e+00 -1.000000000000000000e+00 -1.000000000000000000e+00 -1.000000000000000000e+00
3.640000000000000124e+00 -1.000000000000000000e+00 1.307000000000000028e+01 1.857999999999999829e+01 2.144999999999999929e+01 -1.000000000000000000e+00 -1.000000000000000000e+00 -1.000000000000000000e+00 -1.000000000000000000e+00 -1.000000000000000000e+00
3.799999999999999822e+00 -1.000000000000000000e+00 1.305000000000000071e+01 1.855000000000000071e+01 2.146999999999999886e+01 -1.000000000000000000e+00 -1.000000000000000000e+00 -1.000000000000000000e+00 -1.000000000000000000e+00 -1.000000000000000000e+00
3.750000000000000000e+00 -1.000000000000000000e+00 1.305000000000000071e+01 1.858999999999999986e+01 2.146999999999999886e+01 -1.000000000000000000e+00 -1.000000000000000000e+00 -1.000000000000000000e+00 -1.000000000000000000e+00 -1.000000000000000000e+00
3.640000000000000124e+00 -1.000000000000000000e+00 1.305000000000000071e+01 1.851999999999999957e+01 2.144999999999999929e+01 -1.000000000000000000e+00 -1.000000000000000000e+00 -1.000000000000000000e+00 -1.000000000000000000e+00 -1.000000000000000000e+00
3.839999999999999858e+00 -1.000000000000000000e+00 1.308000000000000007e+01 1.860999999999999943e+01 2.142000000000000171e+01 -1.000000000000000000e+00 -1.000000000000000000e+00 -1.000000000000000000e+00 -1.000000000000000000e+00 -1.000000000000000000e+00
3.740000000000000213e+00 -1.000000000000000000e+00 1.302999999999999936e+01 1.860999999999999943e+01 2.144999999999999929e+01 -1.000000000000000000e+00 -1.000000000000000000e+00 -1.000000000000000000e+00 -1.000000000000000000e+00 -1.000000000000000000e+00
3.720000000000000195e+00 -1.000000000000000000e+00 1.303999999999999915e+01 1.855999999999999872e+01 2.144000000000000128e+01 -1.000000000000000000e+00 -1.000000000000000000e+00 -1.000000000000000000e+00 -1.000000000000000000e+00 -1.000000000000000000e+00
3.839999999999999858e+00 -1.000000000000000000e+00 1.308000000000000007e+01 1.860000000000000142e+01 2.151999999999999957e+01 -1.000000000000000000e+00 -1.000000000000000000e+00 -1.000000000000000000e+00 -1.000000000000000000e+00 -1.000000000000000000e+00
3.660000000000000142e+00 -1.000000000000000000e+00 1.302999999999999936e+01 1.858999999999999986e+01 2.148999999999999844e+01 -1.000000000000000000e+00 -1.000000000000000000e+00 -1.000000000000000000e+00 -1.000000000000000000e+00 -1.000000000000000000e+00
3.750000000000000000e+00 -1.000000000000000000e+00 1.308000000000000007e+01 1.857999999999999829e+01 2.146999999999999886e+01 -1.000000000000000000e+00 -1.000000000000000000e+00 -1.000000000000000000e+00 -1.000000000000000000e+00 -1.000000000000000000e+00
3.720000000000000195e+00 -1.000000000000000000e+00 1.300999999999999979e+01 1.855999999999999872e+01 2.139999999999999858e+01 -1.000000000000000000e+00 -1.000000000000000000e+00 -1.000000000000000000e+00 -1.000000000000000000e+00 -1.000000000000000000e+00
3.759999999999999787e+00 -1.000000000000000000e+00 1.306000000000000050e+01 1.858999999999999986e+01 2.151000000000000156e+01 -1.000000000000000000e+00 -1.000000000000000000e+00 -1.000000000000000000e+00 -1.000000000000000000e+00 -1.000000000000000000e+00
3.729999999999999982e+00 -1.000000000000000000e+00 1.305000000000000071e+01 1.858999999999999986e+01 2.153999999999999915e+01 -1.000000000000000000e+00 -1.000000000000000000e+00 -1.000000000000000000e+00 -1.000000000000000000e+00 -1.000000000000000000e+00
3.720000000000000195e+00 -1.000000000000000000e+00 1.308999999999999986e+01 1.858999999999999986e+01 2.150000000000000000e+01 -1.000000000000000000e+00 -1.000000000000000000e+00 -1.000000000000000000e+00 -1.000000000000000000e+00 -1.000000000000000000e+00
3.770000000000000018e+00 -1.000000000000000000e+00 1.306000000000000050e+01 1.860000000000000142e+01 2.139999999999999858e+01 -1.000000000000000000e+00 -1.000000000000000000e+00 -1.000000000000000000e+00 -1.000000000000000000e+00 -1.000000000000000000e+00
3.689999999999999947e+00 -1.000000000000000000e+00 1.303999999999999915e+01 1.860000000000000142e+01 2.139000000000000057e+01 -1.000000000000000000e+00 -1.000000000000000000e+00 -1.000000000000000000e+00 -1.000000000000000000e+00 -1.000000000000000000e+00
3.700000000000000178e+00 -1.000000000000000000e+00 1.302999999999999936e+01 1.857000000000000028e+01 2.146000000000000085e+01 -1.000000000000000000e+00 -1.000000000000000000e+00 -1.000000000000000000e+00 -1.000000000000000000e+00 -1.000000000000000000e+00
3.779999999999999805e+00 -1.000000000000000000e+00 1.300000000000000000e+01 1.857999999999999829e+01 2.148000000000000043e+01 -1.000000000000000000e+00 -1.000000000000000000e+00 -1.000000000000000000e+00 -1.000000000000000000e+00 -1.000000000000000000e+00
3.700000000000000178e+00 -1.000000000000000000e+00 1.305000000000000071e+01 1.860999999999999943e+01 2.137999999999999901e+01 -1.000000000000000000e+00 -1.000000000000000000e+00 -1.000000000000000000e+00 -1.000000000000000000e+00 -1.000000000000000000e+00
3.819999999999999840e+00 -1.000000000000000000e+00 1.309999999999999964e+01 1.857000000000000028e+01 2.141000000000000014e+01 -1.000000000000000000e+00 -1.000000000000000000e+00 -1.000000000000000000e+00 -1.000000000000000000e+00 -1.000000000000000000e+00
3.759999999999999787e+00 -1.000000000000000000e+00 1.306000000000000050e+01 1.855999999999999872e+01 2.153000000000000114e+01 -1.000000000000000000e+00 -1.000000000000000000e+00 -1.000000000000000000e+00 -1.000000000000000000e+00 -1.000000000000000000e+00
3.839999999999999858e+00 -1.000000000000000000e+00 1.308999999999999986e+01 1.857000000000000028e+01 2.142000000000000171e+01 -1.000000000000000000e+00 -1.000000000000000000e+00 -1.000000000000000000e+00 -1.000000000000000000e+00 -1.000000000000000000e+00
3.729999999999999982e+00 -1.000000000000000000e+00 1.307000000000000028e+01 1.860999999999999943e+01 2.146999999999999886e+01 -1.000000000000000000e+00 -1.000000000000000000e+00 -1.000000000000000000e+00 -1.000000000000000000e+00 -1.000000000000000000e+00
3.790000000000000036e+00 -1.000000000000000000e+00 1.309999999999999964e+01 1.862000000000000099e+01 2.150000000000000000e+01 -1.000000000000000000e+00 -1.000000000000000000e+00 -1.000000000000000000e+00 -1.000000000000000000e+00 -1.000000000000000000e+00
3.839999999999999858e+00 -1.000000000000000000e+00 1.309999999999999964e+01 1.857000000000000028e+01 2.144000000000000128e+01 -1.000000000000000000e+00 -1.000000000000000000e+00 -1.000000000000000000e+00 -1.000000000000000000e+00 -1.000000000000000000e+00
3.740000000000000213e+00 -1.000000000000000000e+00 1.303999999999999915e+01 1.862000000000000099e+01 2.146000000000000085e+01 -1.000000000000000000e+00 -1.000000000000000000e+00 -1.000000000000000000e+00 -1.000000000000000000e+00 -1.000000000000000000e+00
3.689999999999999947e+00 -1.000000000000000000e+00 1.302999999999999936e+01 1.853999999999999915e+01 2.148999999999999844e+01 -1.000000000000000000e+00 -1.000000000000000000e+00 -1.000000000000000000e+00 -1.000000000000000000e+00 -1.000000000000000000e+00
4.040000000000000036e+00 -1.000000000000000000e+00 1.308000000000000007e+01 1.857000000000000028e+01 2.146999999999999886e+01 -1.000000000000000000e+00 -1.000000000000000000e+00 -1.000000000000000000e+00 -1.000000000000000000e+00 -1.000000000000000000e+00
3.779999999999999805e+00 -1.000000000000000000e+00 1.301999999999999957e+01 1.855999999999999872e+01 2.144999999999999929e+01 -1.000000000000000000e+00 -1.000000000000000000e+00 -1.000000000000000000e+00 -1.000000000000000000e+00 -1.000000000000000000e+00
3.729999999999999982e+00 -1.000000000000000000e+00 1.300000000000000000e+01 1.862999999999999901e+01 2.141000000000000014e+01 -1.000000000000000000e+00 -1.000000000000000000e+00 -1.000000000000000000e+00 -1.000000000000000000e+00 -1.000000000000000000e+00
3.680000000000000160e+00 -1.000000000000000000e+00 1.306000000000000050e+01 1.855000000000000071e+01 2.142000000000000171e+01 -1.000000000000000000e+00 -1.000000000000000000e+00 -1.000000000000000000e+00 -1.000000000000000000e+00 -1.000000000000000000e+00
3.720000000000000195e+00 -1.000000000000000000e+00 1.301999999999999957e+01 1.853999999999999915e+01 2.146999999999999886e+01 -1.000000000000000000e+00 -1.000000000000000000e+00 -1.000000000000000000e+00 -1.000000000000000000e+00 -1.000000000000000000e+00
3.700000000000000178e+00 -1.000000000000000000e+00 1.302999999999999936e+01 1.855999999999999872e+01 2.142000000000000171e+01 -1.000000000000000000e+00 -1.000000000000000000e+00 -1.000000000000000000e+00 -1.000000000000000000e+00 -1.000000000000000000e+00
3.589999999999999858e+00 -1.000000000000000000e+00 1.308000000000000007e+01 1.858999999999999986e+01 2.148999999999999844e+01 -1.000000000000000000e+00 -1.000000000000000000e+00 -1.000000000000000000e+00 -1.000000000000000000e+00 -1.000000000000000000e+00
3.609999999999999876e+00 -1.000000000000000000e+00 1.307000000000000028e+01 1.857999999999999829e+01 2.144999999999999929e+01 -1.000000000000000000e+00 -1.000000000000000000e+00 -1.000000000000000000e+00 -1.000000000000000000e+00 -1.000000000000000000e+00
3.689999999999999947e+00 -1.000000000000000000e+00 1.305000000000000071e+01 1.862000000000000099e+01 2.142000000000000171e+01 -1.000000000000000000e+00 -1.000000000000000000e+00 -1.000000000000000000e+00 -1.000000000000000000e+00 -1.000000000000000000e+00
3.770000000000000018e+00 -1.000000000000000000e+00 1.303999999999999915e+01 1.857999999999999829e+01 2.144000000000000128e+01 -1.000000000000000000e+00 -1.000000000000000000e+00 -1.000000000000000000e+00 -1.000000000000000000e+00 -1.000000000000000000e+00
4.349999999999999645e+00 -1.000000000000000000e+00 1.306000000000000050e+01 1.857999999999999829e+01 2.141000000000000014e+01 -1.000000000000000000e+00 -1.000000000000000000e+00 -1.000000000000000000e+00 -1.000000000000000000e+00 -1.000000000000000000e+00
3.669999999999999929e+00 -1.000000000000000000e+00 1.306000000000000050e+01 1.853999999999999915e+01 2.144999999999999929e+01 -1.000000000000000000e+00 -1.000000000000000000e+00 -1.000000000000000000e+00 -1.000000000000000000e+00 -1.000000000000000000e+00
4.280000000000000249e+00 -1.000000000000000000e+00 1.308000000000000007e+01 1.860999999999999943e+01 2.146999999999999886e+01 -1.000000000000000000e+00 -1.000000000000000000e+00 -1.000000000000000000e+00 -1.000000000000000000e+00 -1.000000000000000000e+00
3.970000000000000195e+00 -1.000000000000000000e+00 1.300999999999999979e+01 1.855000000000000071e+01 2.142000000000000171e+01 -1.000000000000000000e+00 -1.000000000000000000e+00 -1.000000000000000000e+00 -1.000000000000000000e+00 -1.000000000000000000e+00
4.320000000000000284e+00 -1.000000000000000000e+00 1.308999999999999986e+01 1.857999999999999829e+01 2.139999999999999858e+01 -1.000000000000000000e+00 -1.000000000000000000e+00 -1.000000000000000000e+00 -1.000000000000000000e+00 -1.000000000000000000e+00
3.689999999999999947e+00 -1.000000000000000000e+00 1.301999999999999957e+01 1.862000000000000099e+01 2.141000000000000014e+01 -1.000000000000000000e+00 -1.000000000000000000e+00 -1.000000000000000000e+00 -1.000000000000000000e+00 -1.000000000000000000e+00
3.740000000000000213e+00 -1.000000000000000000e+00 1.306000000000000050e+01 1.855000000000000071e+01 2.151999999999999957e+01 -1.000000000000000000e+00 -1.000000000000000000e+00 -1.000000000000000000e+00 -1.000000000000000000e+00 -1.000000000000000000e+00
3.819999999999999840e+00 -1.000000000000000000e+00 1.308999999999999986e+01 1.857000000000000028e+01 2.144999999999999929e+01 -1.000000000000000000e+00 -1.000000000000000000e+00 -1.000000000000000000e+00 -1.000000000000000000e+00 -1.000000000000000000e+00
3.790000000000000036e+00 -1.000000000000000000e+00 1.305000000000000071e+01 1.855999999999999872e+01 2.153000000000000114e+01 -1.000000000000000000e+00 -1.000000000000000000e+00 -1.000000000000000000e+00 -1.000000000000000000e+00 -1.000000000000000000e+00
3.720000000000000195e+00 -1.000000000000000000e+00 1.303999999999999915e+01 1.857999999999999829e+01 2.139999999999999858e+01 -1.000000000000000000e+00 -1.000000000000000000e+00 -1.000000000000000000e+00 -1.000000000000000000e+00 -1.000000000000000000e+00
3.770000000000000018e+00 -1.000000000000000000e+00 1.307000000000000028e+01 1.860999999999999943e+01 2.142999999999999972e+01 -1.000000000000000000e+00 -1.000000000000000000e+00 -1.000000000000000000e+00 -1.000000000000000000e+00 -1.000000000000000000e+00
3.759999999999999787e+00 -1.000000000000000000e+00 1.308999999999999986e+01 1.851000000000000156e+01 2.150000000000000000e+01 -1.000000000000000000e+00 -1.000000000000000000e+00 -1.000000000000000000e+00 -1.000000000000000000e+00 -1.000000000000000000e+00
3.819999999999999840e+00 -1.000000000000000000e+00 1.306000000000000050e+01 1.860000000000000142e+01 2.142000000000000171e+01 -1.000000000000000000e+00 -1.000000000000000000e+00 -1.000000000000000000e+00 -1.000000000000000000e+00 -1.000000000000000000e+00
3.750000000000000000e+00 -1.000000000000000000e+00 1.305000000000000071e+01 1.857000000000000028e+01 2.146000000000000085e+01 -1.000000000000000000e+00 -1.000000000000000000e+00 -1.000000000000000000e+00 -1.000000000000000000e+00 -1.000000000000000000e+00
3.770000000000000018e+00 -1.000000000000000000e+00 1.307000000000000028e+01 1.857000000000000028e+01 2.146000000000000085e+01 -1.000000000000000000e+00 -1.000000000000000000e+00 -1.000000000000000000e+00 -1.000000000000000000e+00 -1.000000000000000000e+00
3.740000000000000213e+00 -1.000000000000000000e+00 1.307000000000000028e+01 1.857000000000000028e+01 2.139999999999999858e+01 -1.000000000000000000e+00 -1.000000000000000000e+00 -1.000000000000000000e+00 -1.000000000000000000e+00 -1.000000000000000000e+00
3.740000000000000213e+00 -1.000000000000000000e+00 1.306000000000000050e+01 1.860999999999999943e+01 2.146000000000000085e+01 -1.000000000000000000e+00 -1.000000000000000000e+00 -1.000000000000000000e+00 -1.000000000000000000e+00 -1.000000000000000000e+00
3.819999999999999840e+00 -1.000000000000000000e+00 1.301999999999999957e+01 1.857000000000000028e+01 2.144999999999999929e+01 -1.000000000000000000e+00 -1.000000000000000000e+00 -1.000000000000000000e+00 -1.000000000000000000e+00 -1.000000000000000000e+00
3.779999999999999805e+00 -1.000000000000000000e+00 1.308999999999999986e+01 1.860000000000000142e+01 2.137999999999999901e+01 -1.000000000000000000e+00 -1.000000000000000000e+00 -1.000000000000000000e+00 -1.000000000000000000e+00 -1.000000000000000000e+00
3.729999999999999982e+00 -1.000000000000000000e+00 1.306000000000000050e+01 1.853000000000000114e+01 2.151000000000000156e+01 -1.000000000000000000e+00 -1.000000000000000000e+00 -1.000000000000000000e+00 -1.000000000000000000e+00 -1.000000000000000000e+00
3.729999999999999982e+00 -1.000000000000000000e+00 1.306000000000000050e+01 1.862999999999999901e+01 2.151000000000000156e+01 -1.000000000000000000e+00 -1.000000000000000000e+00 -1.000000000000000000e+00 -1.000000000000000000e+00 -1.000000000000000000e+00
3.770000000000000018e+00 -1.000000000000000000e+00 1.307000000000000028e+01 1.857999999999999829e+01 2.146999999999999886e+01 -1.000000000000000000e+00 -1.000000000000000000e+00 -1.000000000000000000e+00 -1.000000000000000000e+00 -1.000000000000000000e+00
3.729999999999999982e+00 -1.000000000000000000e+00 1.302999999999999936e+01 1.862999999999999901e+01 2.137000000000000099e+01 -1.000000000000000000e+00 -1.000000000000000000e+00 -1.000000000000000000e+00 -1.000000000000000000e+00 -1.000000000000000000e+00
3.740000000000000213e+00 -1.000000000000000000e+00 1.302999999999999936e+01 1.858999999999999986e+01 2.139999999999999858e+01 -1.000000000000000000e+00 -1.000000000000000000e+00 -1.000000000000000000e+00 -1.000000000000000000e+00 -1.000000000000000000e+00
3.770000000000000018e+00 -1.000000000000000000e+00 1.305000000000000071e+01 1.857999999999999829e+01 2.146000000000000085e+01 -1.000000000000000000e+00 -1.000000000000000000e+00 -1.000000000000000000e+00 -1.000000000000000000e+00 -1.000000000000000000e+00
