-1.000000000000000000e+00 -1.000000000000000000e+00 -1.000000000000000000e+00 -1.000000000000000000e+00 -1.000000000000000000e+00 -1.000000000000000000e+00 -1.000000000000000000e+00 -1.000000000000000000e+00 -1.000000000000000000e+00 -1.000000000000000000e+00
8.189999999999999503e+00 -1.000000000000000000e+00 5.040000000000000036e+00 1.003999999999999915e+01 1.259999999999999964e+01 1.590000000000000036e+01 2.005999999999999872e+01 3.770000000000000018e+00 -1.000000000000000000e+00 5.780000000000000249e+00
8.179999999999999716e+00 -1.000000000000000000e+00 5.059999999999999609e+00 1.005000000000000071e+01 1.258000000000000007e+01 1.596000000000000085e+01 2.017000000000000171e+01 3.799999999999999822e+00 -1.000000000000000000e+00 5.799999999999999822e+00
8.230000000000000426e+00 -1.000000000000000000e+00 5.030000000000000249e+00 1.000000000000000000e+01 1.260999999999999943e+01 1.596000000000000085e+01 2.007000000000000028e+01 3.750000000000000000e+00 -1.000000000000000000e+00 5.799999999999999822e+00
8.199999999999999289e+00 -1.000000000000000000e+00 5.070000000000000284e+00 1.001999999999999957e+01 1.265000000000000036e+01 1.592999999999999972e+01 1.939000000000000057e+01 3.839999999999999858e+00 -1.000000000000000000e+00 5.799999999999999822e+00
8.240000000000000213e+00 -1.000000000000000000e+00 5.030000000000000249e+00 1.000000000000000000e+01 1.260999999999999943e+01 1.593999999999999950e+01 1.978999999999999915e+01 3.790000000000000036e+00 -1.000000000000000000e+00 5.799999999999999822e+00
8.189999999999999503e+00 -1.000000000000000000e+00 5.009999999999999787e+00 1.001999999999999957e+01 1.264000000000000057e+01 1.585999999999999943e+01 1.971000000000000085e+01 3.850000000000000089e+00 -1.000000000000000000e+00 5.820000000000000284e+00
8.250000000000000000e+00 -1.000000000000000000e+00 5.049999999999999822e+00 1.006000000000000050e+01 1.261999999999999922e+01 1.594999999999999929e+01 2.021999999999999886e+01 3.770000000000000018e+00 -1.000000000000000000e+00 5.799999999999999822e+00
8.240000000000000213e+00 -1.000000000000000000e+00 5.049999999999999822e+00 1.003999999999999915e+01 1.264000000000000057e+01 1.594999999999999929e+01 2.019999999999999929e+01 3.830000000000000071e+00 -1.000000000000000000e+00 5.799999999999999822e+00
8.179999999999999716e+00 -1.000000000000000000e+00 5.000000000000000000e+00 1.005000000000000071e+01 1.264000000000000057e+01 1.590000000000000036e+01 2.005999999999999872e+01 3.810000000000000053e+00 -1.000000000000000000e+00 5.799999999999999822e+00
8.179999999999999716e+00 -1.000000000000000000e+00 5.049999999999999822e+00 1.000999999999999979e+01 1.257000000000000028e+01 1.591000000000000014e+01 2.007000000000000028e+01 3.750000000000000000e+00 -1.000000000000000000e+00 5.780000000000000249e+00
8.210000000000000853e+00 -1.000000000000000000e+00 5.040000000000000036e+00 1.005000000000000071e+01 1.264000000000000057e+01 1.589000000000000057e+01 2.012999999999999901e+01 3.740000000000000213e+00 -1.000000000000000000e+00 5.780000000000000249e+00
8.220000000000000639e+00 -1.000000000000000000e+00 4.990000000000000213e+00 1.008000000000000007e+01 1.258999999999999986e+01 1.594999999999999929e+01 1.923000000000000043e+01 3.779999999999999805e+00 -1.000000000000000000e+00 5.769999999999999574e+00
8.330000000000000071e+00 -1.000000000000000000e+00 5.009999999999999787e+00 1.006000000000000050e+01 1.261999999999999922e+01 1.592999999999999972e+01 1.896999999999999886e+01 3.799999999999999822e+00 -1.000000000000000000e+00 5.759999999999999787e+00
8.169999999999999929e+00 -1.000000000000000000e+00 5.019999999999999574e+00 1.006000000000000050e+01 1.258999999999999986e+01 1.590000000000000036e+01 2.014999999999999858e+01 3.790000000000000036e+00 -1.000000000000000000e+00 5.809999999999999609e+00
8.150000000000000355e+00 -1.000000000000000000e+00 5.019999999999999574e+00 1.001999999999999957e+01 1.258000000000000007e+01 1.598000000000000043e+01 1.939000000000000057e+01 3.850000000000000089e+00 -1.000000000000000000e+00 5.799999999999999822e+00
8.179999999999999716e+00 -1.000000000000000000e+00 5.059999999999999609e+00 1.003999999999999915e+01 1.265000000000000036e+01 1.592999999999999972e+01 2.005999999999999872e+01 3.770000000000000018e+00 -1.000000000000000000e+00 5.799999999999999822e+00
8.160000000000000142e+00 -1.000000000000000000e+00 5.030000000000000249e+00 1.000999999999999979e+01 1.258000000000000007e+01 1.592999999999999972e+01 2.023000000000000043e+01 3.759999999999999787e+00 -1.000000000000000000e+00 5.790000000000000036e+00
8.240000000000000213e+00 -1.000000000000000000e+00 5.080000000000000071e+00 1.003999999999999915e+01 1.261999999999999922e+01 1.593999999999999950e+01 2.001999999999999957e+01 3.779999999999999805e+00 -1.000000000000000000e+00 5.799999999999999822e+00
8.259999999999999787e+00 -1.000000000000000000e+00 5.030000000000000249e+00 1.002999999999999936e+01 1.263000000000000078e+01 1.593999999999999950e+01 2.003999999999999915e+01 3.779999999999999805e+00 -1.000000000000000000e+00 5.809999999999999609e+00
8.220000000000000639e+00 -1.000000000000000000e+00 5.059999999999999609e+00 1.005000000000000071e+01 1.259999999999999964e+01 1.594999999999999929e+01 1.926000000000000156e+01 3.770000000000000018e+00 -1.000000000000000000e+00 5.809999999999999609e+00
8.150000000000000355e+00 -1.000000000000000000e+00 5.049999999999999822e+00 1.003999999999999915e+01 1.260999999999999943e+01 1.596000000000000085e+01 2.007000000000000028e+01 3.779999999999999805e+00 -1.000000000000000000e+00 5.809999999999999609e+00
8.189999999999999503e+00 -1.000000000000000000e+00 5.030000000000000249e+00 1.005000000000000071e+01 1.264000000000000057e+01 1.592999999999999972e+01 2.003000000000000114e+01 3.810000000000000053e+00 -1.000000000000000000e+00 5.799999999999999822e+00
8.220000000000000639e+00 -1.000000000000000000e+00 5.049999999999999822e+00 1.000999999999999979e+01 1.261999999999999922e+01 1.590000000000000036e+01 2.014999999999999858e+01 3.859999999999999876e+00 -1.000000000000000000e+00 5.809999999999999609e+00
8.179999999999999716e+00 -1.000000000000000000e+00 5.099999999999999645e+00 1.006000000000000050e+01 1.257000000000000028e+01 1.592999999999999972e+01 2.005000000000000071e+01 3.879999999999999893e+00 -1.000000000000000000e+00 5.780000000000000249e+00
8.210000000000000853e+00 -1.000000000000000000e+00 5.070000000000000284e+00 1.001999999999999957e+01 1.260999999999999943e+01 1.598000000000000043e+01 2.005000000000000071e+01 3.720000000000000195e+00 -1.000000000000000000e+00 5.820000000000000284e+00
8.210000000000000853e+00 -1.000000000000000000e+00 5.040000000000000036e+00 1.008000000000000007e+01 1.260999999999999943e+01 1.596000000000000085e+01 1.994000000000000128e+01 3.810000000000000053e+00 -1.000000000000000000e+00 5.809999999999999609e+00
8.210000000000000853e+00 -1.000000000000000000e+00 5.080000000000000071e+00 1.001999999999999957e+01 1.263000000000000078e+01 1.596000000000000085e+01 2.019000000000000128e+01 3.830000000000000071e+00 -1.000000000000000000e+00 5.799999999999999822e+00
8.169999999999999929e+00 -1.000000000000000000e+00 5.040000000000000036e+00 1.009999999999999964e+01 1.259999999999999964e+01 1.597000000000000064e+01 1.944000000000000128e+01 3.799999999999999822e+00 -1.000000000000000000e+00 5.769999999999999574e+00
8.119999999999999218e+00 -1.000000000000000000e+00 5.049999999999999822e+00 1.003999999999999915e+01 1.258999999999999986e+01 1.591999999999999993e+01 2.021000000000000085e+01 3.850000000000000089e+00 -1.000000000000000000e+00 5.809999999999999609e+00
8.189999999999999503e+00 -1.000000000000000000e+00 5.080000000000000071e+00 1.001999999999999957e+01 1.264000000000000057e+01 1.591000000000000014e+01 2.008999999999999986e+01 3.779999999999999805e+00 -1.000000000000000000e+00 5.799999999999999822e+00
8.220000000000000639e+00 -1.000000000000000000e+00 5.059999999999999609e+00 1.008000000000000007e+01 1.264000000000000057e+01 1.594999999999999929e+01 2.017999999999999972e+01 3.810000000000000053e+00 -1.000000000000000000e+00 5.780000000000000249e+00
8.179999999999999716e+00 -1.000000000000000000e+00 5.040000000000000036e+00 1.002999999999999936e+01 1.265000000000000036e+01 1.597000000000000064e+01 2.010999999999999943e+01 3.839999999999999858e+00 -1.000000000000000000e+00 5.799999999999999822e+00
8.250000000000000000e+00 -1.000000000000000000e+00 5.009999999999999787e+00 1.003999999999999915e+01 1.266999999999999993e+01 1.598000000000000043e+01 2.017999999999999972e+01 3.770000000000000018e+00 -1.000000000000000000e+00 5.820000000000000284e+00
8.210000000000000853e+00 -1.000000000000000000e+00 5.000000000000000000e+00 1.005000000000000071e+01 1.263000000000000078e+01 1.593999999999999950e+01 2.012999999999999901e+01 3.819999999999999840e+00 -1.000000000000000000e+00 5.790000000000000036e+00
8.179999999999999716e+00 -1.000000000000000000e+00 5.040000000000000036e+00 1.003999999999999915e+01 1.259999999999999964e+01 1.594999999999999929e+01 2.019000000000000128e+01 3.830000000000000071e+00 -1.000000000000000000e+00 5.790000000000000036e+00
8.189999999999999503e+00 -1.000000000000000000e+00 5.049999999999999822e+00 1.007000000000000028e+01 1.259999999999999964e+01 1.599000000000000021e+01 2.005000000000000071e+01 3.830000000000000071e+00 -1.000000000000000000e+00 5.820000000000000284e+00
8.220000000000000639e+00 -1.000000000000000000e+00 5.000000000000000000e+00 1.008999999999999986e+01 1.261999999999999922e+01 1.592999999999999972e+01 2.014999999999999858e+01 3.859999999999999876e+00 -1.000000000000000000e+00 5.780000000000000249e+00
8.230000000000000426e+00 -1.000000000000000000e+00 5.030000000000000249e+00 1.006000000000000050e+01 1.264000000000000057e+01 1.594999999999999929e+01 1.975000000000000000e+01 3.790000000000000036e+00 -1.000000000000000000e+00 5.809999999999999609e+00
8.240000000000000213e+00 -1.000000000000000000e+00 5.040000000000000036e+00 1.009999999999999964e+01 1.256000000000000050e+01 1.592999999999999972e+01 2.016000000000000014e+01 3.799999999999999822e+00 -1.000000000000000000e+00 5.799999999999999822e+00
8.140000000000000568e+00 -1.000000000000000000e+00 5.000000000000000000e+00 1.002999999999999936e+01 1.258000000000000007e+01 1.593999999999999950e+01 1.973000000000000043e+01 3.810000000000000053e+00 -1.000000000000000000e+00 5.759999999999999787e+00
8.179999999999999716e+00 -1.000000000000000000e+00 5.070000000000000284e+00 1.001999999999999957e+01 1.264000000000000057e+01 1.593999999999999950e+01 2.010999999999999943e+01 3.850000000000000089e+00 -1.000000000000000000e+00 5.759999999999999787e+00
8.210000000000000853e+00 -1.000000000000000000e+00 5.080000000000000071e+00 1.000000000000000000e+01 1.260999999999999943e+01 1.594999999999999929e+01 2.012000000000000099e+01 3.819999999999999840e+00 -1.000000000000000000e+00 5.750000000000000000e+00
8.269999999999999574e+00 -1.000000000000000000e+00 5.049999999999999822e+00 1.002999999999999936e+01 1.258000000000000007e+01 1.597000000000000064e+01 2.014999999999999858e+01 3.870000000000000107e+00 -1.000000000000000000e+00 5.809999999999999609e+00
8.179999999999999716e+00 -1.000000000000000000e+00 5.059999999999999609e+00 9.980000000000000426e+00 1.258999999999999986e+01 1.597000000000000064e+01 2.008999999999999986e+01 3.790000000000000036e+00 -1.000000000000000000e+00 5.809999999999999609e+00
8.179999999999999716e+00 -1.000000000000000000e+00 5.030000000000000249e+00 1.000000000000000000e+01 1.263000000000000078e+01 1.591000000000000014e+01 2.008999999999999986e+01 3.810000000000000053e+00 -1.000000000000000000e+00 5.809999999999999609e+00
8.210000000000000853e+00 -1.000000000000000000e+00 5.049999999999999822e+00 1.000000000000000000e+01 1.260999999999999943e+01 1.593999999999999950e+01 2.010000000000000142e+01 3.770000000000000018e+00 -1.000000000000000000e+00 5.830000000000000071e+00
8.250000000000000000e+00 -1.000000000000000000e+00 5.030000000000000249e+00 1.005000000000000071e+01 1.265000000000000036e+01 1.600000000000000000e+01 1.955999999999999872e+01 3.810000000000000053e+00 -1.000000000000000000e+00 5.809999999999999609e+00
8.259999999999999787e+00 -1.000000000000000000e+00 5.049999999999999822e+00 9.960000000000000853e+00 1.260999999999999943e+01 1.590000000000000036e+01 2.007000000000000028e+01 3.839999999999999858e+00 -1.000000000000000000e+00 5.780000000000000249e+00
8.199999999999999289e+00 -1.000000000000000000e+00 5.049999999999999822e+00 1.000000000000000000e+01 1.259999999999999964e+01 1.592999999999999972e+01 2.010999999999999943e+01 3.830000000000000071e+00 -1.000000000000000000e+00 5.799999999999999822e+00
8.259999999999999787e+00 -1.000000000000000000e+00 5.040000000000000036e+00 1.003999999999999915e+01 1.266000000000000014e+01 1.591000000000000014e+01 2.016000000000000014e+01 3.839999999999999858e+00 -1.000000000000000000e+00 5.790000000000000036e+00
8.189999999999999503e+00 -1.000000000000000000e+00 5.049999999999999822e+00 1.007000000000000028e+01 1.256000000000000050e+01 1.592999999999999972e+01 2.007999999999999829e+01 3.799999999999999822e+00 -1.000000000000000000e+00 5.799999999999999822e+00
8.189999999999999503e+00 -1.000000000000000000e+00 5.030000000000000249e+00 1.009999999999999964e+01 1.259999999999999964e+01 1.597000000000000064e+01 2.014000000000000057e+01 3.859999999999999876e+00 -1.000000000000000000e+00 5.790000000000000036e+00
8.169999999999999929e+00 -1.000000000000000000e+00 5.040000000000000036e+00 1.006000000000000050e+01 1.259999999999999964e+01 1.599000000000000021e+01 1.962000000000000099e+01 3.850000000000000089e+00 -1.000000000000000000e+00 5.809999999999999609e+00
8.189999999999999503e+00 -1.000000000000000000e+00 5.059999999999999609e+00 1.011999999999999922e+01 1.258999999999999986e+01 1.591000000000000014e+01 2.007000000000000028e+01 3.850000000000000089e+00 -1.000000000000000000e+00 5.799999999999999822e+00
8.220000000000000639e+00 -1.000000000000000000e+00 5.019999999999999574e+00 9.990000000000000213e+00 1.260999999999999943e+01 1.591000000000000014e+01 2.014999999999999858e+01 3.819999999999999840e+00 -1.000000000000000000e+00 5.790000000000000036e+00
8.169999999999999929e+00 -1.000000000000000000e+00 5.009999999999999787e+00 9.949999999999999289e+00 1.258999999999999986e+01 1.591000000000000014e+01 2.007999999999999829e+01 3.750000000000000000e+00 -1.000000000000000000e+00 5.780000000000000249e+00
8.259999999999999787e+00 -1.000000000000000000e+00 5.049999999999999822e+00 1.001999999999999957e+01 1.258000000000000007e+01 1.593999999999999950e+01 2.012999999999999901e+01 3.879999999999999893e+00 -1.000000000000000000e+00 5.799999999999999822e+00
8.179999999999999716e+00 -1.000000000000000000e+00 5.059999999999999609e+00 1.000999999999999979e+01 1.260999999999999943e+01 1.599000000000000021e+01 1.998000000000000043e+01 3.799999999999999822e+00 -1.000000000000000000e+00 5.769999999999999574e+00
8.179999999999999716e+00 -1.000000000000000000e+00 5.040000000000000036e+00 1.007000000000000028e+01 1.264000000000000057e+01 1.592999999999999972e+01 2.003000000000000114e+01 3.759999999999999787e+00 -1.000000000000000000e+00 5.799999999999999822e+00
8.199999999999999289e+00 -1.000000000000000000e+00 5.059999999999999609e+00 1.003999999999999915e+01 1.258000000000000007e+01 1.593999999999999950e+01 1.935999999999999943e+01 3.810000000000000053e+00 -1.000000000000000000e+00 5.790000000000000036e+00
8.210000000000000853e+00 -1.000000000000000000e+00 5.089999999999999858e+00 1.003999999999999915e+01 1.258000000000000007e+01 1.594999999999999929e+01 1.930000000000000071e+01 3.850000000000000089e+00 -1.000000000000000000e+00 5.799999999999999822e+00
8.240000000000000213e+00 -1.000000000000000000e+00 5.019999999999999574e+00 1.013000000000000078e+01 1.260999999999999943e+01 1.591999999999999993e+01 1.946000000000000085e+01 3.779999999999999805e+00 -1.000000000000000000e+00 5.790000000000000036e+00
8.150000000000000355e+00 -1.000000000000000000e+00 5.019999999999999574e+00 1.002999999999999936e+01 1.258999999999999986e+01 1.592999999999999972e+01 1.982999999999999829e+01 3.819999999999999840e+00 -1.000000000000000000e+00 5.780000000000000249e+00
8.269999999999999574e+00 -1.000000000000000000e+00 5.059999999999999609e+00 1.005000000000000071e+01 1.261999999999999922e+01 1.591999999999999993e+01 2.007999999999999829e+01 3.839999999999999858e+00 -1.000000000000000000e+00 5.759999999999999787e+00
8.230000000000000426e+00 -1.000000000000000000e+00 5.030000000000000249e+00 1.005000000000000071e+01 1.256000000000000050e+01 1.592999999999999972e+01 2.001999999999999957e+01 3.910000000000000142e+00 -1.000000000000000000e+00 5.759999999999999787e+00
8.259999999999999787e+00 -1.000000000000000000e+00 5.049999999999999822e+00 1.001999999999999957e+01 1.258999999999999986e+01 1.591000000000000014e+01 2.001999999999999957e+01 3.870000000000000107e+00 -1.000000000000000000e+00 5.780000000000000249e+00
8.259999999999999787e+00 -1.000000000000000000e+00 5.019999999999999574e+00 1.015000000000000036e+01 1.260999999999999943e+01 1.596000000000000085e+01 2.005999999999999872e+01 3.819999999999999840e+00 -1.000000000000000000e+00 5.780000000000000249e+00
8.210000000000000853e+00 -1.000000000000000000e+00 5.019999999999999574e+00 9.970000000000000639e+00 1.259999999999999964e+01 1.593999999999999950e+01 2.012000000000000099e+01 3.799999999999999822e+00 -1.000000000000000000e+00 5.750000000000000000e+00
8.220000000000000639e+00 -1.000000000000000000e+00 5.040000000000000036e+00 1.008000000000000007e+01 1.259999999999999964e+01 1.599000000000000021e+01 2.019000000000000128e+01 3.790000000000000036e+00 -1.000000000000000000e+00 5.780000000000000249e+00
8.220000000000000639e+00 -1.000000000000000000e+00 5.040000000000000036e+00 1.002999999999999936e+01 1.266999999999999993e+01 1.590000000000000036e+01 2.017000000000000171e+01 3.770000000000000018e+00 -1.000000000000000000e+00 5.820000000000000284e+00
8.130000000000000782e+00 -1.000000000000000000e+00 5.030000000000000249e+00 1.005000000000000071e+01 1.260999999999999943e+01 1.593999999999999950e+01 2.017999999999999972e+01 3.740000000000000213e+00 -1.000000000000000000e+00 5.769999999999999574e+00
8.169999999999999929e+00 -1.000000000000000000e+00 5.049999999999999822e+00 1.008000000000000007e+01 1.260999999999999943e+01 1.597000000000000064e+01 2.017000000000000171e+01 3.830000000000000071e+00 -1.000000000000000000e+00 5.769999999999999574e+00
8.240000000000000213e+00 -1.000000000000000000e+00 5.059999999999999609e+00 1.009999999999999964e+01 1.258999999999999986e+01 1.601999999999999957e+01 2.005000000000000071e+01 3.890000000000000124e+00 -1.000000000000000000e+00 5.790000000000000036e+00
8.210000000000000853e+00 -1.000000000000000000e+00 5.040000000000000036e+00 1.005000000000000071e+01 1.260999999999999943e+01 1.599000000000000021e+01 2.012000000000000099e+01 3.810000000000000053e+00 -1.000000000000000000e+00 5.790000000000000036e+00
8.230000000000000426e+00 -1.000000000000000000e+00 5.019999999999999574e+00 1.005000000000000071e+01 1.258999999999999986e+01 1.594999999999999929e+01 2.014000000000000057e+01 3.819999999999999840e+00 -1.000000000000000000e+00 5.799999999999999822e+00
8.230000000000000426e+00 -1.000000000000000000e+00 5.040000000000000036e+00 1.009999999999999964e+01 1.258000000000000007e+01 1.599000000000000021e+01 2.017999999999999972e+01 3.810000000000000053e+00 -1.000000000000000000e+00 5.799999999999999822e+00
8.199999999999999289e+00 -1.000000000000000000e+00 5.070000000000000284e+00 1.000000000000000000e+01 1.259999999999999964e+01 1.594999999999999929e+01 2.010000000000000142e+01 3.850000000000000089e+00 -1.000000000000000000e+00 5.809999999999999609e+00
8.189999999999999503e+00 -1.000000000000000000e+00 5.049999999999999822e+00 1.003999999999999915e+01 1.264000000000000057e+01 1.590000000000000036e+01 2.012999999999999901e+01 3.799999999999999822e+00 -1.000000000000000000e+00 5.799999999999999822e+00
8.199999999999999289e+00 -1.000000000000000000e+00 5.030000000000000249e+00 1.005000000000000071e+01 -1.000000000000000000e+00 1.594999999999999929e+01 2.010000000000000142e+01 3.779999999999999805e+00 -1.000000000000000000e+00 5.769999999999999574e+00
8.269999999999999574e+00 -1.000000000000000000e+00 5.049999999999999822e+00 1.000999999999999979e+01 1.258999999999999986e+01 1.598000000000000043e+01 2.012999999999999901e+01 3.819999999999999840e+00 -1.000000000000000000e+00 5.790000000000000036e+00
8.240000000000000213e+00 -1.000000000000000000e+00 5.049999999999999822e+00 1.000999999999999979e+01 1.261999999999999922e+01 1.598000000000000043e+01 2.016000000000000014e+01 3.750000000000000000e+00 -1.000000000000000000e+00 5.799999999999999822e+00
8.199999999999999289e+00 -1.000000000000000000e+00 5.030000000000000249e+00 1.002999999999999936e+01 1.260999999999999943e+01 1.596000000000000085e+01 2.012000000000000099e+01 3.850000000000000089e+00 -1.000000000000000000e+00 5.740000000000000213e+00
8.230000000000000426e+00 -1.000000000000000000e+00 5.040000000000000036e+00 1.003999999999999915e+01 1.259999999999999964e+01 1.593999999999999950e+01 2.016000000000000014e+01 3.850000000000000089e+00 -1.000000000000000000e+00 5.790000000000000036e+00
8.160000000000000142e+00 -1.000000000000000000e+00 5.040000000000000036e+00 1.003999999999999915e+01 1.257000000000000028e+01 1.598000000000000043e+01 2.005999999999999872e+01 3.790000000000000036e+00 -1.000000000000000000e+00 5.820000000000000284e+00
8.210000000000000853e+00 -1.000000000000000000e+00 5.070000000000000284e+00 1.005000000000000071e+01 1.261999999999999922e+01 1.596000000000000085e+01 2.010000000000000142e+01 3.850000000000000089e+00 -1.000000000000000000e+00 5.750000000000000000e+00
8.109999999999999432e+00 -1.000000000000000000e+00 5.040000000000000036e+00 1.001999999999999957e+01 1.259999999999999964e+01 1.598000000000000043e+01 2.019000000000000128e+01 3.850000000000000089e+00 -1.000000000000000000e+00 5.769999999999999574e+00
8.189999999999999503e+00 -1.000000000000000000e+00 5.040000000000000036e+00 1.006000000000000050e+01 1.260999999999999943e+01 1.593999999999999950e+01 2.012000000000000099e+01 3.839999999999999858e+00 -1.000000000000000000e+00 5.780000000000000249e+00
8.189999999999999503e+00 -1.000000000000000000e+00 5.009999999999999787e+00 9.990000000000000213e+00 1.265000000000000036e+01 1.594999999999999929e+01 2.017000000000000171e+01 3.770000000000000018e+00 -1.000000000000000000e+00 5.799999999999999822e+00
8.169999999999999929e+00 -1.000000000000000000e+00 5.059999999999999609e+00 1.007000000000000028e+01 1.260999999999999943e+01 1.591000000000000014e+01 2.008999999999999986e+01 3.839999999999999858e+00 -1.000000000000000000e+00 5.780000000000000249e+00
8.259999999999999787e+00 -1.000000000000000000e+00 5.009999999999999787e+00 1.010999999999999943e+01 -1.000000000000000000e+00 1.591999999999999993e+01 2.010000000000000142e+01 3.819999999999999840e+00 -1.000000000000000000e+00 5.769999999999999574e+00
8.269999999999999574e+00 -1.000000000000000000e+00 5.059999999999999609e+00 1.006000000000000050e+01 1.256000000000000050e+01 1.593999999999999950e+01 2.016000000000000014e+01 3.850000000000000089e+00 -1.000000000000000000e+00 5.809999999999999609e+00
8.150000000000000355e+00 -1.000000000000000000e+00 5.059999999999999609e+00 1.006000000000000050e+01 1.258999999999999986e+01 1.597000000000000064e+01 2.005999999999999872e+01 3.850000000000000089e+00 -1.000000000000000000e+00 5.820000000000000284e+00
8.179999999999999716e+00 -1.000000000000000000e+00 5.019999999999999574e+00 1.005000000000000071e+01 1.258000000000000007e+01 1.593999999999999950e+01 2.010000000000000142e+01 3.770000000000000018e+00 -1.000000000000000000e+00 5.759999999999999787e+00
8.269999999999999574e+00 -1.000000000000000000e+00 5.030000000000000249e+00 1.003999999999999915e+01 1.258999999999999986e+01 1.593999999999999950e+01 2.012000000000000099e+01 3.839999999999999858e+00 -1.000000000000000000e+00 5.820000000000000284e+00
8.220000000000000639e+00 -1.000000000000000000e+00 5.030000000000000249e+00 1.002999999999999936e+01 1.259999999999999964e+01 1.592999999999999972e+01 2.014000000000000057e+01 3.779999999999999805e+00 -1.000000000000000000e+00 5.780000000000000249e+00
8.199999999999999289e+00 -1.000000000000000000e+00 5.019999999999999574e+00 1.000999999999999979e+01 1.258000000000000007e+01 1.592999999999999972e+01 2.010999999999999943e+01 3.790000000000000036e+00 -1.000000000000000000e+00 5.780000000000000249e+00
8.210000000000000853e+00 -1.000000000000000000e+00 5.049999999999999822e+00 1.013000000000000078e+01 1.264000000000000057e+01 1.591999999999999993e+01 2.012999999999999901e+01 3.750000000000000000e+00 -1.000000000000000000e+00 5.769999999999999574e+00
8.179999999999999716e+00 -1.000000000000000000e+00 5.049999999999999822e+00 1.005000000000000071e+01 1.261999999999999922e+01 1.599000000000000021e+01 2.001999999999999957e+01 3.850000000000000089e+00 -1.000000000000000000e+00 5.780000000000000249e+00
8.210000000000000853e+00 -1.000000000000000000e+00 5.040000000000000036e+00 1.003999999999999915e+01 1.261999999999999922e+01 1.598000000000000043e+01 2.007000000000000028e+01 3.819999999999999840e+00 -1.000000000000000000e+00 5.790000000000000036e+00
