-1.000000000000000000e+00 -1.000000000000000000e+00 -1.000000000000000000e+00 -1.000000000000000000e+00 -1.000000000000000000e+00 -1.000000000000000000e+00 -1.000000000000000000e+00 -1.000000000000000000e+00 -1.000000000000000000e+00 -1.000000000000000000e+00
1.994000000000000128e+01 -1.000000000000000000e+00 5.669999999999999929e+00 -1.000000000000000000e+00 4.240000000000000213e+00 6.349999999999999645e+00 8.400000000000000355e+00 -1.000000000000000000e+00 9.890000000000000568e+00 6.860000000000000320e+00
2.001000000000000156e+01 -1.000000000000000000e+00 5.660000000000000142e+00 -1.000000000000000000e+00 4.360000000000000320e+00 6.389999999999999680e+00 8.529999999999999361e+00 -1.000000000000000000e+00 9.939999999999999503e+00 6.849999999999999645e+00
2.001000000000000156e+01 -1.000000000000000000e+00 5.639999999999999680e+00 -1.000000000000000000e+00 4.290000000000000036e+00 6.349999999999999645e+00 8.500000000000000000e+00 -1.000000000000000000e+00 9.890000000000000568e+00 6.820000000000000284e+00
1.998999999999999844e+01 -1.000000000000000000e+00 5.620000000000000107e+00 -1.000000000000000000e+00 4.250000000000000000e+00 6.379999999999999893e+00 8.470000000000000639e+00 -1.000000000000000000e+00 9.869999999999999218e+00 6.660000000000000142e+00
2.001000000000000156e+01 -1.000000000000000000e+00 5.610000000000000320e+00 -1.000000000000000000e+00 4.349999999999999645e+00 6.360000000000000320e+00 8.429999999999999716e+00 -1.000000000000000000e+00 9.839999999999999858e+00 6.879999999999999893e+00
1.996999999999999886e+01 -1.000000000000000000e+00 5.650000000000000355e+00 -1.000000000000000000e+00 4.269999999999999574e+00 6.360000000000000320e+00 8.519999999999999574e+00 -1.000000000000000000e+00 1.000999999999999979e+01 6.820000000000000284e+00
1.957000000000000028e+01 -1.000000000000000000e+00 5.639999999999999680e+00 -1.000000000000000000e+00 4.219999999999999751e+00 6.349999999999999645e+00 8.439999999999999503e+00 -1.000000000000000000e+00 9.939999999999999503e+00 6.849999999999999645e+00
1.998999999999999844e+01 -1.000000000000000000e+00 5.700000000000000178e+00 -1.000000000000000000e+00 4.349999999999999645e+00 6.360000000000000320e+00 8.480000000000000426e+00 -1.000000000000000000e+00 9.910000000000000142e+00 6.610000000000000320e+00
2.001000000000000156e+01 -1.000000000000000000e+00 5.690000000000000391e+00 -1.000000000000000000e+00 4.280000000000000249e+00 6.370000000000000107e+00 8.539999999999999147e+00 -1.000000000000000000e+00 9.929999999999999716e+00 6.820000000000000284e+00
1.951999999999999957e+01 -1.000000000000000000e+00 5.620000000000000107e+00 -1.000000000000000000e+00 4.320000000000000284e+00 6.370000000000000107e+00 8.449999999999999289e+00 -1.000000000000000000e+00 9.939999999999999503e+00 6.820000000000000284e+00
1.998999999999999844e+01 -1.000000000000000000e+00 5.610000000000000320e+00 -1.000000000000000000e+00 4.280000000000000249e+00 6.379999999999999893e+00 8.490000000000000213e+00 -1.000000000000000000e+00 9.929999999999999716e+00 6.860000000000000320e+00
1.996999999999999886e+01 -1.000000000000000000e+00 5.639999999999999680e+00 -1.000000000000000000e+00 4.269999999999999574e+00 6.400000000000000355e+00 8.449999999999999289e+00 -1.000000000000000000e+00 1.000000000000000000e+01 6.830000000000000071e+00
2.000000000000000000e+01 -1.000000000000000000e+00 5.660000000000000142e+00 -1.000000000000000000e+00 4.320000000000000284e+00 6.370000000000000107e+00 8.500000000000000000e+00 -1.000000000000000000e+00 9.890000000000000568e+00 6.820000000000000284e+00
2.003999999999999915e+01 -1.000000000000000000e+00 5.549999999999999822e+00 -1.000000000000000000e+00 4.290000000000000036e+00 6.360000000000000320e+00 8.480000000000000426e+00 -1.000000000000000000e+00 9.919999999999999929e+00 6.849999999999999645e+00
1.998999999999999844e+01 -1.000000000000000000e+00 5.519999999999999574e+00 -1.000000000000000000e+00 4.309999999999999609e+00 6.370000000000000107e+00 8.529999999999999361e+00 -1.000000000000000000e+00 9.990000000000000213e+00 6.860000000000000320e+00
1.998000000000000043e+01 -1.000000000000000000e+00 5.540000000000000036e+00 -1.000000000000000000e+00 4.230000000000000426e+00 6.360000000000000320e+00 8.529999999999999361e+00 -1.000000000000000000e+00 1.000000000000000000e+01 6.799999999999999822e+00
2.001000000000000156e+01 -1.000000000000000000e+00 5.570000000000000284e+00 -1.000000000000000000e+00 4.280000000000000249e+00 6.330000000000000071e+00 8.439999999999999503e+00 -1.000000000000000000e+00 1.016000000000000014e+01 6.809999999999999609e+00
1.994999999999999929e+01 -1.000000000000000000e+00 5.570000000000000284e+00 -1.000000000000000000e+00 4.280000000000000249e+00 6.370000000000000107e+00 8.470000000000000639e+00 -1.000000000000000000e+00 1.005000000000000071e+01 6.610000000000000320e+00
1.998000000000000043e+01 -1.000000000000000000e+00 5.559999999999999609e+00 -1.000000000000000000e+00 4.230000000000000426e+00 6.360000000000000320e+00 8.480000000000000426e+00 -1.000000000000000000e+00 1.007000000000000028e+01 6.809999999999999609e+00
2.003000000000000114e+01 -1.000000000000000000e+00 5.599999999999999645e+00 -1.000000000000000000e+00 4.370000000000000107e+00 6.379999999999999893e+00 8.550000000000000711e+00 -1.000000000000000000e+00 1.003999999999999915e+01 6.440000000000000391e+00
2.001000000000000156e+01 -1.000000000000000000e+00 5.629999999999999893e+00 -1.000000000000000000e+00 4.299999999999999822e+00 6.339999999999999858e+00 8.519999999999999574e+00 -1.000000000000000000e+00 1.013000000000000078e+01 6.650000000000000355e+00
1.996000000000000085e+01 -1.000000000000000000e+00 5.549999999999999822e+00 -1.000000000000000000e+00 4.330000000000000071e+00 6.339999999999999858e+00 8.519999999999999574e+00 -1.000000000000000000e+00 9.990000000000000213e+00 6.849999999999999645e+00
1.994000000000000128e+01 -1.000000000000000000e+00 5.580000000000000071e+00 -1.000000000000000000e+00 4.259999999999999787e+00 6.379999999999999893e+00 8.509999999999999787e+00 -1.000000000000000000e+00 9.900000000000000355e+00 6.809999999999999609e+00
1.989999999999999858e+01 -1.000000000000000000e+00 5.570000000000000284e+00 -1.000000000000000000e+00 4.290000000000000036e+00 6.349999999999999645e+00 8.449999999999999289e+00 -1.000000000000000000e+00 9.880000000000000782e+00 6.849999999999999645e+00
2.001000000000000156e+01 -1.000000000000000000e+00 5.570000000000000284e+00 -1.000000000000000000e+00 4.269999999999999574e+00 6.360000000000000320e+00 8.570000000000000284e+00 -1.000000000000000000e+00 9.970000000000000639e+00 6.790000000000000036e+00
1.994000000000000128e+01 -1.000000000000000000e+00 5.599999999999999645e+00 -1.000000000000000000e+00 4.299999999999999822e+00 6.339999999999999858e+00 8.509999999999999787e+00 -1.000000000000000000e+00 9.919999999999999929e+00 6.849999999999999645e+00
1.992999999999999972e+01 -1.000000000000000000e+00 5.589999999999999858e+00 -1.000000000000000000e+00 4.320000000000000284e+00 6.360000000000000320e+00 8.550000000000000711e+00 -1.000000000000000000e+00 9.980000000000000426e+00 6.830000000000000071e+00
1.998999999999999844e+01 -1.000000000000000000e+00 5.599999999999999645e+00 -1.000000000000000000e+00 4.299999999999999822e+00 6.339999999999999858e+00 8.470000000000000639e+00 -1.000000000000000000e+00 9.839999999999999858e+00 6.650000000000000355e+00
1.998999999999999844e+01 -1.000000000000000000e+00 5.570000000000000284e+00 -1.000000000000000000e+00 4.269999999999999574e+00 6.360000000000000320e+00 8.519999999999999574e+00 -1.000000000000000000e+00 9.869999999999999218e+00 6.790000000000000036e+00
1.998999999999999844e+01 -1.000000000000000000e+00 5.570000000000000284e+00 -1.000000000000000000e+00 4.230000000000000426e+00 6.389999999999999680e+00 8.490000000000000213e+00 -1.000000000000000000e+00 9.880000000000000782e+00 6.839999999999999858e+00
1.996999999999999886e+01 -1.000000000000000000e+00 5.570000000000000284e+00 -1.000000000000000000e+00 4.299999999999999822e+00 6.360000000000000320e+00 8.509999999999999787e+00 -1.000000000000000000e+00 9.919999999999999929e+00 6.860000000000000320e+00
1.998999999999999844e+01 -1.000000000000000000e+00 5.570000000000000284e+00 -1.000000000000000000e+00 4.240000000000000213e+00 6.379999999999999893e+00 8.550000000000000711e+00 -1.000000000000000000e+00 9.890000000000000568e+00 6.860000000000000320e+00
1.989999999999999858e+01 -1.000000000000000000e+00 5.570000000000000284e+00 -1.000000000000000000e+00 4.339999999999999858e+00 6.389999999999999680e+00 8.410000000000000142e+00 -1.000000000000000000e+00 9.820000000000000284e+00 6.830000000000000071e+00
2.003000000000000114e+01 -1.000000000000000000e+00 5.610000000000000320e+00 -1.000000000000000000e+00 4.309999999999999609e+00 6.370000000000000107e+00 8.490000000000000213e+00 -1.000000000000000000e+00 9.910000000000000142e+00 6.830000000000000071e+00
1.994999999999999929e+01 -1.000000000000000000e+00 5.639999999999999680e+00 -1.000000000000000000e+00 4.250000000000000000e+00 6.339999999999999858e+00 8.529999999999999361e+00 -1.000000000000000000e+00 9.849999999999999645e+00 6.610000000000000320e+00
1.989999999999999858e+01 -1.000000000000000000e+00 5.589999999999999858e+00 -1.000000000000000000e+00 4.299999999999999822e+00 6.349999999999999645e+00 8.460000000000000853e+00 -1.000000000000000000e+00 9.839999999999999858e+00 6.830000000000000071e+00
1.996999999999999886e+01 -1.000000000000000000e+00 5.690000000000000391e+00 -1.000000000000000000e+00 4.250000000000000000e+00 6.370000000000000107e+00 8.480000000000000426e+00 -1.000000000000000000e+00 9.839999999999999858e+00 6.759999999999999787e+00
1.994999999999999929e+01 -1.000000000000000000e+00 5.620000000000000107e+00 -1.000000000000000000e+00 4.280000000000000249e+00 6.370000000000000107e+00 8.609999999999999432e+00 -1.000000000000000000e+00 9.820000000000000284e+00 6.790000000000000036e+00
1.998999999999999844e+01 -1.000000000000000000e+00 5.639999999999999680e+00 -1.000000000000000000e+00 4.219999999999999751e+00 6.370000000000000107e+00 8.480000000000000426e+00 -1.000000000000000000e+00 9.890000000000000568e+00 6.839999999999999858e+00
1.998999999999999844e+01 -1.000000000000000000e+00 5.639999999999999680e+00 -1.000000000000000000e+00 4.299999999999999822e+00 6.330000000000000071e+00 8.539999999999999147e+00 -1.000000000000000000e+00 9.810000000000000497e+00 6.620000000000000107e+00
1.998999999999999844e+01 -1.000000000000000000e+00 5.620000000000000107e+00 -1.000000000000000000e+00 4.230000000000000426e+00 6.389999999999999680e+00 8.550000000000000711e+00 -1.000000000000000000e+00 9.859999999999999432e+00 6.849999999999999645e+00
1.994999999999999929e+01 -1.000000000000000000e+00 5.610000000000000320e+00 -1.000000000000000000e+00 4.339999999999999858e+00 6.349999999999999645e+00 8.480000000000000426e+00 -1.000000000000000000e+00 9.890000000000000568e+00 6.809999999999999609e+00
1.930999999999999872e+01 -1.000000000000000000e+00 5.639999999999999680e+00 -1.000000000000000000e+00 4.299999999999999822e+00 6.389999999999999680e+00 8.460000000000000853e+00 -1.000000000000000000e+00 9.859999999999999432e+00 6.830000000000000071e+00
1.994999999999999929e+01 -1.000000000000000000e+00 5.599999999999999645e+00 -1.000000000000000000e+00 4.269999999999999574e+00 6.339999999999999858e+00 8.589999999999999858e+00 -1.000000000000000000e+00 9.900000000000000355e+00 6.820000000000000284e+00
2.001999999999999957e+01 -1.000000000000000000e+00 5.639999999999999680e+00 -1.000000000000000000e+00 4.269999999999999574e+00 6.389999999999999680e+00 8.500000000000000000e+00 -1.000000000000000000e+00 9.890000000000000568e+00 6.839999999999999858e+00
1.928000000000000114e+01 -1.000000000000000000e+00 5.669999999999999929e+00 -1.000000000000000000e+00 4.349999999999999645e+00 6.379999999999999893e+00 8.519999999999999574e+00 -1.000000000000000000e+00 9.830000000000000071e+00 6.660000000000000142e+00
2.003000000000000114e+01 -1.000000000000000000e+00 5.620000000000000107e+00 -1.000000000000000000e+00 4.320000000000000284e+00 6.379999999999999893e+00 8.519999999999999574e+00 -1.000000000000000000e+00 9.910000000000000142e+00 6.849999999999999645e+00
1.998000000000000043e+01 -1.000000000000000000e+00 5.639999999999999680e+00 -1.000000000000000000e+00 4.299999999999999822e+00 6.419999999999999929e+00 8.439999999999999503e+00 -1.000000000000000000e+00 9.880000000000000782e+00 6.830000000000000071e+00
1.998999999999999844e+01 -1.000000000000000000e+00 5.610000000000000320e+00 -1.000000000000000000e+00 4.330000000000000071e+00 6.320000000000000284e+00 8.449999999999999289e+00 -1.000000000000000000e+00 9.869999999999999218e+00 6.830000000000000071e+00
1.994999999999999929e+01 -1.000000000000000000e+00 5.589999999999999858e+00 -1.000000000000000000e+00 4.299999999999999822e+00 6.389999999999999680e+00 8.539999999999999147e+00 -1.000000000000000000e+00 9.900000000000000355e+00 6.870000000000000107e+00
2.001000000000000156e+01 -1.000000000000000000e+00 5.570000000000000284e+00 -1.000000000000000000e+00 4.320000000000000284e+00 6.339999999999999858e+00 8.480000000000000426e+00 -1.000000000000000000e+00 9.939999999999999503e+00 6.839999999999999858e+00
1.928000000000000114e+01 -1.000000000000000000e+00 5.610000000000000320e+00 -1.000000000000000000e+00 4.259999999999999787e+00 6.360000000000000320e+00 8.500000000000000000e+00 -1.000000000000000000e+00 9.880000000000000782e+00 6.629999999999999893e+00
1.848000000000000043e+01 -1.000000000000000000e+00 5.639999999999999680e+00 -1.000000000000000000e+00 4.240000000000000213e+00 6.360000000000000320e+00 8.490000000000000213e+00 -1.000000000000000000e+00 9.919999999999999929e+00 6.830000000000000071e+00
1.944999999999999929e+01 -1.000000000000000000e+00 5.639999999999999680e+00 -1.000000000000000000e+00 4.290000000000000036e+00 6.389999999999999680e+00 8.519999999999999574e+00 -1.000000000000000000e+00 9.900000000000000355e+00 6.639999999999999680e+00
1.926000000000000156e+01 -1.000000000000000000e+00 5.639999999999999680e+00 -1.000000000000000000e+00 4.230000000000000426e+00 6.349999999999999645e+00 8.449999999999999289e+00 -1.000000000000000000e+00 9.970000000000000639e+00 6.830000000000000071e+00
1.928000000000000114e+01 -1.000000000000000000e+00 5.679999999999999716e+00 -1.000000000000000000e+00 4.269999999999999574e+00 6.360000000000000320e+00 8.439999999999999503e+00 -1.000000000000000000e+00 9.900000000000000355e+00 6.849999999999999645e+00
1.853999999999999915e+01 -1.000000000000000000e+00 5.629999999999999893e+00 -1.000000000000000000e+00 4.349999999999999645e+00 6.370000000000000107e+00 8.519999999999999574e+00 -1.000000000000000000e+00 9.949999999999999289e+00 6.809999999999999609e+00
1.919000000000000128e+01 -1.000000000000000000e+00 5.639999999999999680e+00 -1.000000000000000000e+00 4.299999999999999822e+00 6.360000000000000320e+00 8.439999999999999503e+00 -1.000000000000000000e+00 9.929999999999999716e+00 6.629999999999999893e+00
1.857999999999999829e+01 -1.000000000000000000e+00 5.599999999999999645e+00 -1.000000000000000000e+00 4.280000000000000249e+00 6.370000000000000107e+00 8.449999999999999289e+00 -1.000000000000000000e+00 9.919999999999999929e+00 6.830000000000000071e+00
2.000000000000000000e+01 -1.000000000000000000e+00 5.580000000000000071e+00 -1.000000000000000000e+00 4.309999999999999609e+00 6.379999999999999893e+00 8.470000000000000639e+00 -1.000000000000000000e+00 9.949999999999999289e+00 6.830000000000000071e+00
1.923999999999999844e+01 -1.000000000000000000e+00 5.629999999999999893e+00 -1.000000000000000000e+00 4.299999999999999822e+00 6.339999999999999858e+00 8.480000000000000426e+00 -1.000000000000000000e+00 9.939999999999999503e+00 6.839999999999999858e+00
1.937999999999999901e+01 -1.000000000000000000e+00 5.599999999999999645e+00 -1.000000000000000000e+00 4.290000000000000036e+00 6.370000000000000107e+00 8.539999999999999147e+00 -1.000000000000000000e+00 9.980000000000000426e+00 6.839999999999999858e+00
1.923999999999999844e+01 -1.000000000000000000e+00 5.580000000000000071e+00 -1.000000000000000000e+00 4.349999999999999645e+00 6.389999999999999680e+00 8.480000000000000426e+00 -1.000000000000000000e+00 9.939999999999999503e+00 6.849999999999999645e+00
1.923999999999999844e+01 -1.000000000000000000e+00 5.660000000000000142e+00 -1.000000000000000000e+00 4.259999999999999787e+00 6.389999999999999680e+00 8.560000000000000497e+00 -1.000000000000000000e+00 9.910000000000000142e+00 6.809999999999999609e+00
1.923000000000000043e+01 -1.000000000000000000e+00 5.629999999999999893e+00 -1.000000000000000000e+00 4.299999999999999822e+00 6.349999999999999645e+00 8.500000000000000000e+00 -1.000000000000000000e+00 9.980000000000000426e+00 6.830000000000000071e+00
1.926999999999999957e+01 -1.000000000000000000e+00 5.629999999999999893e+00 -1.000000000000000000e+00 4.269999999999999574e+00 -1.000000000000000000e+00 8.550000000000000711e+00 -1.000000000000000000e+00 9.949999999999999289e+00 6.620000000000000107e+00
2.000000000000000000e+01 -1.000000000000000000e+00 5.650000000000000355e+00 -1.000000000000000000e+00 4.250000000000000000e+00 6.360000000000000320e+00 8.529999999999999361e+00 -1.000000000000000000e+00 9.990000000000000213e+00 6.839999999999999858e+00
1.932000000000000028e+01 -1.000000000000000000e+00 5.620000000000000107e+00 -1.000000000000000000e+00 4.259999999999999787e+00 6.410000000000000142e+00 8.519999999999999574e+00 -1.000000000000000000e+00 9.980000000000000426e+00 6.440000000000000391e+00
1.998999999999999844e+01 -1.000000000000000000e+00 5.629999999999999893e+00 -1.000000000000000000e+00 4.269999999999999574e+00 6.379999999999999893e+00 8.480000000000000426e+00 -1.000000000000000000e+00 1.005000000000000071e+01 6.849999999999999645e+00
1.926000000000000156e+01 -1.000000000000000000e+00 5.599999999999999645e+00 -1.000000000000000000e+00 4.259999999999999787e+00 6.349999999999999645e+00 8.570000000000000284e+00 -1.000000000000000000e+00 9.859999999999999432e+00 6.860000000000000320e+00
1.994999999999999929e+01 -1.000000000000000000e+00 5.639999999999999680e+00 -1.000000000000000000e+00 4.309999999999999609e+00 6.360000000000000320e+00 8.539999999999999147e+00 -1.000000000000000000e+00 9.929999999999999716e+00 6.849999999999999645e+00
1.862000000000000099e+01 -1.000000000000000000e+00 5.599999999999999645e+00 -1.000000000000000000e+00 4.259999999999999787e+00 6.370000000000000107e+00 8.519999999999999574e+00 -1.000000000000000000e+00 9.939999999999999503e+00 6.629999999999999893e+00
2.001000000000000156e+01 -1.000000000000000000e+00 5.629999999999999893e+00 -1.000000000000000000e+00 4.299999999999999822e+00 6.379999999999999893e+00 8.500000000000000000e+00 -1.000000000000000000e+00 1.000000000000000000e+01 6.639999999999999680e+00
1.933999999999999986e+01 -1.000000000000000000e+00 5.700000000000000178e+00 -1.000000000000000000e+00 4.299999999999999822e+00 6.360000000000000320e+00 8.500000000000000000e+00 -1.000000000000000000e+00 9.980000000000000426e+00 6.620000000000000107e+00
2.001000000000000156e+01 -1.000000000000000000e+00 5.599999999999999645e+00 -1.000000000000000000e+00 4.299999999999999822e+00 6.379999999999999893e+00 8.500000000000000000e+00 -1.000000000000000000e+00 9.910000000000000142e+00 6.639999999999999680e+00
2.001999999999999957e+01 -1.000000000000000000e+00 5.639999999999999680e+00 -1.000000000000000000e+00 4.299999999999999822e+00 6.379999999999999893e+00 8.539999999999999147e+00 -1.000000000000000000e+00 9.960000000000000853e+00 6.900000000000000355e+00
1.928000000000000114e+01 -1.000000000000000000e+00 5.599999999999999645e+00 -1.000000000000000000e+00 4.269999999999999574e+00 6.370000000000000107e+00 8.480000000000000426e+00 -1.000000000000000000e+00 9.990000000000000213e+00 6.870000000000000107e+00
1.996999999999999886e+01 -1.000000000000000000e+00 5.629999999999999893e+00 -1.000000000000000000e+00 4.339999999999999858e+00 6.389999999999999680e+00 8.509999999999999787e+00 -1.000000000000000000e+00 9.939999999999999503e+00 6.809999999999999609e+00
1.928000000000000114e+01 -1.000000000000000000e+00 5.629999999999999893e+00 -1.000000000000000000e+00 4.309999999999999609e+00 6.370000000000000107e+00 8.490000000000000213e+00 -1.000000000000000000e+00 9.939999999999999503e+00 6.809999999999999609e+00
1.930000000000000071e+01 -1.000000000000000000e+00 5.599999999999999645e+00 -1.000000000000000000e+00 4.320000000000000284e+00 6.379999999999999893e+00 8.470000000000000639e+00 -1.000000000000000000e+00 9.919999999999999929e+00 6.429999999999999716e+00
2.003000000000000114e+01 -1.000000000000000000e+00 5.650000000000000355e+00 -1.000000000000000000e+00 4.299999999999999822e+00 6.389999999999999680e+00 8.519999999999999574e+00 -1.000000000000000000e+00 1.007000000000000028e+01 6.860000000000000320e+00
1.925000000000000000e+01 -1.000000000000000000e+00 5.610000000000000320e+00 -1.000000000000000000e+00 4.250000000000000000e+00 6.360000000000000320e+00 8.560000000000000497e+00 -1.000000000000000000e+00 9.970000000000000639e+00 6.870000000000000107e+00
1.996999999999999886e+01 -1.000000000000000000e+00 5.570000000000000284e+00 -1.000000000000000000e+00 4.309999999999999609e+00 6.349999999999999645e+00 8.470000000000000639e+00 -1.000000000000000000e+00 9.939999999999999503e+00 6.830000000000000071e+00
1.998000000000000043e+01 -1.000000000000000000e+00 5.629999999999999893e+00 -1.000000000000000000e+00 4.330000000000000071e+00 6.370000000000000107e+00 8.470000000000000639e+00 -1.000000000000000000e+00 9.960000000000000853e+00 6.879999999999999893e+00
2.001999999999999957e+01 -1.000000000000000000e+00 5.549999999999999822e+00 -1.000000000000000000e+00 4.240000000000000213e+00 6.370000000000000107e+00 8.500000000000000000e+00 -1.000000000000000000e+00 9.939999999999999503e+00 6.839999999999999858e+00
2.001000000000000156e+01 -1.000000000000000000e+00 5.660000000000000142e+00 -1.000000000000000000e+00 4.309999999999999609e+00 6.330000000000000071e+00 8.539999999999999147e+00 -1.000000000000000000e+00 9.990000000000000213e+00 6.839999999999999858e+00
1.919999999999999929e+01 -1.000000000000000000e+00 5.589999999999999858e+00 -1.000000000000000000e+00 4.309999999999999609e+00 6.360000000000000320e+00 8.490000000000000213e+00 -1.000000000000000000e+00 1.000999999999999979e+01 6.879999999999999893e+00
2.003999999999999915e+01 -1.000000000000000000e+00 5.599999999999999645e+00 -1.000000000000000000e+00 4.349999999999999645e+00 6.370000000000000107e+00 8.519999999999999574e+00 -1.000000000000000000e+00 1.000000000000000000e+01 6.820000000000000284e+00
2.001000000000000156e+01 -1.000000000000000000e+00 5.580000000000000071e+00 -1.000000000000000000e+00 4.290000000000000036e+00 6.389999999999999680e+00 8.470000000000000639e+00 -1.000000000000000000e+00 9.949999999999999289e+00 6.629999999999999893e+00
1.921999999999999886e+01 -1.000000000000000000e+00 5.589999999999999858e+00 -1.000000000000000000e+00 4.250000000000000000e+00 6.419999999999999929e+00 8.449999999999999289e+00 -1.000000000000000000e+00 9.939999999999999503e+00 6.610000000000000320e+00
1.996000000000000085e+01 -1.000000000000000000e+00 5.620000000000000107e+00 -1.000000000000000000e+00 4.290000000000000036e+00 6.370000000000000107e+00 8.500000000000000000e+00 -1.000000000000000000e+00 1.000999999999999979e+01 6.870000000000000107e+00
1.996999999999999886e+01 -1.000000000000000000e+00 5.509999999999999787e+00 -1.000000000000000000e+00 4.290000000000000036e+00 6.389999999999999680e+00 8.470000000000000639e+00 -1.000000000000000000e+00 9.939999999999999503e+00 6.839999999999999858e+00
1.994000000000000128e+01 -1.000000000000000000e+00 5.540000000000000036e+00 -1.000000000000000000e+00 4.299999999999999822e+00 6.379999999999999893e+00 8.500000000000000000e+00 -1.000000000000000000e+00 9.929999999999999716e+00 6.839999999999999858e+00
2.003000000000000114e+01 -1.000000000000000000e+00 5.580000000000000071e+00 -1.000000000000000000e+00 4.290000000000000036e+00 6.349999999999999645e+00 8.519999999999999574e+00 -1.000000000000000000e+00 9.939999999999999503e+00 6.889999999999999680e+00
2.001000000000000156e+01 -1.000000000000000000e+00 5.540000000000000036e+00 -1.000000000000000000e+00 4.290000000000000036e+00 6.370000000000000107e+00 8.509999999999999787e+00 -1.000000000000000000e+00 9.980000000000000426e+00 6.830000000000000071e+00
2.001000000000000156e+01 -1.000000000000000000e+00 5.559999999999999609e+00 -1.000000000000000000e+00 4.309999999999999609e+00 6.370000000000000107e+00 8.509999999999999787e+00 -1.000000000000000000e+00 1.005000000000000071e+01 6.849999999999999645e+00
2.005999999999999872e+01 -1.000000000000000000e+00 5.500000000000000000e+00 -1.000000000000000000e+00 4.370000000000000107e+00 6.410000000000000142e+00 8.509999999999999787e+00 -1.000000000000000000e+00 1.000000000000000000e+01 6.879999999999999893e+00
1.992999999999999972e+01 -1.000000000000000000e+00 5.559999999999999609e+00 -1.000000000000000000e+00 4.290000000000000036e+00 6.389999999999999680e+00 8.480000000000000426e+00 -1.000000000000000000e+00 1.003999999999999915e+01 6.639999999999999680e+00
1.998999999999999844e+01 -1.000000000000000000e+00 5.530000000000000249e+00 -1.000000000000000000e+00 4.280000000000000249e+00 6.349999999999999645e+00 8.400000000000000355e+00 -1.000000000000000000e+00 1.000999999999999979e+01 6.870000000000000107e+00
