-1.000000000000000000e+00 -1.000000000000000000e+00 -1.000000000000000000e+00 -1.000000000000000000e+00 -1.000000000000000000e+00 -1.000000000000000000e+00 -1.000000000000000000e+00 -1.000000000000000000e+00 -1.000000000000000000e+00 -1.000000000000000000e+00
-1.000000000000000000e+00 -1.000000000000000000e+00 1.416999999999999993e+01 8.460000000000000853e+00 7.309999999999999609e+00 4.150000000000000355e+00 -1.000000000000000000e+00 1.875000000000000000e+01 2.012000000000000099e+01 1.452999999999999936e+01
-1.000000000000000000e+00 -1.000000000000000000e+00 1.418999999999999950e+01 8.439999999999999503e+00 7.299999999999999822e+00 3.919999999999999929e+00 -1.000000000000000000e+00 1.875000000000000000e+01 2.010000000000000142e+01 1.452999999999999936e+01
-1.000000000000000000e+00 -1.000000000000000000e+00 1.413000000000000078e+01 8.429999999999999716e+00 7.339999999999999858e+00 3.919999999999999929e+00 -1.000000000000000000e+00 1.871000000000000085e+01 2.012000000000000099e+01 1.456000000000000050e+01
-1.000000000000000000e+00 -1.000000000000000000e+00 1.422000000000000064e+01 8.490000000000000213e+00 7.299999999999999822e+00 4.440000000000000391e+00 -1.000000000000000000e+00 1.873000000000000043e+01 2.010000000000000142e+01 1.456000000000000050e+01
-1.000000000000000000e+00 -1.000000000000000000e+00 1.415000000000000036e+01 8.500000000000000000e+00 7.299999999999999822e+00 4.150000000000000355e+00 -1.000000000000000000e+00 1.875000000000000000e+01 2.014000000000000057e+01 1.457000000000000028e+01
-1.000000000000000000e+00 -1.000000000000000000e+00 1.416999999999999993e+01 8.529999999999999361e+00 7.360000000000000320e+00 3.819999999999999840e+00 -1.000000000000000000e+00 1.871000000000000085e+01 2.014999999999999858e+01 1.452999999999999936e+01
-1.000000000000000000e+00 -1.000000000000000000e+00 1.415000000000000036e+01 8.509999999999999787e+00 7.280000000000000249e+00 3.859999999999999876e+00 -1.000000000000000000e+00 1.873000000000000043e+01 2.012999999999999901e+01 1.458000000000000007e+01
-1.000000000000000000e+00 -1.000000000000000000e+00 1.413000000000000078e+01 8.519999999999999574e+00 7.290000000000000036e+00 4.429999999999999716e+00 -1.000000000000000000e+00 1.869000000000000128e+01 2.008999999999999986e+01 1.455000000000000071e+01
-1.000000000000000000e+00 -1.000000000000000000e+00 1.411999999999999922e+01 8.470000000000000639e+00 7.309999999999999609e+00 3.790000000000000036e+00 -1.000000000000000000e+00 1.873000000000000043e+01 2.010999999999999943e+01 1.451999999999999957e+01
-1.000000000000000000e+00 -1.000000000000000000e+00 1.415000000000000036e+01 8.500000000000000000e+00 7.280000000000000249e+00 3.879999999999999893e+00 -1.000000000000000000e+00 1.876000000000000156e+01 2.010000000000000142e+01 1.453999999999999915e+01
-1.000000000000000000e+00 -1.000000000000000000e+00 1.416999999999999993e+01 8.470000000000000639e+00 7.259999999999999787e+00 3.790000000000000036e+00 -1.000000000000000000e+00 1.873000000000000043e+01 2.014000000000000057e+01 1.455000000000000071e+01
-1.000000000000000000e+00 -1.000000000000000000e+00 1.416000000000000014e+01 8.480000000000000426e+00 7.320000000000000284e+00 3.870000000000000107e+00 -1.000000000000000000e+00 1.875000000000000000e+01 2.010000000000000142e+01 1.457000000000000028e+01
-1.000000000000000000e+00 -1.000000000000000000e+00 1.413000000000000078e+01 8.410000000000000142e+00 7.280000000000000249e+00 4.169999999999999929e+00 -1.000000000000000000e+00 1.864999999999999858e+01 2.014999999999999858e+01 1.458999999999999986e+01
-1.000000000000000000e+00 -1.000000000000000000e+00 1.415000000000000036e+01 8.490000000000000213e+00 7.290000000000000036e+00 4.429999999999999716e+00 -1.000000000000000000e+00 1.873999999999999844e+01 2.010999999999999943e+01 1.456000000000000050e+01
-1.000000000000000000e+00 -1.000000000000000000e+00 1.415000000000000036e+01 8.460000000000000853e+00 7.349999999999999645e+00 4.150000000000000355e+00 -1.000000000000000000e+00 1.869000000000000128e+01 2.012999999999999901e+01 1.458000000000000007e+01
-1.000000000000000000e+00 -1.000000000000000000e+00 1.415000000000000036e+01 8.470000000000000639e+00 7.230000000000000426e+00 3.839999999999999858e+00 -1.000000000000000000e+00 1.873000000000000043e+01 2.012000000000000099e+01 1.455000000000000071e+01
-1.000000000000000000e+00 -1.000000000000000000e+00 1.419999999999999929e+01 8.460000000000000853e+00 7.309999999999999609e+00 3.970000000000000195e+00 -1.000000000000000000e+00 1.878000000000000114e+01 2.012000000000000099e+01 1.457000000000000028e+01
-1.000000000000000000e+00 -1.000000000000000000e+00 1.417999999999999972e+01 8.509999999999999787e+00 7.309999999999999609e+00 4.400000000000000355e+00 -1.000000000000000000e+00 1.871000000000000085e+01 2.012999999999999901e+01 1.457000000000000028e+01
-1.000000000000000000e+00 -1.000000000000000000e+00 1.414000000000000057e+01 8.449999999999999289e+00 7.299999999999999822e+00 4.570000000000000284e+00 -1.000000000000000000e+00 1.871000000000000085e+01 2.017000000000000171e+01 1.457000000000000028e+01
-1.000000000000000000e+00 -1.000000000000000000e+00 1.415000000000000036e+01 8.500000000000000000e+00 7.309999999999999609e+00 4.530000000000000249e+00 -1.000000000000000000e+00 1.873000000000000043e+01 2.014000000000000057e+01 1.457000000000000028e+01
-1.000000000000000000e+00 -1.000000000000000000e+00 1.416000000000000014e+01 8.419999999999999929e+00 7.309999999999999609e+00 4.839999999999999858e+00 -1.000000000000000000e+00 1.871000000000000085e+01 2.012000000000000099e+01 1.458999999999999986e+01
-1.000000000000000000e+00 -1.000000000000000000e+00 1.416999999999999993e+01 8.460000000000000853e+00 7.299999999999999822e+00 4.440000000000000391e+00 -1.000000000000000000e+00 1.871000000000000085e+01 2.016000000000000014e+01 1.459999999999999964e+01
-1.000000000000000000e+00 -1.000000000000000000e+00 1.422000000000000064e+01 8.449999999999999289e+00 7.299999999999999822e+00 3.870000000000000107e+00 -1.000000000000000000e+00 1.869999999999999929e+01 2.010999999999999943e+01 1.453999999999999915e+01
-1.000000000000000000e+00 -1.000000000000000000e+00 1.416999999999999993e+01 8.500000000000000000e+00 7.280000000000000249e+00 4.179999999999999716e+00 -1.000000000000000000e+00 1.873000000000000043e+01 2.012999999999999901e+01 1.455000000000000071e+01
-1.000000000000000000e+00 -1.000000000000000000e+00 1.423000000000000043e+01 8.500000000000000000e+00 7.349999999999999645e+00 4.219999999999999751e+00 -1.000000000000000000e+00 1.864999999999999858e+01 2.007999999999999829e+01 1.459999999999999964e+01
-1.000000000000000000e+00 -1.000000000000000000e+00 1.416000000000000014e+01 8.439999999999999503e+00 7.299999999999999822e+00 4.480000000000000426e+00 -1.000000000000000000e+00 1.871000000000000085e+01 2.012000000000000099e+01 1.457000000000000028e+01
-1.000000000000000000e+00 -1.000000000000000000e+00 1.424000000000000021e+01 8.500000000000000000e+00 7.269999999999999574e+00 3.919999999999999929e+00 -1.000000000000000000e+00 1.867999999999999972e+01 2.014000000000000057e+01 1.456000000000000050e+01
-1.000000000000000000e+00 -1.000000000000000000e+00 1.414000000000000057e+01 8.470000000000000639e+00 7.339999999999999858e+00 3.819999999999999840e+00 -1.000000000000000000e+00 1.873000000000000043e+01 2.014000000000000057e+01 1.456000000000000050e+01
-1.000000000000000000e+00 -1.000000000000000000e+00 1.416000000000000014e+01 8.460000000000000853e+00 7.299999999999999822e+00 4.169999999999999929e+00 -1.000000000000000000e+00 1.871999999999999886e+01 2.014999999999999858e+01 1.456000000000000050e+01
-1.000000000000000000e+00 -1.000000000000000000e+00 1.413000000000000078e+01 8.470000000000000639e+00 7.259999999999999787e+00 3.930000000000000160e+00 -1.000000000000000000e+00 1.867000000000000171e+01 2.010000000000000142e+01 1.458000000000000007e+01
-1.000000000000000000e+00 -1.000000000000000000e+00 1.409999999999999964e+01 8.419999999999999929e+00 7.309999999999999609e+00 4.429999999999999716e+00 -1.000000000000000000e+00 1.876000000000000156e+01 2.012999999999999901e+01 1.453999999999999915e+01
-1.000000000000000000e+00 -1.000000000000000000e+00 1.416999999999999993e+01 8.419999999999999929e+00 7.309999999999999609e+00 4.450000000000000178e+00 -1.000000000000000000e+00 1.873999999999999844e+01 2.010000000000000142e+01 1.453999999999999915e+01
-1.000000000000000000e+00 -1.000000000000000000e+00 1.421000000000000085e+01 8.449999999999999289e+00 7.309999999999999609e+00 3.850000000000000089e+00 -1.000000000000000000e+00 1.871000000000000085e+01 2.010999999999999943e+01 1.456000000000000050e+01
-1.000000000000000000e+00 -1.000000000000000000e+00 1.424000000000000021e+01 8.480000000000000426e+00 7.299999999999999822e+00 3.850000000000000089e+00 -1.000000000000000000e+00 1.873999999999999844e+01 2.014999999999999858e+01 1.456000000000000050e+01
-1.000000000000000000e+00 -1.000000000000000000e+00 1.419999999999999929e+01 8.470000000000000639e+00 7.349999999999999645e+00 3.839999999999999858e+00 -1.000000000000000000e+00 1.871999999999999886e+01 2.014000000000000057e+01 1.458999999999999986e+01
-1.000000000000000000e+00 -1.000000000000000000e+00 1.409999999999999964e+01 8.449999999999999289e+00 7.349999999999999645e+00 3.930000000000000160e+00 -1.000000000000000000e+00 1.876000000000000156e+01 2.014000000000000057e+01 1.452999999999999936e+01
-1.000000000000000000e+00 -1.000000000000000000e+00 1.421000000000000085e+01 8.470000000000000639e+00 7.280000000000000249e+00 3.910000000000000142e+00 -1.000000000000000000e+00 -1.000000000000000000e+00 2.010999999999999943e+01 1.455000000000000071e+01
-1.000000000000000000e+00 -1.000000000000000000e+00 1.425999999999999979e+01 8.449999999999999289e+00 7.290000000000000036e+00 4.469999999999999751e+00 -1.000000000000000000e+00 1.873999999999999844e+01 2.012999999999999901e+01 1.457000000000000028e+01
-1.000000000000000000e+00 -1.000000000000000000e+00 1.416000000000000014e+01 8.500000000000000000e+00 7.280000000000000249e+00 4.429999999999999716e+00 -1.000000000000000000e+00 1.862999999999999901e+01 2.008999999999999986e+01 1.457000000000000028e+01
-1.000000000000000000e+00 -1.000000000000000000e+00 1.421000000000000085e+01 8.480000000000000426e+00 7.320000000000000284e+00 3.799999999999999822e+00 -1.000000000000000000e+00 1.864999999999999858e+01 2.017000000000000171e+01 1.453999999999999915e+01
-1.000000000000000000e+00 -1.000000000000000000e+00 1.419999999999999929e+01 8.449999999999999289e+00 7.320000000000000284e+00 3.859999999999999876e+00 -1.000000000000000000e+00 1.871000000000000085e+01 2.016000000000000014e+01 1.458000000000000007e+01
-1.000000000000000000e+00 -1.000000000000000000e+00 1.416000000000000014e+01 8.490000000000000213e+00 7.299999999999999822e+00 4.500000000000000000e+00 -1.000000000000000000e+00 1.876999999999999957e+01 2.010999999999999943e+01 1.458000000000000007e+01
-1.000000000000000000e+00 -1.000000000000000000e+00 1.421000000000000085e+01 8.470000000000000639e+00 7.299999999999999822e+00 4.219999999999999751e+00 -1.000000000000000000e+00 1.873999999999999844e+01 2.012000000000000099e+01 1.458999999999999986e+01
-1.000000000000000000e+00 -1.000000000000000000e+00 1.424000000000000021e+01 8.460000000000000853e+00 7.309999999999999609e+00 3.859999999999999876e+00 -1.000000000000000000e+00 1.871999999999999886e+01 2.010999999999999943e+01 1.457000000000000028e+01
-1.000000000000000000e+00 -1.000000000000000000e+00 1.419999999999999929e+01 8.460000000000000853e+00 7.280000000000000249e+00 4.209999999999999964e+00 -1.000000000000000000e+00 1.873000000000000043e+01 2.014999999999999858e+01 1.453999999999999915e+01
-1.000000000000000000e+00 -1.000000000000000000e+00 1.416999999999999993e+01 8.500000000000000000e+00 7.280000000000000249e+00 4.509999999999999787e+00 -1.000000000000000000e+00 1.876999999999999957e+01 2.014999999999999858e+01 1.456000000000000050e+01
-1.000000000000000000e+00 -1.000000000000000000e+00 1.414000000000000057e+01 8.470000000000000639e+00 7.299999999999999822e+00 3.859999999999999876e+00 -1.000000000000000000e+00 1.878999999999999915e+01 2.016000000000000014e+01 1.458999999999999986e+01
-1.000000000000000000e+00 -1.000000000000000000e+00 1.417999999999999972e+01 8.460000000000000853e+00 7.309999999999999609e+00 3.979999999999999982e+00 -1.000000000000000000e+00 1.869999999999999929e+01 2.010000000000000142e+01 1.456000000000000050e+01
-1.000000000000000000e+00 -1.000000000000000000e+00 1.417999999999999972e+01 8.470000000000000639e+00 7.309999999999999609e+00 4.209999999999999964e+00 -1.000000000000000000e+00 1.876999999999999957e+01 2.014000000000000057e+01 1.458999999999999986e+01
-1.000000000000000000e+00 -1.000000000000000000e+00 1.415000000000000036e+01 8.470000000000000639e+00 7.309999999999999609e+00 4.530000000000000249e+00 -1.000000000000000000e+00 1.871000000000000085e+01 2.008999999999999986e+01 1.450999999999999979e+01
-1.000000000000000000e+00 -1.000000000000000000e+00 1.415000000000000036e+01 8.509999999999999787e+00 7.320000000000000284e+00 4.450000000000000178e+00 -1.000000000000000000e+00 1.869000000000000128e+01 2.008999999999999986e+01 1.456000000000000050e+01
-1.000000000000000000e+00 -1.000000000000000000e+00 1.419999999999999929e+01 8.449999999999999289e+00 7.280000000000000249e+00 3.799999999999999822e+00 -1.000000000000000000e+00 1.878999999999999915e+01 2.010999999999999943e+01 1.452999999999999936e+01
-1.000000000000000000e+00 -1.000000000000000000e+00 1.421000000000000085e+01 8.460000000000000853e+00 7.269999999999999574e+00 3.839999999999999858e+00 -1.000000000000000000e+00 1.869999999999999929e+01 2.012000000000000099e+01 1.452999999999999936e+01
-1.000000000000000000e+00 -1.000000000000000000e+00 1.417999999999999972e+01 8.449999999999999289e+00 7.299999999999999822e+00 3.830000000000000071e+00 -1.000000000000000000e+00 1.869000000000000128e+01 2.007999999999999829e+01 1.458000000000000007e+01
-1.000000000000000000e+00 -1.000000000000000000e+00 1.417999999999999972e+01 8.460000000000000853e+00 7.339999999999999858e+00 4.500000000000000000e+00 -1.000000000000000000e+00 1.871000000000000085e+01 2.010000000000000142e+01 1.455000000000000071e+01
-1.000000000000000000e+00 -1.000000000000000000e+00 1.416000000000000014e+01 8.470000000000000639e+00 7.330000000000000071e+00 3.819999999999999840e+00 -1.000000000000000000e+00 1.869000000000000128e+01 2.010999999999999943e+01 1.455000000000000071e+01
-1.000000000000000000e+00 -1.000000000000000000e+00 1.425999999999999979e+01 8.439999999999999503e+00 7.320000000000000284e+00 4.429999999999999716e+00 -1.000000000000000000e+00 1.867999999999999972e+01 2.012999999999999901e+01 1.455000000000000071e+01
-1.000000000000000000e+00 -1.000000000000000000e+00 1.415000000000000036e+01 8.460000000000000853e+00 7.309999999999999609e+00 4.330000000000000071e+00 -1.000000000000000000e+00 1.866000000000000014e+01 2.010999999999999943e+01 1.456000000000000050e+01
-1.000000000000000000e+00 -1.000000000000000000e+00 1.417999999999999972e+01 8.509999999999999787e+00 7.309999999999999609e+00 4.559999999999999609e+00 -1.000000000000000000e+00 1.867999999999999972e+01 2.014999999999999858e+01 1.458000000000000007e+01
-1.000000000000000000e+00 -1.000000000000000000e+00 1.419999999999999929e+01 8.410000000000000142e+00 7.299999999999999822e+00 4.490000000000000213e+00 -1.000000000000000000e+00 1.869999999999999929e+01 2.014000000000000057e+01 1.456000000000000050e+01
-1.000000000000000000e+00 -1.000000000000000000e+00 1.416000000000000014e+01 8.449999999999999289e+00 7.299999999999999822e+00 4.500000000000000000e+00 -1.000000000000000000e+00 1.869999999999999929e+01 2.010999999999999943e+01 1.453999999999999915e+01
-1.000000000000000000e+00 -1.000000000000000000e+00 1.417999999999999972e+01 8.480000000000000426e+00 7.309999999999999609e+00 4.179999999999999716e+00 -1.000000000000000000e+00 1.875000000000000000e+01 -1.000000000000000000e+00 1.459999999999999964e+01
-1.000000000000000000e+00 -1.000000000000000000e+00 1.418999999999999950e+01 8.470000000000000639e+00 7.360000000000000320e+00 4.500000000000000000e+00 -1.000000000000000000e+00 1.873000000000000043e+01 2.012999999999999901e+01 1.457000000000000028e+01
-1.000000000000000000e+00 -1.000000000000000000e+00 1.416000000000000014e+01 8.480000000000000426e+00 -1.000000000000000000e+00 4.530000000000000249e+00 -1.000000000000000000e+00 1.871000000000000085e+01 2.012999999999999901e+01 1.458000000000000007e+01
-1.000000000000000000e+00 -1.000000000000000000e+00 1.422000000000000064e+01 8.470000000000000639e+00 7.290000000000000036e+00 3.870000000000000107e+00 -1.000000000000000000e+00 1.876999999999999957e+01 2.012999999999999901e+01 1.453999999999999915e+01
-1.000000000000000000e+00 -1.000000000000000000e+00 1.419999999999999929e+01 8.410000000000000142e+00 7.290000000000000036e+00 4.469999999999999751e+00 -1.000000000000000000e+00 1.873999999999999844e+01 2.014000000000000057e+01 1.455000000000000071e+01
-1.000000000000000000e+00 -1.000000000000000000e+00 1.421000000000000085e+01 8.500000000000000000e+00 7.370000000000000107e+00 4.219999999999999751e+00 -1.000000000000000000e+00 1.869999999999999929e+01 2.014000000000000057e+01 1.458999999999999986e+01
-1.000000000000000000e+00 -1.000000000000000000e+00 1.411999999999999922e+01 8.519999999999999574e+00 7.309999999999999609e+00 4.450000000000000178e+00 -1.000000000000000000e+00 1.867000000000000171e+01 2.010000000000000142e+01 1.456000000000000050e+01
-1.000000000000000000e+00 -1.000000000000000000e+00 1.424000000000000021e+01 8.470000000000000639e+00 7.339999999999999858e+00 4.500000000000000000e+00 -1.000000000000000000e+00 1.867999999999999972e+01 2.014000000000000057e+01 1.453999999999999915e+01
-1.000000000000000000e+00 -1.000000000000000000e+00 1.416999999999999993e+01 8.460000000000000853e+00 7.320000000000000284e+00 4.480000000000000426e+00 -1.000000000000000000e+00 1.867999999999999972e+01 2.010999999999999943e+01 1.457000000000000028e+01
-1.000000000000000000e+00 -1.000000000000000000e+00 1.421000000000000085e+01 8.449999999999999289e+00 7.330000000000000071e+00 4.559999999999999609e+00 -1.000000000000000000e+00 1.869999999999999929e+01 2.017999999999999972e+01 1.455000000000000071e+01
-1.000000000000000000e+00 -1.000000000000000000e+00 1.422000000000000064e+01 8.449999999999999289e+00 7.360000000000000320e+00 3.890000000000000124e+00 -1.000000000000000000e+00 1.869999999999999929e+01 2.010000000000000142e+01 1.457000000000000028e+01
-1.000000000000000000e+00 -1.000000000000000000e+00 1.416000000000000014e+01 8.449999999999999289e+00 7.330000000000000071e+00 3.899999999999999911e+00 -1.000000000000000000e+00 1.873999999999999844e+01 2.010000000000000142e+01 1.457000000000000028e+01
-1.000000000000000000e+00 -1.000000000000000000e+00 1.421000000000000085e+01 8.460000000000000853e+00 7.339999999999999858e+00 3.859999999999999876e+00 -1.000000000000000000e+00 1.875000000000000000e+01 2.016000000000000014e+01 1.455000000000000071e+01
-1.000000000000000000e+00 -1.000000000000000000e+00 1.424000000000000021e+01 8.449999999999999289e+00 7.320000000000000284e+00 3.879999999999999893e+00 -1.000000000000000000e+00 1.873999999999999844e+01 2.014999999999999858e+01 1.457000000000000028e+01
-1.000000000000000000e+00 -1.000000000000000000e+00 1.425999999999999979e+01 8.480000000000000426e+00 7.349999999999999645e+00 3.870000000000000107e+00 -1.000000000000000000e+00 1.871000000000000085e+01 2.012000000000000099e+01 1.456000000000000050e+01
-1.000000000000000000e+00 -1.000000000000000000e+00 1.418999999999999950e+01 8.460000000000000853e+00 7.280000000000000249e+00 3.810000000000000053e+00 -1.000000000000000000e+00 1.873000000000000043e+01 2.012000000000000099e+01 1.458000000000000007e+01
-1.000000000000000000e+00 -1.000000000000000000e+00 1.418999999999999950e+01 8.449999999999999289e+00 7.320000000000000284e+00 3.959999999999999964e+00 -1.000000000000000000e+00 1.876000000000000156e+01 2.012999999999999901e+01 1.456000000000000050e+01
-1.000000000000000000e+00 -1.000000000000000000e+00 1.422000000000000064e+01 8.449999999999999289e+00 7.349999999999999645e+00 3.919999999999999929e+00 -1.000000000000000000e+00 1.873000000000000043e+01 2.014999999999999858e+01 1.458000000000000007e+01
-1.000000000000000000e+00 -1.000000000000000000e+00 1.426999999999999957e+01 8.470000000000000639e+00 7.339999999999999858e+00 3.870000000000000107e+00 -1.000000000000000000e+00 1.871999999999999886e+01 2.008999999999999986e+01 1.457000000000000028e+01
-1.000000000000000000e+00 -1.000000000000000000e+00 1.418999999999999950e+01 8.480000000000000426e+00 7.349999999999999645e+00 3.930000000000000160e+00 -1.000000000000000000e+00 1.873999999999999844e+01 2.014000000000000057e+01 1.456000000000000050e+01
-1.000000000000000000e+00 -1.000000000000000000e+00 1.415000000000000036e+01 8.470000000000000639e+00 7.330000000000000071e+00 4.209999999999999964e+00 -1.000000000000000000e+00 1.867999999999999972e+01 2.014000000000000057e+01 1.453999999999999915e+01
-1.000000000000000000e+00 -1.000000000000000000e+00 1.421000000000000085e+01 8.490000000000000213e+00 7.299999999999999822e+00 4.530000000000000249e+00 -1.000000000000000000e+00 1.864999999999999858e+01 2.012000000000000099e+01 1.455000000000000071e+01
-1.000000000000000000e+00 -1.000000000000000000e+00 1.425999999999999979e+01 8.470000000000000639e+00 7.299999999999999822e+00 4.509999999999999787e+00 -1.000000000000000000e+00 1.869000000000000128e+01 2.014000000000000057e+01 1.458000000000000007e+01
-1.000000000000000000e+00 -1.000000000000000000e+00 1.419999999999999929e+01 8.490000000000000213e+00 7.349999999999999645e+00 4.139999999999999680e+00 -1.000000000000000000e+00 1.871999999999999886e+01 2.012999999999999901e+01 1.456000000000000050e+01
-1.000000000000000000e+00 -1.000000000000000000e+00 1.425999999999999979e+01 8.500000000000000000e+00 7.360000000000000320e+00 3.870000000000000107e+00 -1.000000000000000000e+00 1.873000000000000043e+01 2.012999999999999901e+01 1.456000000000000050e+01
-1.000000000000000000e+00 -1.000000000000000000e+00 1.421000000000000085e+01 8.449999999999999289e+00 7.349999999999999645e+00 3.950000000000000178e+00 -1.000000000000000000e+00 1.867999999999999972e+01 2.017000000000000171e+01 1.458000000000000007e+01
-1.000000000000000000e+00 -1.000000000000000000e+00 1.415000000000000036e+01 8.480000000000000426e+00 7.280000000000000249e+00 4.490000000000000213e+00 -1.000000000000000000e+00 1.875000000000000000e+01 2.012999999999999901e+01 1.458000000000000007e+01
-1.000000000000000000e+00 -1.000000000000000000e+00 1.415000000000000036e+01 8.470000000000000639e+00 7.280000000000000249e+00 4.190000000000000391e+00 -1.000000000000000000e+00 1.873999999999999844e+01 2.012999999999999901e+01 1.458000000000000007e+01
-1.000000000000000000e+00 -1.000000000000000000e+00 1.425000000000000000e+01 8.470000000000000639e+00 7.349999999999999645e+00 3.839999999999999858e+00 -1.000000000000000000e+00 1.869000000000000128e+01 2.012999999999999901e+01 1.458999999999999986e+01
-1.000000000000000000e+00 -1.000000000000000000e+00 1.416000000000000014e+01 8.429999999999999716e+00 7.349999999999999645e+00 4.509999999999999787e+00 -1.000000000000000000e+00 1.869000000000000128e+01 2.007000000000000028e+01 1.458999999999999986e+01
-1.000000000000000000e+00 -1.000000000000000000e+00 1.424000000000000021e+01 8.490000000000000213e+00 7.339999999999999858e+00 4.530000000000000249e+00 -1.000000000000000000e+00 1.876000000000000156e+01 2.010999999999999943e+01 1.458999999999999986e+01
-1.000000000000000000e+00 -1.000000000000000000e+00 1.414000000000000057e+01 8.470000000000000639e+00 7.299999999999999822e+00 3.919999999999999929e+00 -1.000000000000000000e+00 1.871999999999999886e+01 2.016000000000000014e+01 1.453999999999999915e+01
-1.000000000000000000e+00 -1.000000000000000000e+00 1.414000000000000057e+01 8.470000000000000639e+00 7.320000000000000284e+00 3.959999999999999964e+00 -1.000000000000000000e+00 1.867000000000000171e+01 2.007999999999999829e+01 1.458999999999999986e+01
-1.000000000000000000e+00 -1.000000000000000000e+00 1.415000000000000036e+01 8.470000000000000639e+00 7.330000000000000071e+00 3.970000000000000195e+00 -1.000000000000000000e+00 1.864000000000000057e+01 2.014000000000000057e+01 1.458000000000000007e+01
-1.000000000000000000e+00 -1.000000000000000000e+00 1.425999999999999979e+01 8.490000000000000213e+00 7.309999999999999609e+00 4.469999999999999751e+00 -1.000000000000000000e+00 1.864000000000000057e+01 2.010999999999999943e+01 1.452999999999999936e+01
-1.000000000000000000e+00 -1.000000000000000000e+00 1.416999999999999993e+01 8.480000000000000426e+00 7.299999999999999822e+00 4.190000000000000391e+00 -1.000000000000000000e+00 1.873000000000000043e+01 2.012000000000000099e+01 1.457000000000000028e+01
-1.000000000000000000e+00 -1.000000000000000000e+00 1.424000000000000021e+01 8.490000000000000213e+00 7.309999999999999609e+00 3.970000000000000195e+00 -1.000000000000000000e+00 1.869000000000000128e+01 2.012000000000000099e+01 1.457000000000000028e+01
-1.000000000000000000e+00 -1.000000000000000000e+00 1.422000000000000064e+01 8.470000000000000639e+00 7.309999999999999609e+00 4.500000000000000000e+00 -1.000000000000000000e+00 1.867000000000000171e+01 2.016000000000000014e+01 1.455000000000000071e+01
