-1.000000000000000000e+00 -1.000000000000000000e+00 -1.000000000000000000e+00 -1.000000000000000000e+00 -1.000000000000000000e+00 -1.000000000000000000e+00 -1.000000000000000000e+00 -1.000000000000000000e+00 -1.000000000000000000e+00 -1.000000000000000000e+00
9.150000000000000355e+00 -1.000000000000000000e+00 6.030000000000000249e+00 1.050999999999999979e+01 1.265000000000000036e+01 1.607000000000000028e+01 1.873000000000000043e+01 -1.000000000000000000e+00 3.879999999999999893e+00 4.690000000000000391e+00
9.169999999999999929e+00 -1.000000000000000000e+00 6.040000000000000036e+00 1.049000000000000021e+01 1.265000000000000036e+01 1.657000000000000028e+01 1.873000000000000043e+01 -1.000000000000000000e+00 3.859999999999999876e+00 4.650000000000000355e+00
9.119999999999999218e+00 -1.000000000000000000e+00 6.009999999999999787e+00 1.052999999999999936e+01 1.266999999999999993e+01 1.603000000000000114e+01 1.876000000000000156e+01 -1.000000000000000000e+00 3.850000000000000089e+00 4.669999999999999929e+00
9.140000000000000568e+00 -1.000000000000000000e+00 6.030000000000000249e+00 1.049000000000000021e+01 1.258000000000000007e+01 1.658999999999999986e+01 1.878000000000000114e+01 -1.000000000000000000e+00 3.830000000000000071e+00 4.700000000000000178e+00
9.179999999999999716e+00 -1.000000000000000000e+00 6.009999999999999787e+00 1.052999999999999936e+01 1.267999999999999972e+01 1.605999999999999872e+01 1.862000000000000099e+01 -1.000000000000000000e+00 3.850000000000000089e+00 4.669999999999999929e+00
9.150000000000000355e+00 -1.000000000000000000e+00 6.000000000000000000e+00 1.050999999999999979e+01 1.258999999999999986e+01 1.605000000000000071e+01 1.875000000000000000e+01 -1.000000000000000000e+00 3.839999999999999858e+00 4.669999999999999929e+00
9.140000000000000568e+00 -1.000000000000000000e+00 6.030000000000000249e+00 1.053999999999999915e+01 1.249000000000000021e+01 1.603999999999999915e+01 1.867000000000000171e+01 -1.000000000000000000e+00 3.890000000000000124e+00 4.709999999999999964e+00
9.220000000000000639e+00 -1.000000000000000000e+00 6.059999999999999609e+00 1.052999999999999936e+01 1.267999999999999972e+01 1.657000000000000028e+01 1.869999999999999929e+01 -1.000000000000000000e+00 3.830000000000000071e+00 4.629999999999999893e+00
9.140000000000000568e+00 -1.000000000000000000e+00 6.070000000000000284e+00 1.050000000000000000e+01 1.267999999999999972e+01 1.653000000000000114e+01 1.871000000000000085e+01 -1.000000000000000000e+00 3.910000000000000142e+00 4.660000000000000142e+00
9.169999999999999929e+00 -1.000000000000000000e+00 6.000000000000000000e+00 1.052999999999999936e+01 1.261999999999999922e+01 1.591000000000000014e+01 1.871000000000000085e+01 -1.000000000000000000e+00 3.870000000000000107e+00 4.669999999999999929e+00
9.189999999999999503e+00 -1.000000000000000000e+00 6.030000000000000249e+00 1.050999999999999979e+01 1.260999999999999943e+01 1.597000000000000064e+01 1.869000000000000128e+01 -1.000000000000000000e+00 3.790000000000000036e+00 4.660000000000000142e+00
9.130000000000000782e+00 -1.000000000000000000e+00 6.059999999999999609e+00 1.049000000000000021e+01 1.259999999999999964e+01 1.592999999999999972e+01 1.873999999999999844e+01 -1.000000000000000000e+00 3.859999999999999876e+00 4.669999999999999929e+00
9.140000000000000568e+00 -1.000000000000000000e+00 6.009999999999999787e+00 1.048000000000000043e+01 1.252999999999999936e+01 1.655000000000000071e+01 1.871999999999999886e+01 -1.000000000000000000e+00 3.870000000000000107e+00 4.679999999999999716e+00
9.169999999999999929e+00 -1.000000000000000000e+00 6.019999999999999574e+00 1.050999999999999979e+01 1.261999999999999922e+01 1.601000000000000156e+01 1.869000000000000128e+01 -1.000000000000000000e+00 3.870000000000000107e+00 4.709999999999999964e+00
9.169999999999999929e+00 -1.000000000000000000e+00 6.030000000000000249e+00 1.050999999999999979e+01 1.261999999999999922e+01 1.599000000000000021e+01 1.864999999999999858e+01 -1.000000000000000000e+00 3.859999999999999876e+00 4.660000000000000142e+00
9.160000000000000142e+00 -1.000000000000000000e+00 6.000000000000000000e+00 1.047000000000000064e+01 1.274000000000000021e+01 1.594999999999999929e+01 1.873999999999999844e+01 -1.000000000000000000e+00 3.839999999999999858e+00 4.639999999999999680e+00
9.189999999999999503e+00 -1.000000000000000000e+00 5.980000000000000426e+00 1.053999999999999915e+01 1.255000000000000071e+01 1.597000000000000064e+01 1.873000000000000043e+01 -1.000000000000000000e+00 3.870000000000000107e+00 4.629999999999999893e+00
9.169999999999999929e+00 -1.000000000000000000e+00 6.019999999999999574e+00 1.053999999999999915e+01 1.265000000000000036e+01 1.598000000000000043e+01 1.871000000000000085e+01 -1.000000000000000000e+00 3.850000000000000089e+00 4.650000000000000355e+00
9.189999999999999503e+00 -1.000000000000000000e+00 6.040000000000000036e+00 1.048000000000000043e+01 1.258999999999999986e+01 1.593999999999999950e+01 1.867000000000000171e+01 -1.000000000000000000e+00 3.839999999999999858e+00 4.660000000000000142e+00
9.070000000000000284e+00 -1.000000000000000000e+00 6.009999999999999787e+00 1.050000000000000000e+01 1.253999999999999915e+01 1.577999999999999936e+01 1.864999999999999858e+01 -1.000000000000000000e+00 3.899999999999999911e+00 4.650000000000000355e+00
9.210000000000000853e+00 -1.000000000000000000e+00 6.030000000000000249e+00 1.050999999999999979e+01 1.266000000000000014e+01 1.598000000000000043e+01 1.871999999999999886e+01 -1.000000000000000000e+00 3.870000000000000107e+00 4.690000000000000391e+00
9.140000000000000568e+00 -1.000000000000000000e+00 6.009999999999999787e+00 1.044999999999999929e+01 1.263000000000000078e+01 1.601999999999999957e+01 1.866000000000000014e+01 -1.000000000000000000e+00 3.910000000000000142e+00 4.650000000000000355e+00
9.259999999999999787e+00 -1.000000000000000000e+00 6.019999999999999574e+00 1.051999999999999957e+01 1.271000000000000085e+01 1.594999999999999929e+01 1.873000000000000043e+01 -1.000000000000000000e+00 3.859999999999999876e+00 4.639999999999999680e+00
9.210000000000000853e+00 -1.000000000000000000e+00 5.990000000000000213e+00 1.052999999999999936e+01 1.249000000000000021e+01 1.598000000000000043e+01 1.866000000000000014e+01 -1.000000000000000000e+00 3.870000000000000107e+00 4.669999999999999929e+00
9.220000000000000639e+00 -1.000000000000000000e+00 6.019999999999999574e+00 1.050000000000000000e+01 1.261999999999999922e+01 1.607000000000000028e+01 1.873999999999999844e+01 -1.000000000000000000e+00 3.850000000000000089e+00 4.660000000000000142e+00
9.150000000000000355e+00 -1.000000000000000000e+00 6.019999999999999574e+00 1.055000000000000071e+01 1.258000000000000007e+01 1.599000000000000021e+01 1.869999999999999929e+01 -1.000000000000000000e+00 3.859999999999999876e+00 4.610000000000000320e+00
9.140000000000000568e+00 -1.000000000000000000e+00 6.000000000000000000e+00 1.050000000000000000e+01 1.267999999999999972e+01 1.605999999999999872e+01 1.873000000000000043e+01 -1.000000000000000000e+00 3.859999999999999876e+00 4.679999999999999716e+00
9.130000000000000782e+00 -1.000000000000000000e+00 6.019999999999999574e+00 1.050999999999999979e+01 1.263000000000000078e+01 1.655000000000000071e+01 1.869999999999999929e+01 -1.000000000000000000e+00 3.839999999999999858e+00 4.700000000000000178e+00
9.080000000000000071e+00 -1.000000000000000000e+00 5.990000000000000213e+00 1.050000000000000000e+01 1.267999999999999972e+01 1.603999999999999915e+01 1.862999999999999901e+01 -1.000000000000000000e+00 3.839999999999999858e+00 4.679999999999999716e+00
9.150000000000000355e+00 -1.000000000000000000e+00 6.040000000000000036e+00 1.049000000000000021e+01 1.251999999999999957e+01 1.597000000000000064e+01 1.867000000000000171e+01 -1.000000000000000000e+00 3.879999999999999893e+00 4.660000000000000142e+00
9.179999999999999716e+00 -1.000000000000000000e+00 6.030000000000000249e+00 1.050000000000000000e+01 1.256000000000000050e+01 1.597000000000000064e+01 1.869000000000000128e+01 -1.000000000000000000e+00 3.799999999999999822e+00 4.679999999999999716e+00
9.150000000000000355e+00 -1.000000000000000000e+00 6.040000000000000036e+00 1.050999999999999979e+01 1.266000000000000014e+01 1.650000000000000000e+01 1.876999999999999957e+01 -1.000000000000000000e+00 3.859999999999999876e+00 4.700000000000000178e+00
9.140000000000000568e+00 -1.000000000000000000e+00 6.049999999999999822e+00 1.050999999999999979e+01 1.264000000000000057e+01 1.653000000000000114e+01 1.876999999999999957e+01 -1.000000000000000000e+00 3.879999999999999893e+00 4.669999999999999929e+00
9.160000000000000142e+00 -1.000000000000000000e+00 6.040000000000000036e+00 1.052999999999999936e+01 1.255000000000000071e+01 1.603999999999999915e+01 1.867000000000000171e+01 -1.000000000000000000e+00 3.819999999999999840e+00 4.639999999999999680e+00
9.199999999999999289e+00 -1.000000000000000000e+00 6.000000000000000000e+00 1.049000000000000021e+01 1.253999999999999915e+01 1.650000000000000000e+01 1.871999999999999886e+01 -1.000000000000000000e+00 3.839999999999999858e+00 4.700000000000000178e+00
9.140000000000000568e+00 -1.000000000000000000e+00 6.009999999999999787e+00 1.052999999999999936e+01 1.274000000000000021e+01 1.658999999999999986e+01 1.873999999999999844e+01 -1.000000000000000000e+00 3.879999999999999893e+00 4.669999999999999929e+00
9.179999999999999716e+00 -1.000000000000000000e+00 6.000000000000000000e+00 1.051999999999999957e+01 1.267999999999999972e+01 1.701000000000000156e+01 1.873999999999999844e+01 -1.000000000000000000e+00 3.890000000000000124e+00 4.669999999999999929e+00
9.119999999999999218e+00 -1.000000000000000000e+00 6.000000000000000000e+00 1.050999999999999979e+01 1.266999999999999993e+01 1.594999999999999929e+01 1.867000000000000171e+01 -1.000000000000000000e+00 3.879999999999999893e+00 4.679999999999999716e+00
9.189999999999999503e+00 -1.000000000000000000e+00 6.019999999999999574e+00 1.050000000000000000e+01 1.272000000000000064e+01 1.591000000000000014e+01 1.871000000000000085e+01 -1.000000000000000000e+00 3.810000000000000053e+00 4.650000000000000355e+00
9.199999999999999289e+00 -1.000000000000000000e+00 6.059999999999999609e+00 1.048000000000000043e+01 1.261999999999999922e+01 1.594999999999999929e+01 1.869999999999999929e+01 -1.000000000000000000e+00 3.859999999999999876e+00 4.669999999999999929e+00
9.189999999999999503e+00 -1.000000000000000000e+00 6.019999999999999574e+00 1.050999999999999979e+01 1.264000000000000057e+01 1.658999999999999986e+01 1.864000000000000057e+01 -1.000000000000000000e+00 3.859999999999999876e+00 4.690000000000000391e+00
9.179999999999999716e+00 -1.000000000000000000e+00 5.980000000000000426e+00 1.051999999999999957e+01 1.266000000000000014e+01 1.599000000000000021e+01 1.873000000000000043e+01 -1.000000000000000000e+00 3.910000000000000142e+00 4.679999999999999716e+00
9.130000000000000782e+00 -1.000000000000000000e+00 6.059999999999999609e+00 1.051999999999999957e+01 1.251999999999999957e+01 1.607000000000000028e+01 1.869999999999999929e+01 -1.000000000000000000e+00 3.899999999999999911e+00 4.679999999999999716e+00
9.119999999999999218e+00 -1.000000000000000000e+00 6.030000000000000249e+00 1.053999999999999915e+01 1.263000000000000078e+01 1.601999999999999957e+01 1.867999999999999972e+01 -1.000000000000000000e+00 3.850000000000000089e+00 4.660000000000000142e+00
9.140000000000000568e+00 -1.000000000000000000e+00 6.040000000000000036e+00 1.047000000000000064e+01 1.259999999999999964e+01 1.599000000000000021e+01 1.871999999999999886e+01 -1.000000000000000000e+00 3.859999999999999876e+00 4.669999999999999929e+00
9.140000000000000568e+00 -1.000000000000000000e+00 6.080000000000000071e+00 1.050000000000000000e+01 1.259999999999999964e+01 1.591999999999999993e+01 1.873000000000000043e+01 -1.000000000000000000e+00 3.819999999999999840e+00 4.660000000000000142e+00
-1.000000000000000000e+00 -1.000000000000000000e+00 6.019999999999999574e+00 1.044999999999999929e+01 1.264000000000000057e+01 1.600000000000000000e+01 1.873000000000000043e+01 -1.000000000000000000e+00 3.870000000000000107e+00 4.679999999999999716e+00
9.199999999999999289e+00 -1.000000000000000000e+00 6.040000000000000036e+00 1.052999999999999936e+01 1.268999999999999950e+01 1.594999999999999929e+01 1.869999999999999929e+01 -1.000000000000000000e+00 3.890000000000000124e+00 4.669999999999999929e+00
9.150000000000000355e+00 -1.000000000000000000e+00 6.019999999999999574e+00 1.056000000000000050e+01 1.257000000000000028e+01 1.664999999999999858e+01 1.873000000000000043e+01 -1.000000000000000000e+00 3.879999999999999893e+00 4.740000000000000213e+00
9.160000000000000142e+00 -1.000000000000000000e+00 6.009999999999999787e+00 1.050000000000000000e+01 1.266999999999999993e+01 1.664999999999999858e+01 1.873000000000000043e+01 -1.000000000000000000e+00 3.850000000000000089e+00 4.639999999999999680e+00
9.119999999999999218e+00 -1.000000000000000000e+00 6.030000000000000249e+00 1.053999999999999915e+01 1.266000000000000014e+01 1.660999999999999943e+01 1.876999999999999957e+01 -1.000000000000000000e+00 3.850000000000000089e+00 4.679999999999999716e+00
9.169999999999999929e+00 -1.000000000000000000e+00 6.000000000000000000e+00 1.050000000000000000e+01 1.269999999999999929e+01 1.664999999999999858e+01 1.869999999999999929e+01 -1.000000000000000000e+00 3.810000000000000053e+00 4.669999999999999929e+00
9.140000000000000568e+00 -1.000000000000000000e+00 6.070000000000000284e+00 1.052999999999999936e+01 1.256000000000000050e+01 1.601000000000000156e+01 1.869999999999999929e+01 -1.000000000000000000e+00 3.850000000000000089e+00 4.690000000000000391e+00
9.150000000000000355e+00 -1.000000000000000000e+00 6.000000000000000000e+00 1.055000000000000071e+01 1.259999999999999964e+01 1.603000000000000114e+01 1.871999999999999886e+01 -1.000000000000000000e+00 3.910000000000000142e+00 4.669999999999999929e+00
9.179999999999999716e+00 -1.000000000000000000e+00 6.030000000000000249e+00 1.050999999999999979e+01 1.264000000000000057e+01 1.650000000000000000e+01 1.869000000000000128e+01 -1.000000000000000000e+00 3.870000000000000107e+00 4.639999999999999680e+00
9.160000000000000142e+00 -1.000000000000000000e+00 6.019999999999999574e+00 1.051999999999999957e+01 1.257000000000000028e+01 1.666000000000000014e+01 1.873000000000000043e+01 -1.000000000000000000e+00 3.910000000000000142e+00 4.650000000000000355e+00
9.160000000000000142e+00 -1.000000000000000000e+00 6.070000000000000284e+00 1.050999999999999979e+01 1.255000000000000071e+01 1.657999999999999829e+01 1.873999999999999844e+01 -1.000000000000000000e+00 3.819999999999999840e+00 4.629999999999999893e+00
9.119999999999999218e+00 -1.000000000000000000e+00 6.019999999999999574e+00 1.050000000000000000e+01 1.272000000000000064e+01 1.655000000000000071e+01 1.876999999999999957e+01 -1.000000000000000000e+00 3.859999999999999876e+00 4.700000000000000178e+00
9.179999999999999716e+00 -1.000000000000000000e+00 6.009999999999999787e+00 1.050999999999999979e+01 1.238000000000000078e+01 1.597000000000000064e+01 1.873000000000000043e+01 -1.000000000000000000e+00 3.850000000000000089e+00 4.679999999999999716e+00
9.169999999999999929e+00 -1.000000000000000000e+00 6.040000000000000036e+00 1.049000000000000021e+01 1.266999999999999993e+01 1.603999999999999915e+01 1.875000000000000000e+01 -1.000000000000000000e+00 3.850000000000000089e+00 4.660000000000000142e+00
9.220000000000000639e+00 -1.000000000000000000e+00 6.040000000000000036e+00 1.050999999999999979e+01 1.266000000000000014e+01 1.637000000000000099e+01 1.871000000000000085e+01 -1.000000000000000000e+00 3.790000000000000036e+00 4.650000000000000355e+00
9.179999999999999716e+00 -1.000000000000000000e+00 6.030000000000000249e+00 1.049000000000000021e+01 1.265000000000000036e+01 1.664999999999999858e+01 1.871000000000000085e+01 -1.000000000000000000e+00 3.850000000000000089e+00 4.679999999999999716e+00
9.160000000000000142e+00 -1.000000000000000000e+00 6.000000000000000000e+00 1.051999999999999957e+01 1.256000000000000050e+01 1.600000000000000000e+01 1.871999999999999886e+01 -1.000000000000000000e+00 3.850000000000000089e+00 4.629999999999999893e+00
9.119999999999999218e+00 -1.000000000000000000e+00 5.990000000000000213e+00 1.052999999999999936e+01 1.263000000000000078e+01 1.597000000000000064e+01 1.871000000000000085e+01 -1.000000000000000000e+00 3.850000000000000089e+00 4.690000000000000391e+00
9.119999999999999218e+00 -1.000000000000000000e+00 6.049999999999999822e+00 1.050000000000000000e+01 1.260999999999999943e+01 1.603999999999999915e+01 1.873000000000000043e+01 -1.000000000000000000e+00 3.870000000000000107e+00 4.650000000000000355e+00
9.160000000000000142e+00 -1.000000000000000000e+00 6.019999999999999574e+00 1.049000000000000021e+01 1.271000000000000085e+01 1.644999999999999929e+01 1.867000000000000171e+01 -1.000000000000000000e+00 3.830000000000000071e+00 4.679999999999999716e+00
9.070000000000000284e+00 -1.000000000000000000e+00 6.009999999999999787e+00 1.051999999999999957e+01 1.257000000000000028e+01 1.639000000000000057e+01 1.871000000000000085e+01 -1.000000000000000000e+00 3.899999999999999911e+00 4.660000000000000142e+00
9.119999999999999218e+00 -1.000000000000000000e+00 6.019999999999999574e+00 1.053999999999999915e+01 1.272000000000000064e+01 1.601999999999999957e+01 1.875000000000000000e+01 -1.000000000000000000e+00 3.930000000000000160e+00 4.629999999999999893e+00
9.199999999999999289e+00 -1.000000000000000000e+00 6.040000000000000036e+00 1.047000000000000064e+01 1.263000000000000078e+01 1.653000000000000114e+01 1.869999999999999929e+01 -1.000000000000000000e+00 3.830000000000000071e+00 4.679999999999999716e+00
9.160000000000000142e+00 -1.000000000000000000e+00 6.040000000000000036e+00 1.049000000000000021e+01 1.253999999999999915e+01 1.662999999999999901e+01 1.869000000000000128e+01 -1.000000000000000000e+00 3.799999999999999822e+00 4.679999999999999716e+00
9.169999999999999929e+00 -1.000000000000000000e+00 6.009999999999999787e+00 1.055000000000000071e+01 1.264000000000000057e+01 1.657999999999999829e+01 1.869999999999999929e+01 -1.000000000000000000e+00 3.830000000000000071e+00 4.679999999999999716e+00
9.220000000000000639e+00 -1.000000000000000000e+00 5.990000000000000213e+00 1.048000000000000043e+01 1.269999999999999929e+01 1.626999999999999957e+01 1.871999999999999886e+01 -1.000000000000000000e+00 3.910000000000000142e+00 4.629999999999999893e+00
9.160000000000000142e+00 -1.000000000000000000e+00 6.019999999999999574e+00 1.048000000000000043e+01 1.266000000000000014e+01 1.662000000000000099e+01 1.873000000000000043e+01 -1.000000000000000000e+00 3.819999999999999840e+00 4.669999999999999929e+00
9.140000000000000568e+00 -1.000000000000000000e+00 6.030000000000000249e+00 1.050000000000000000e+01 1.258000000000000007e+01 1.714999999999999858e+01 1.871000000000000085e+01 -1.000000000000000000e+00 3.830000000000000071e+00 4.660000000000000142e+00
9.199999999999999289e+00 -1.000000000000000000e+00 6.019999999999999574e+00 1.055000000000000071e+01 1.260999999999999943e+01 1.653999999999999915e+01 1.875000000000000000e+01 -1.000000000000000000e+00 3.859999999999999876e+00 4.700000000000000178e+00
9.210000000000000853e+00 -1.000000000000000000e+00 6.000000000000000000e+00 1.050999999999999979e+01 1.256000000000000050e+01 1.655999999999999872e+01 1.871000000000000085e+01 -1.000000000000000000e+00 3.890000000000000124e+00 4.669999999999999929e+00
9.150000000000000355e+00 -1.000000000000000000e+00 6.030000000000000249e+00 1.049000000000000021e+01 1.261999999999999922e+01 1.630000000000000071e+01 1.871999999999999886e+01 -1.000000000000000000e+00 3.819999999999999840e+00 4.730000000000000426e+00
9.140000000000000568e+00 -1.000000000000000000e+00 6.019999999999999574e+00 1.050999999999999979e+01 1.252999999999999936e+01 1.657999999999999829e+01 1.878000000000000114e+01 -1.000000000000000000e+00 3.899999999999999911e+00 4.629999999999999893e+00
9.140000000000000568e+00 -1.000000000000000000e+00 6.000000000000000000e+00 1.050000000000000000e+01 1.273000000000000043e+01 1.599000000000000021e+01 1.871999999999999886e+01 -1.000000000000000000e+00 3.850000000000000089e+00 4.660000000000000142e+00
9.189999999999999503e+00 -1.000000000000000000e+00 6.009999999999999787e+00 1.049000000000000021e+01 1.261999999999999922e+01 1.607000000000000028e+01 1.876000000000000156e+01 -1.000000000000000000e+00 3.890000000000000124e+00 4.690000000000000391e+00
9.109999999999999432e+00 -1.000000000000000000e+00 6.040000000000000036e+00 1.052999999999999936e+01 1.264000000000000057e+01 1.639000000000000057e+01 1.867999999999999972e+01 -1.000000000000000000e+00 3.859999999999999876e+00 4.669999999999999929e+00
9.150000000000000355e+00 -1.000000000000000000e+00 6.019999999999999574e+00 1.050000000000000000e+01 1.281000000000000050e+01 1.635000000000000142e+01 1.875000000000000000e+01 -1.000000000000000000e+00 3.890000000000000124e+00 4.660000000000000142e+00
9.160000000000000142e+00 -1.000000000000000000e+00 6.009999999999999787e+00 1.049000000000000021e+01 1.274000000000000021e+01 1.601999999999999957e+01 1.871999999999999886e+01 -1.000000000000000000e+00 3.830000000000000071e+00 4.669999999999999929e+00
9.160000000000000142e+00 -1.000000000000000000e+00 6.000000000000000000e+00 1.049000000000000021e+01 1.267999999999999972e+01 1.664000000000000057e+01 1.875000000000000000e+01 -1.000000000000000000e+00 3.859999999999999876e+00 4.639999999999999680e+00
9.119999999999999218e+00 -1.000000000000000000e+00 6.019999999999999574e+00 1.050000000000000000e+01 1.266999999999999993e+01 1.658999999999999986e+01 1.867999999999999972e+01 -1.000000000000000000e+00 3.870000000000000107e+00 4.730000000000000426e+00
9.160000000000000142e+00 -1.000000000000000000e+00 6.000000000000000000e+00 1.050999999999999979e+01 1.261999999999999922e+01 1.651999999999999957e+01 1.875000000000000000e+01 -1.000000000000000000e+00 3.910000000000000142e+00 4.660000000000000142e+00
9.140000000000000568e+00 -1.000000000000000000e+00 5.990000000000000213e+00 1.049000000000000021e+01 1.256000000000000050e+01 1.664000000000000057e+01 1.876000000000000156e+01 -1.000000000000000000e+00 3.859999999999999876e+00 4.650000000000000355e+00
9.179999999999999716e+00 -1.000000000000000000e+00 6.009999999999999787e+00 1.051999999999999957e+01 1.268999999999999950e+01 1.601999999999999957e+01 1.869999999999999929e+01 -1.000000000000000000e+00 3.839999999999999858e+00 4.639999999999999680e+00
9.169999999999999929e+00 -1.000000000000000000e+00 6.059999999999999609e+00 1.049000000000000021e+01 1.266999999999999993e+01 1.653999999999999915e+01 1.871999999999999886e+01 -1.000000000000000000e+00 3.859999999999999876e+00 4.669999999999999929e+00
9.220000000000000639e+00 -1.000000000000000000e+00 6.040000000000000036e+00 1.050999999999999979e+01 1.275999999999999979e+01 1.655999999999999872e+01 1.867999999999999972e+01 -1.000000000000000000e+00 3.899999999999999911e+00 4.690000000000000391e+00
9.119999999999999218e+00 -1.000000000000000000e+00 6.030000000000000249e+00 1.051999999999999957e+01 1.261999999999999922e+01 1.660999999999999943e+01 1.869000000000000128e+01 -1.000000000000000000e+00 3.839999999999999858e+00 4.669999999999999929e+00
9.179999999999999716e+00 -1.000000000000000000e+00 5.959999999999999964e+00 1.049000000000000021e+01 1.261999999999999922e+01 1.653999999999999915e+01 1.873999999999999844e+01 -1.000000000000000000e+00 3.910000000000000142e+00 4.700000000000000178e+00
9.169999999999999929e+00 -1.000000000000000000e+00 6.019999999999999574e+00 1.050999999999999979e+01 1.260999999999999943e+01 1.603000000000000114e+01 1.873000000000000043e+01 -1.000000000000000000e+00 3.850000000000000089e+00 4.650000000000000355e+00
9.130000000000000782e+00 -1.000000000000000000e+00 6.070000000000000284e+00 1.049000000000000021e+01 1.269999999999999929e+01 1.607000000000000028e+01 1.875000000000000000e+01 -1.000000000000000000e+00 3.830000000000000071e+00 4.679999999999999716e+00
9.230000000000000426e+00 -1.000000000000000000e+00 6.009999999999999787e+00 1.052999999999999936e+01 1.253999999999999915e+01 1.591999999999999993e+01 1.869999999999999929e+01 -1.000000000000000000e+00 3.859999999999999876e+00 4.660000000000000142e+00
9.140000000000000568e+00 -1.000000000000000000e+00 6.019999999999999574e+00 1.050000000000000000e+01 1.260999999999999943e+01 1.607000000000000028e+01 1.873999999999999844e+01 -1.000000000000000000e+00 3.870000000000000107e+00 4.650000000000000355e+00
9.199999999999999289e+00 -1.000000000000000000e+00 5.990000000000000213e+00 1.051999999999999957e+01 1.259999999999999964e+01 1.648000000000000043e+01 1.873000000000000043e+01 -1.000000000000000000e+00 3.830000000000000071e+00 4.669999999999999929e+00
9.130000000000000782e+00 -1.000000000000000000e+00 5.990000000000000213e+00 1.050000000000000000e+01 1.259999999999999964e+01 1.605999999999999872e+01 1.871999999999999886e+01 -1.000000000000000000e+00 3.859999999999999876e+00 4.709999999999999964e+00
9.199999999999999289e+00 -1.000000000000000000e+00 6.019999999999999574e+00 1.050000000000000000e+01 1.266000000000000014e+01 1.657999999999999829e+01 1.867000000000000171e+01 -1.000000000000000000e+00 3.890000000000000124e+00 4.669999999999999929e+00
