-1.000000000000000000e+00 -1.000000000000000000e+00 -1.000000000000000000e+00 -1.000000000000000000e+00 -1.000000000000000000e+00 -1.000000000000000000e+00 -1.000000000000000000e+00 -1.000000000000000000e+00 -1.000000000000000000e+00 -1.000000000000000000e+00
1.432000000000000028e+01 -1.000000000000000000e+00 -1.000000000000000000e+00 5.389999999999999680e+00 8.400000000000000355e+00 1.148000000000000043e+01 1.413000000000000078e+01 -1.000000000000000000e+00 4.759999999999999787e+00 3.549999999999999822e+00
1.350999999999999979e+01 -1.000000000000000000e+00 -1.000000000000000000e+00 5.709999999999999964e+00 8.480000000000000426e+00 1.148000000000000043e+01 1.418999999999999950e+01 -1.000000000000000000e+00 5.120000000000000107e+00 3.569999999999999840e+00
-1.000000000000000000e+00 -1.000000000000000000e+00 -1.000000000000000000e+00 5.700000000000000178e+00 8.830000000000000071e+00 1.150999999999999979e+01 1.415000000000000036e+01 -1.000000000000000000e+00 5.110000000000000320e+00 3.520000000000000018e+00
1.427999999999999936e+01 -1.000000000000000000e+00 -1.000000000000000000e+00 5.639999999999999680e+00 8.810000000000000497e+00 1.158999999999999986e+01 1.410999999999999943e+01 -1.000000000000000000e+00 5.099999999999999645e+00 3.549999999999999822e+00
1.341999999999999993e+01 -1.000000000000000000e+00 -1.000000000000000000e+00 5.790000000000000036e+00 9.210000000000000853e+00 1.153999999999999915e+01 1.422000000000000064e+01 -1.000000000000000000e+00 5.070000000000000284e+00 3.560000000000000053e+00
1.343999999999999950e+01 -1.000000000000000000e+00 -1.000000000000000000e+00 5.379999999999999893e+00 9.070000000000000284e+00 1.156000000000000050e+01 1.419999999999999929e+01 -1.000000000000000000e+00 5.059999999999999609e+00 3.589999999999999858e+00
1.353999999999999915e+01 -1.000000000000000000e+00 -1.000000000000000000e+00 5.629999999999999893e+00 9.080000000000000071e+00 1.150000000000000000e+01 1.409999999999999964e+01 -1.000000000000000000e+00 5.049999999999999822e+00 3.560000000000000053e+00
1.356000000000000050e+01 -1.000000000000000000e+00 -1.000000000000000000e+00 5.849999999999999645e+00 9.050000000000000711e+00 1.152999999999999936e+01 1.419999999999999929e+01 -1.000000000000000000e+00 4.969999999999999751e+00 3.560000000000000053e+00
1.358000000000000007e+01 -1.000000000000000000e+00 -1.000000000000000000e+00 5.830000000000000071e+00 9.080000000000000071e+00 1.149000000000000021e+01 1.402999999999999936e+01 -1.000000000000000000e+00 5.040000000000000036e+00 3.560000000000000053e+00
1.431000000000000050e+01 -1.000000000000000000e+00 -1.000000000000000000e+00 5.860000000000000320e+00 9.050000000000000711e+00 1.152999999999999936e+01 1.411999999999999922e+01 -1.000000000000000000e+00 5.059999999999999609e+00 3.580000000000000071e+00
-1.000000000000000000e+00 -1.000000000000000000e+00 -1.000000000000000000e+00 5.900000000000000355e+00 9.189999999999999503e+00 1.150000000000000000e+01 1.403999999999999915e+01 -1.000000000000000000e+00 5.030000000000000249e+00 3.589999999999999858e+00
-1.000000000000000000e+00 -1.000000000000000000e+00 -1.000000000000000000e+00 5.910000000000000142e+00 9.150000000000000355e+00 1.157000000000000028e+01 1.415000000000000036e+01 -1.000000000000000000e+00 5.080000000000000071e+00 3.549999999999999822e+00
-1.000000000000000000e+00 -1.000000000000000000e+00 -1.000000000000000000e+00 5.830000000000000071e+00 8.619999999999999218e+00 1.153999999999999915e+01 1.416000000000000014e+01 -1.000000000000000000e+00 5.059999999999999609e+00 3.549999999999999822e+00
1.436999999999999922e+01 -1.000000000000000000e+00 -1.000000000000000000e+00 5.679999999999999716e+00 8.640000000000000568e+00 1.156000000000000050e+01 1.414000000000000057e+01 -1.000000000000000000e+00 5.040000000000000036e+00 3.560000000000000053e+00
-1.000000000000000000e+00 -1.000000000000000000e+00 -1.000000000000000000e+00 5.639999999999999680e+00 8.580000000000000071e+00 1.159999999999999964e+01 1.411999999999999922e+01 -1.000000000000000000e+00 5.049999999999999822e+00 3.549999999999999822e+00
1.427999999999999936e+01 -1.000000000000000000e+00 -1.000000000000000000e+00 5.419999999999999929e+00 9.230000000000000426e+00 1.151999999999999957e+01 1.418999999999999950e+01 -1.000000000000000000e+00 5.070000000000000284e+00 3.560000000000000053e+00
1.356000000000000050e+01 -1.000000000000000000e+00 -1.000000000000000000e+00 5.870000000000000107e+00 9.199999999999999289e+00 1.150000000000000000e+01 1.416999999999999993e+01 -1.000000000000000000e+00 5.040000000000000036e+00 3.560000000000000053e+00
1.341999999999999993e+01 -1.000000000000000000e+00 -1.000000000000000000e+00 5.750000000000000000e+00 8.849999999999999645e+00 1.155000000000000071e+01 1.413000000000000078e+01 -1.000000000000000000e+00 4.769999999999999574e+00 3.560000000000000053e+00
1.357000000000000028e+01 -1.000000000000000000e+00 -1.000000000000000000e+00 5.549999999999999822e+00 8.500000000000000000e+00 1.155000000000000071e+01 1.410999999999999943e+01 -1.000000000000000000e+00 5.049999999999999822e+00 3.580000000000000071e+00
1.357000000000000028e+01 -1.000000000000000000e+00 -1.000000000000000000e+00 5.629999999999999893e+00 8.470000000000000639e+00 1.156000000000000050e+01 1.417999999999999972e+01 -1.000000000000000000e+00 5.049999999999999822e+00 3.560000000000000053e+00
1.425000000000000000e+01 -1.000000000000000000e+00 -1.000000000000000000e+00 5.910000000000000142e+00 8.470000000000000639e+00 1.155000000000000071e+01 1.424000000000000021e+01 -1.000000000000000000e+00 4.959999999999999964e+00 3.560000000000000053e+00
1.350000000000000000e+01 -1.000000000000000000e+00 -1.000000000000000000e+00 5.650000000000000355e+00 8.500000000000000000e+00 1.155000000000000071e+01 1.411999999999999922e+01 -1.000000000000000000e+00 5.030000000000000249e+00 3.560000000000000053e+00
-1.000000000000000000e+00 -1.000000000000000000e+00 -1.000000000000000000e+00 5.990000000000000213e+00 8.509999999999999787e+00 1.156000000000000050e+01 1.421000000000000085e+01 -1.000000000000000000e+00 5.040000000000000036e+00 3.569999999999999840e+00
1.350999999999999979e+01 -1.000000000000000000e+00 -1.000000000000000000e+00 5.679999999999999716e+00 8.439999999999999503e+00 1.156000000000000050e+01 1.425000000000000000e+01 -1.000000000000000000e+00 5.049999999999999822e+00 3.560000000000000053e+00
1.350000000000000000e+01 -1.000000000000000000e+00 -1.000000000000000000e+00 5.419999999999999929e+00 8.480000000000000426e+00 1.155000000000000071e+01 1.425000000000000000e+01 -1.000000000000000000e+00 5.030000000000000249e+00 3.529999999999999805e+00
-1.000000000000000000e+00 -1.000000000000000000e+00 -1.000000000000000000e+00 5.719999999999999751e+00 8.460000000000000853e+00 1.155000000000000071e+01 1.409999999999999964e+01 -1.000000000000000000e+00 5.049999999999999822e+00 3.560000000000000053e+00
-1.000000000000000000e+00 -1.000000000000000000e+00 -1.000000000000000000e+00 5.730000000000000426e+00 8.480000000000000426e+00 1.151999999999999957e+01 1.413000000000000078e+01 -1.000000000000000000e+00 5.049999999999999822e+00 3.569999999999999840e+00
-1.000000000000000000e+00 -1.000000000000000000e+00 -1.000000000000000000e+00 5.849999999999999645e+00 8.500000000000000000e+00 1.150999999999999979e+01 1.413000000000000078e+01 -1.000000000000000000e+00 5.049999999999999822e+00 3.569999999999999840e+00
-1.000000000000000000e+00 -1.000000000000000000e+00 -1.000000000000000000e+00 5.759999999999999787e+00 8.490000000000000213e+00 1.153999999999999915e+01 1.418999999999999950e+01 -1.000000000000000000e+00 5.009999999999999787e+00 3.540000000000000036e+00
1.350000000000000000e+01 -1.000000000000000000e+00 -1.000000000000000000e+00 5.950000000000000178e+00 8.519999999999999574e+00 1.155000000000000071e+01 1.413000000000000078e+01 -1.000000000000000000e+00 5.099999999999999645e+00 3.580000000000000071e+00
-1.000000000000000000e+00 -1.000000000000000000e+00 -1.000000000000000000e+00 5.900000000000000355e+00 8.470000000000000639e+00 1.156000000000000050e+01 1.421000000000000085e+01 -1.000000000000000000e+00 4.990000000000000213e+00 3.569999999999999840e+00
1.416999999999999993e+01 -1.000000000000000000e+00 -1.000000000000000000e+00 5.690000000000000391e+00 8.480000000000000426e+00 1.151999999999999957e+01 1.415000000000000036e+01 -1.000000000000000000e+00 5.019999999999999574e+00 3.560000000000000053e+00
1.350000000000000000e+01 -1.000000000000000000e+00 -1.000000000000000000e+00 5.870000000000000107e+00 8.490000000000000213e+00 1.158999999999999986e+01 1.424000000000000021e+01 -1.000000000000000000e+00 5.000000000000000000e+00 3.589999999999999858e+00
-1.000000000000000000e+00 -1.000000000000000000e+00 -1.000000000000000000e+00 5.809999999999999609e+00 8.419999999999999929e+00 1.152999999999999936e+01 1.414000000000000057e+01 -1.000000000000000000e+00 5.019999999999999574e+00 3.540000000000000036e+00
1.426999999999999957e+01 -1.000000000000000000e+00 -1.000000000000000000e+00 5.690000000000000391e+00 -1.000000000000000000e+00 1.158000000000000007e+01 1.415000000000000036e+01 -1.000000000000000000e+00 5.009999999999999787e+00 3.549999999999999822e+00
-1.000000000000000000e+00 -1.000000000000000000e+00 -1.000000000000000000e+00 5.839999999999999858e+00 8.480000000000000426e+00 1.153999999999999915e+01 1.409999999999999964e+01 -1.000000000000000000e+00 4.980000000000000426e+00 3.560000000000000053e+00
-1.000000000000000000e+00 -1.000000000000000000e+00 -1.000000000000000000e+00 5.679999999999999716e+00 8.519999999999999574e+00 1.153999999999999915e+01 1.405000000000000071e+01 -1.000000000000000000e+00 4.769999999999999574e+00 3.569999999999999840e+00
1.357000000000000028e+01 -1.000000000000000000e+00 -1.000000000000000000e+00 5.929999999999999716e+00 8.519999999999999574e+00 1.151999999999999957e+01 1.426999999999999957e+01 -1.000000000000000000e+00 5.040000000000000036e+00 3.560000000000000053e+00
1.431000000000000050e+01 -1.000000000000000000e+00 -1.000000000000000000e+00 5.870000000000000107e+00 8.490000000000000213e+00 1.151999999999999957e+01 1.411999999999999922e+01 -1.000000000000000000e+00 5.059999999999999609e+00 3.560000000000000053e+00
1.435999999999999943e+01 -1.000000000000000000e+00 -1.000000000000000000e+00 5.900000000000000355e+00 8.470000000000000639e+00 1.150000000000000000e+01 1.419999999999999929e+01 -1.000000000000000000e+00 5.019999999999999574e+00 3.540000000000000036e+00
-1.000000000000000000e+00 -1.000000000000000000e+00 -1.000000000000000000e+00 5.650000000000000355e+00 8.509999999999999787e+00 1.158999999999999986e+01 1.410999999999999943e+01 -1.000000000000000000e+00 4.870000000000000107e+00 3.560000000000000053e+00
1.358000000000000007e+01 -1.000000000000000000e+00 -1.000000000000000000e+00 5.719999999999999751e+00 8.470000000000000639e+00 1.157000000000000028e+01 1.419999999999999929e+01 -1.000000000000000000e+00 5.089999999999999858e+00 3.549999999999999822e+00
1.349000000000000021e+01 -1.000000000000000000e+00 -1.000000000000000000e+00 5.879999999999999893e+00 8.480000000000000426e+00 1.151999999999999957e+01 1.416000000000000014e+01 -1.000000000000000000e+00 5.009999999999999787e+00 3.580000000000000071e+00
1.355000000000000071e+01 -1.000000000000000000e+00 -1.000000000000000000e+00 5.459999999999999964e+00 8.470000000000000639e+00 1.152999999999999936e+01 1.416999999999999993e+01 -1.000000000000000000e+00 5.040000000000000036e+00 3.569999999999999840e+00
1.341999999999999993e+01 -1.000000000000000000e+00 -1.000000000000000000e+00 5.690000000000000391e+00 8.500000000000000000e+00 1.156000000000000050e+01 1.421000000000000085e+01 -1.000000000000000000e+00 5.049999999999999822e+00 3.560000000000000053e+00
1.344999999999999929e+01 -1.000000000000000000e+00 -1.000000000000000000e+00 5.809999999999999609e+00 8.460000000000000853e+00 1.156000000000000050e+01 1.417999999999999972e+01 -1.000000000000000000e+00 4.969999999999999751e+00 3.560000000000000053e+00
1.343999999999999950e+01 -1.000000000000000000e+00 -1.000000000000000000e+00 5.459999999999999964e+00 8.460000000000000853e+00 1.153999999999999915e+01 1.413000000000000078e+01 -1.000000000000000000e+00 5.120000000000000107e+00 3.560000000000000053e+00
-1.000000000000000000e+00 -1.000000000000000000e+00 -1.000000000000000000e+00 5.650000000000000355e+00 8.509999999999999787e+00 1.153999999999999915e+01 1.421000000000000085e+01 -1.000000000000000000e+00 4.990000000000000213e+00 3.560000000000000053e+00
-1.000000000000000000e+00 -1.000000000000000000e+00 -1.000000000000000000e+00 5.889999999999999680e+00 8.439999999999999503e+00 1.155000000000000071e+01 1.411999999999999922e+01 -1.000000000000000000e+00 5.120000000000000107e+00 3.549999999999999822e+00
1.343999999999999950e+01 -1.000000000000000000e+00 -1.000000000000000000e+00 5.870000000000000107e+00 8.509999999999999787e+00 1.158999999999999986e+01 1.419999999999999929e+01 -1.000000000000000000e+00 5.089999999999999858e+00 3.500000000000000000e+00
1.351999999999999957e+01 -1.000000000000000000e+00 -1.000000000000000000e+00 5.980000000000000426e+00 8.519999999999999574e+00 1.156000000000000050e+01 1.419999999999999929e+01 -1.000000000000000000e+00 5.040000000000000036e+00 3.560000000000000053e+00
-1.000000000000000000e+00 -1.000000000000000000e+00 -1.000000000000000000e+00 5.940000000000000391e+00 8.490000000000000213e+00 1.156000000000000050e+01 1.419999999999999929e+01 -1.000000000000000000e+00 5.070000000000000284e+00 3.540000000000000036e+00
-1.000000000000000000e+00 -1.000000000000000000e+00 -1.000000000000000000e+00 5.969999999999999751e+00 8.429999999999999716e+00 1.152999999999999936e+01 1.413000000000000078e+01 -1.000000000000000000e+00 5.080000000000000071e+00 3.560000000000000053e+00
1.511999999999999922e+01 -1.000000000000000000e+00 -1.000000000000000000e+00 5.669999999999999929e+00 8.539999999999999147e+00 1.153999999999999915e+01 1.416000000000000014e+01 -1.000000000000000000e+00 4.650000000000000355e+00 3.540000000000000036e+00
1.351999999999999957e+01 -1.000000000000000000e+00 -1.000000000000000000e+00 5.709999999999999964e+00 8.539999999999999147e+00 1.151999999999999957e+01 1.421000000000000085e+01 -1.000000000000000000e+00 5.110000000000000320e+00 3.560000000000000053e+00
1.424000000000000021e+01 -1.000000000000000000e+00 -1.000000000000000000e+00 5.690000000000000391e+00 8.509999999999999787e+00 1.153999999999999915e+01 1.417999999999999972e+01 -1.000000000000000000e+00 5.049999999999999822e+00 3.580000000000000071e+00
-1.000000000000000000e+00 -1.000000000000000000e+00 -1.000000000000000000e+00 5.450000000000000178e+00 8.419999999999999929e+00 1.155000000000000071e+01 1.410999999999999943e+01 -1.000000000000000000e+00 5.089999999999999858e+00 3.540000000000000036e+00
-1.000000000000000000e+00 -1.000000000000000000e+00 -1.000000000000000000e+00 5.950000000000000178e+00 8.500000000000000000e+00 1.150999999999999979e+01 1.418999999999999950e+01 -1.000000000000000000e+00 5.120000000000000107e+00 3.560000000000000053e+00
1.433999999999999986e+01 -1.000000000000000000e+00 -1.000000000000000000e+00 5.419999999999999929e+00 8.529999999999999361e+00 1.155000000000000071e+01 1.416999999999999993e+01 -1.000000000000000000e+00 4.839999999999999858e+00 3.549999999999999822e+00
1.350999999999999979e+01 -1.000000000000000000e+00 -1.000000000000000000e+00 5.599999999999999645e+00 8.519999999999999574e+00 1.151999999999999957e+01 1.418999999999999950e+01 -1.000000000000000000e+00 4.969999999999999751e+00 3.560000000000000053e+00
1.427999999999999936e+01 -1.000000000000000000e+00 -1.000000000000000000e+00 5.719999999999999751e+00 8.480000000000000426e+00 1.156000000000000050e+01 1.408999999999999986e+01 -1.000000000000000000e+00 5.070000000000000284e+00 3.549999999999999822e+00
-1.000000000000000000e+00 -1.000000000000000000e+00 -1.000000000000000000e+00 5.700000000000000178e+00 8.470000000000000639e+00 1.156000000000000050e+01 1.411999999999999922e+01 -1.000000000000000000e+00 5.049999999999999822e+00 3.560000000000000053e+00
1.344999999999999929e+01 -1.000000000000000000e+00 -1.000000000000000000e+00 5.459999999999999964e+00 8.480000000000000426e+00 1.157000000000000028e+01 1.414000000000000057e+01 -1.000000000000000000e+00 5.080000000000000071e+00 3.549999999999999822e+00
-1.000000000000000000e+00 -1.000000000000000000e+00 -1.000000000000000000e+00 5.440000000000000391e+00 8.519999999999999574e+00 1.156000000000000050e+01 1.415000000000000036e+01 -1.000000000000000000e+00 5.030000000000000249e+00 3.560000000000000053e+00
1.432000000000000028e+01 -1.000000000000000000e+00 -1.000000000000000000e+00 5.730000000000000426e+00 8.470000000000000639e+00 1.157000000000000028e+01 1.409999999999999964e+01 -1.000000000000000000e+00 5.019999999999999574e+00 3.560000000000000053e+00
1.428999999999999915e+01 -1.000000000000000000e+00 -1.000000000000000000e+00 5.870000000000000107e+00 8.529999999999999361e+00 1.152999999999999936e+01 1.415000000000000036e+01 -1.000000000000000000e+00 4.759999999999999787e+00 3.529999999999999805e+00
-1.000000000000000000e+00 -1.000000000000000000e+00 -1.000000000000000000e+00 5.870000000000000107e+00 8.470000000000000639e+00 1.153999999999999915e+01 1.408999999999999986e+01 -1.000000000000000000e+00 5.049999999999999822e+00 3.569999999999999840e+00
1.356000000000000050e+01 -1.000000000000000000e+00 -1.000000000000000000e+00 5.870000000000000107e+00 8.480000000000000426e+00 1.156000000000000050e+01 1.408000000000000007e+01 -1.000000000000000000e+00 5.080000000000000071e+00 3.569999999999999840e+00
-1.000000000000000000e+00 -1.000000000000000000e+00 -1.000000000000000000e+00 5.679999999999999716e+00 8.490000000000000213e+00 1.158999999999999986e+01 1.423000000000000043e+01 -1.000000000000000000e+00 5.070000000000000284e+00 3.560000000000000053e+00
1.341999999999999993e+01 -1.000000000000000000e+00 -1.000000000000000000e+00 5.950000000000000178e+00 8.470000000000000639e+00 1.157000000000000028e+01 1.413000000000000078e+01 -1.000000000000000000e+00 5.080000000000000071e+00 3.540000000000000036e+00
1.347000000000000064e+01 -1.000000000000000000e+00 -1.000000000000000000e+00 5.639999999999999680e+00 8.439999999999999503e+00 1.156000000000000050e+01 1.416999999999999993e+01 -1.000000000000000000e+00 4.980000000000000426e+00 3.529999999999999805e+00
1.355000000000000071e+01 -1.000000000000000000e+00 -1.000000000000000000e+00 5.690000000000000391e+00 8.460000000000000853e+00 1.150999999999999979e+01 1.417999999999999972e+01 -1.000000000000000000e+00 5.089999999999999858e+00 3.540000000000000036e+00
1.424000000000000021e+01 -1.000000000000000000e+00 -1.000000000000000000e+00 5.769999999999999574e+00 8.449999999999999289e+00 1.152999999999999936e+01 1.416000000000000014e+01 -1.000000000000000000e+00 5.110000000000000320e+00 3.549999999999999822e+00
-1.000000000000000000e+00 -1.000000000000000000e+00 -1.000000000000000000e+00 5.450000000000000178e+00 8.500000000000000000e+00 1.157000000000000028e+01 1.409999999999999964e+01 -1.000000000000000000e+00 5.030000000000000249e+00 3.549999999999999822e+00
1.425999999999999979e+01 -1.000000000000000000e+00 -1.000000000000000000e+00 5.740000000000000213e+00 8.519999999999999574e+00 1.149000000000000021e+01 1.414000000000000057e+01 -1.000000000000000000e+00 5.009999999999999787e+00 3.560000000000000053e+00
1.358000000000000007e+01 -1.000000000000000000e+00 -1.000000000000000000e+00 5.889999999999999680e+00 8.460000000000000853e+00 1.153999999999999915e+01 1.415000000000000036e+01 -1.000000000000000000e+00 5.059999999999999609e+00 3.549999999999999822e+00
1.346000000000000085e+01 -1.000000000000000000e+00 -1.000000000000000000e+00 5.929999999999999716e+00 8.519999999999999574e+00 1.152999999999999936e+01 1.416999999999999993e+01 -1.000000000000000000e+00 5.030000000000000249e+00 3.569999999999999840e+00
-1.000000000000000000e+00 -1.000000000000000000e+00 -1.000000000000000000e+00 5.690000000000000391e+00 8.519999999999999574e+00 1.150999999999999979e+01 1.409999999999999964e+01 -1.000000000000000000e+00 4.809999999999999609e+00 3.549999999999999822e+00
1.433000000000000007e+01 -1.000000000000000000e+00 -1.000000000000000000e+00 5.629999999999999893e+00 8.500000000000000000e+00 1.151999999999999957e+01 1.410999999999999943e+01 -1.000000000000000000e+00 5.080000000000000071e+00 3.580000000000000071e+00
1.346000000000000085e+01 -1.000000000000000000e+00 -1.000000000000000000e+00 5.879999999999999893e+00 8.460000000000000853e+00 1.153999999999999915e+01 1.415000000000000036e+01 -1.000000000000000000e+00 5.049999999999999822e+00 3.580000000000000071e+00
-1.000000000000000000e+00 -1.000000000000000000e+00 -1.000000000000000000e+00 5.910000000000000142e+00 8.460000000000000853e+00 1.149000000000000021e+01 1.416000000000000014e+01 -1.000000000000000000e+00 5.049999999999999822e+00 3.580000000000000071e+00
-1.000000000000000000e+00 -1.000000000000000000e+00 -1.000000000000000000e+00 5.440000000000000391e+00 8.470000000000000639e+00 1.149000000000000021e+01 1.408999999999999986e+01 -1.000000000000000000e+00 5.059999999999999609e+00 3.560000000000000053e+00
-1.000000000000000000e+00 -1.000000000000000000e+00 -1.000000000000000000e+00 5.839999999999999858e+00 8.490000000000000213e+00 1.148000000000000043e+01 1.425000000000000000e+01 -1.000000000000000000e+00 5.030000000000000249e+00 3.560000000000000053e+00
-1.000000000000000000e+00 -1.000000000000000000e+00 -1.000000000000000000e+00 6.019999999999999574e+00 8.550000000000000711e+00 1.151999999999999957e+01 1.411999999999999922e+01 -1.000000000000000000e+00 5.120000000000000107e+00 3.560000000000000053e+00
-1.000000000000000000e+00 -1.000000000000000000e+00 -1.000000000000000000e+00 5.889999999999999680e+00 8.490000000000000213e+00 1.153999999999999915e+01 1.413000000000000078e+01 -1.000000000000000000e+00 5.049999999999999822e+00 3.560000000000000053e+00
-1.000000000000000000e+00 -1.000000000000000000e+00 -1.000000000000000000e+00 5.919999999999999929e+00 8.529999999999999361e+00 1.151999999999999957e+01 1.403999999999999915e+01 -1.000000000000000000e+00 5.080000000000000071e+00 3.540000000000000036e+00
-1.000000000000000000e+00 -1.000000000000000000e+00 -1.000000000000000000e+00 5.919999999999999929e+00 8.529999999999999361e+00 1.150999999999999979e+01 1.414000000000000057e+01 -1.000000000000000000e+00 5.080000000000000071e+00 3.560000000000000053e+00
1.355000000000000071e+01 -1.000000000000000000e+00 -1.000000000000000000e+00 5.929999999999999716e+00 8.519999999999999574e+00 1.156000000000000050e+01 1.409999999999999964e+01 -1.000000000000000000e+00 5.049999999999999822e+00 3.549999999999999822e+00
1.434999999999999964e+01 -1.000000000000000000e+00 -1.000000000000000000e+00 5.719999999999999751e+00 8.529999999999999361e+00 1.152999999999999936e+01 1.418999999999999950e+01 -1.000000000000000000e+00 5.059999999999999609e+00 3.540000000000000036e+00
1.358000000000000007e+01 -1.000000000000000000e+00 -1.000000000000000000e+00 5.469999999999999751e+00 8.470000000000000639e+00 1.151999999999999957e+01 1.416999999999999993e+01 -1.000000000000000000e+00 5.049999999999999822e+00 3.529999999999999805e+00
1.358999999999999986e+01 -1.000000000000000000e+00 -1.000000000000000000e+00 5.919999999999999929e+00 8.470000000000000639e+00 1.157000000000000028e+01 1.401999999999999957e+01 -1.000000000000000000e+00 4.639999999999999680e+00 3.580000000000000071e+00
-1.000000000000000000e+00 -1.000000000000000000e+00 -1.000000000000000000e+00 5.940000000000000391e+00 8.480000000000000426e+00 1.158000000000000007e+01 1.422000000000000064e+01 -1.000000000000000000e+00 5.030000000000000249e+00 3.540000000000000036e+00
-1.000000000000000000e+00 -1.000000000000000000e+00 -1.000000000000000000e+00 5.830000000000000071e+00 8.519999999999999574e+00 1.153999999999999915e+01 1.407000000000000028e+01 -1.000000000000000000e+00 5.049999999999999822e+00 3.569999999999999840e+00
1.336999999999999922e+01 -1.000000000000000000e+00 -1.000000000000000000e+00 5.910000000000000142e+00 8.449999999999999289e+00 1.158000000000000007e+01 1.421000000000000085e+01 -1.000000000000000000e+00 5.099999999999999645e+00 3.580000000000000071e+00
-1.000000000000000000e+00 -1.000000000000000000e+00 -1.000000000000000000e+00 5.679999999999999716e+00 8.500000000000000000e+00 1.151999999999999957e+01 1.421000000000000085e+01 -1.000000000000000000e+00 5.070000000000000284e+00 3.529999999999999805e+00
-1.000000000000000000e+00 -1.000000000000000000e+00 -1.000000000000000000e+00 5.450000000000000178e+00 8.460000000000000853e+00 1.150999999999999979e+01 1.411999999999999922e+01 -1.000000000000000000e+00 5.070000000000000284e+00 3.549999999999999822e+00
1.344999999999999929e+01 -1.000000000000000000e+00 -1.000000000000000000e+00 5.500000000000000000e+00 8.519999999999999574e+00 1.155000000000000071e+01 1.415000000000000036e+01 -1.000000000000000000e+00 5.080000000000000071e+00 3.560000000000000053e+00
1.341999999999999993e+01 -1.000000000000000000e+00 -1.000000000000000000e+00 5.980000000000000426e+00 8.519999999999999574e+00 1.152999999999999936e+01 1.409999999999999964e+01 -1.000000000000000000e+00 5.030000000000000249e+00 3.580000000000000071e+00
-1.000000000000000000e+00 -1.000000000000000000e+00 -1.000000000000000000e+00 5.740000000000000213e+00 8.529999999999999361e+00 1.157000000000000028e+01 1.414000000000000057e+01 -1.000000000000000000e+00 5.110000000000000320e+00 3.549999999999999822e+00
