-1.000000000000000000e+00 -1.000000000000000000e+00 -1.000000000000000000e+00 -1.000000000000000000e+00 -1.000000000000000000e+00 -1.000000000000000000e+00 -1.000000000000000000e+00 -1.000000000000000000e+00 -1.000000000000000000e+00 -1.000000000000000000e+00
2.403999999999999915e+01 -1.000000000000000000e+00 1.155000000000000071e+01 6.320000000000000284e+00 3.939999999999999947e+00 -1.000000000000000000e+00 4.469999999999999751e+00 1.532000000000000028e+01 1.589000000000000057e+01 1.113000000000000078e+01
2.407000000000000028e+01 -1.000000000000000000e+00 1.153999999999999915e+01 6.320000000000000284e+00 3.870000000000000107e+00 -1.000000000000000000e+00 4.440000000000000391e+00 1.525000000000000000e+01 1.590000000000000036e+01 1.098000000000000043e+01
2.401000000000000156e+01 -1.000000000000000000e+00 1.152999999999999936e+01 6.299999999999999822e+00 3.919999999999999929e+00 -1.000000000000000000e+00 4.519999999999999574e+00 1.536999999999999922e+01 1.591999999999999993e+01 1.117999999999999972e+01
2.401000000000000156e+01 -1.000000000000000000e+00 1.156000000000000050e+01 6.299999999999999822e+00 3.879999999999999893e+00 -1.000000000000000000e+00 4.469999999999999751e+00 1.651999999999999957e+01 1.588000000000000078e+01 1.122000000000000064e+01
2.405999999999999872e+01 -1.000000000000000000e+00 1.158999999999999986e+01 6.349999999999999645e+00 3.680000000000000160e+00 -1.000000000000000000e+00 4.450000000000000178e+00 1.599000000000000021e+01 1.591000000000000014e+01 1.099000000000000021e+01
2.403999999999999915e+01 -1.000000000000000000e+00 1.158000000000000007e+01 6.250000000000000000e+00 3.879999999999999893e+00 -1.000000000000000000e+00 4.459999999999999964e+00 1.530000000000000071e+01 1.593999999999999950e+01 1.116999999999999993e+01
2.412000000000000099e+01 -1.000000000000000000e+00 1.156000000000000050e+01 6.280000000000000249e+00 3.830000000000000071e+00 -1.000000000000000000e+00 4.440000000000000391e+00 1.533999999999999986e+01 1.593999999999999950e+01 1.108999999999999986e+01
2.403999999999999915e+01 -1.000000000000000000e+00 1.156000000000000050e+01 6.320000000000000284e+00 3.890000000000000124e+00 -1.000000000000000000e+00 4.490000000000000213e+00 1.534999999999999964e+01 1.591999999999999993e+01 1.113000000000000078e+01
2.398000000000000043e+01 -1.000000000000000000e+00 1.151999999999999957e+01 6.280000000000000249e+00 3.870000000000000107e+00 -1.000000000000000000e+00 4.530000000000000249e+00 1.525000000000000000e+01 1.591000000000000014e+01 1.108000000000000007e+01
2.407000000000000028e+01 -1.000000000000000000e+00 1.156000000000000050e+01 6.290000000000000036e+00 3.899999999999999911e+00 -1.000000000000000000e+00 4.419999999999999929e+00 1.536999999999999922e+01 1.589000000000000057e+01 1.150000000000000000e+01
2.401999999999999957e+01 -1.000000000000000000e+00 1.161999999999999922e+01 6.360000000000000320e+00 3.859999999999999876e+00 -1.000000000000000000e+00 4.469999999999999751e+00 1.530000000000000071e+01 1.591000000000000014e+01 1.108999999999999986e+01
2.405000000000000071e+01 -1.000000000000000000e+00 1.156000000000000050e+01 6.280000000000000249e+00 3.850000000000000089e+00 -1.000000000000000000e+00 4.419999999999999929e+00 1.526999999999999957e+01 1.589000000000000057e+01 1.116999999999999993e+01
2.405999999999999872e+01 -1.000000000000000000e+00 1.152999999999999936e+01 6.269999999999999574e+00 3.879999999999999893e+00 -1.000000000000000000e+00 4.440000000000000391e+00 1.589000000000000057e+01 1.593999999999999950e+01 1.100000000000000000e+01
2.408999999999999986e+01 -1.000000000000000000e+00 1.150999999999999979e+01 6.309999999999999609e+00 3.850000000000000089e+00 -1.000000000000000000e+00 4.450000000000000178e+00 1.531000000000000050e+01 1.591000000000000014e+01 1.110999999999999943e+01
2.400000000000000000e+01 -1.000000000000000000e+00 1.150999999999999979e+01 6.320000000000000284e+00 3.870000000000000107e+00 -1.000000000000000000e+00 4.469999999999999751e+00 1.594999999999999929e+01 1.588000000000000078e+01 1.125000000000000000e+01
2.401999999999999957e+01 -1.000000000000000000e+00 1.153999999999999915e+01 6.320000000000000284e+00 3.850000000000000089e+00 -1.000000000000000000e+00 4.450000000000000178e+00 1.531000000000000050e+01 1.592999999999999972e+01 1.111999999999999922e+01
2.405999999999999872e+01 -1.000000000000000000e+00 1.158000000000000007e+01 -1.000000000000000000e+00 3.879999999999999893e+00 -1.000000000000000000e+00 4.440000000000000391e+00 1.535999999999999943e+01 1.591000000000000014e+01 1.119999999999999929e+01
2.401999999999999957e+01 -1.000000000000000000e+00 1.157000000000000028e+01 6.309999999999999609e+00 3.910000000000000142e+00 -1.000000000000000000e+00 4.500000000000000000e+00 1.594999999999999929e+01 1.591999999999999993e+01 1.116999999999999993e+01
2.405999999999999872e+01 -1.000000000000000000e+00 1.152999999999999936e+01 6.299999999999999822e+00 3.850000000000000089e+00 -1.000000000000000000e+00 4.440000000000000391e+00 1.533999999999999986e+01 1.589000000000000057e+01 1.121000000000000085e+01
2.407000000000000028e+01 -1.000000000000000000e+00 1.149000000000000021e+01 6.299999999999999822e+00 3.919999999999999929e+00 -1.000000000000000000e+00 4.410000000000000142e+00 1.530000000000000071e+01 1.592999999999999972e+01 1.108000000000000007e+01
2.400000000000000000e+01 -1.000000000000000000e+00 1.157000000000000028e+01 6.330000000000000071e+00 3.819999999999999840e+00 -1.000000000000000000e+00 4.440000000000000391e+00 1.533000000000000007e+01 1.593999999999999950e+01 1.101999999999999957e+01
2.401000000000000156e+01 -1.000000000000000000e+00 1.156000000000000050e+01 6.320000000000000284e+00 3.870000000000000107e+00 -1.000000000000000000e+00 4.519999999999999574e+00 1.534999999999999964e+01 1.591000000000000014e+01 1.109999999999999964e+01
2.405999999999999872e+01 -1.000000000000000000e+00 1.156000000000000050e+01 6.330000000000000071e+00 3.850000000000000089e+00 -1.000000000000000000e+00 4.450000000000000178e+00 1.533000000000000007e+01 1.592999999999999972e+01 1.097000000000000064e+01
2.408999999999999986e+01 -1.000000000000000000e+00 1.153999999999999915e+01 6.290000000000000036e+00 3.859999999999999876e+00 -1.000000000000000000e+00 4.410000000000000142e+00 1.531000000000000050e+01 1.585999999999999943e+01 1.106000000000000050e+01
2.407999999999999829e+01 -1.000000000000000000e+00 1.150000000000000000e+01 6.290000000000000036e+00 3.629999999999999893e+00 -1.000000000000000000e+00 4.530000000000000249e+00 1.532000000000000028e+01 1.591000000000000014e+01 1.121000000000000085e+01
2.407000000000000028e+01 -1.000000000000000000e+00 1.155000000000000071e+01 6.299999999999999822e+00 3.859999999999999876e+00 -1.000000000000000000e+00 4.389999999999999680e+00 1.533999999999999986e+01 1.593999999999999950e+01 1.105000000000000071e+01
2.400000000000000000e+01 -1.000000000000000000e+00 1.148000000000000043e+01 6.320000000000000284e+00 3.919999999999999929e+00 -1.000000000000000000e+00 4.490000000000000213e+00 1.527999999999999936e+01 1.589000000000000057e+01 1.109999999999999964e+01
2.401999999999999957e+01 -1.000000000000000000e+00 1.155000000000000071e+01 6.269999999999999574e+00 3.859999999999999876e+00 -1.000000000000000000e+00 4.469999999999999751e+00 1.533000000000000007e+01 1.591999999999999993e+01 1.105000000000000071e+01
2.403000000000000114e+01 -1.000000000000000000e+00 1.155000000000000071e+01 6.269999999999999574e+00 3.870000000000000107e+00 -1.000000000000000000e+00 4.450000000000000178e+00 1.525000000000000000e+01 1.590000000000000036e+01 1.103999999999999915e+01
2.408999999999999986e+01 -1.000000000000000000e+00 1.155000000000000071e+01 6.280000000000000249e+00 3.899999999999999911e+00 -1.000000000000000000e+00 4.450000000000000178e+00 1.533999999999999986e+01 1.591999999999999993e+01 1.101999999999999957e+01
2.403000000000000114e+01 -1.000000000000000000e+00 1.155000000000000071e+01 6.269999999999999574e+00 3.620000000000000107e+00 -1.000000000000000000e+00 4.480000000000000426e+00 1.532000000000000028e+01 1.590000000000000036e+01 1.110999999999999943e+01
2.405999999999999872e+01 -1.000000000000000000e+00 1.151999999999999957e+01 6.299999999999999822e+00 3.839999999999999858e+00 -1.000000000000000000e+00 4.419999999999999929e+00 1.533000000000000007e+01 1.591000000000000014e+01 1.099000000000000021e+01
2.401999999999999957e+01 -1.000000000000000000e+00 1.152999999999999936e+01 6.330000000000000071e+00 3.839999999999999858e+00 -1.000000000000000000e+00 4.480000000000000426e+00 1.533000000000000007e+01 1.591999999999999993e+01 1.102999999999999936e+01
2.412999999999999901e+01 -1.000000000000000000e+00 1.158000000000000007e+01 6.339999999999999858e+00 3.899999999999999911e+00 -1.000000000000000000e+00 4.459999999999999964e+00 1.535999999999999943e+01 1.591000000000000014e+01 1.103999999999999915e+01
2.401000000000000156e+01 -1.000000000000000000e+00 1.157000000000000028e+01 6.309999999999999609e+00 3.910000000000000142e+00 -1.000000000000000000e+00 4.450000000000000178e+00 1.539000000000000057e+01 1.591000000000000014e+01 1.108999999999999986e+01
2.401000000000000156e+01 -1.000000000000000000e+00 1.157000000000000028e+01 6.240000000000000213e+00 3.879999999999999893e+00 -1.000000000000000000e+00 4.469999999999999751e+00 1.536999999999999922e+01 1.591000000000000014e+01 1.114000000000000057e+01
2.403999999999999915e+01 -1.000000000000000000e+00 1.158999999999999986e+01 6.299999999999999822e+00 3.890000000000000124e+00 -1.000000000000000000e+00 4.500000000000000000e+00 1.600000000000000000e+01 1.592999999999999972e+01 1.118999999999999950e+01
2.401000000000000156e+01 -1.000000000000000000e+00 1.155000000000000071e+01 6.360000000000000320e+00 3.870000000000000107e+00 -1.000000000000000000e+00 4.419999999999999929e+00 1.533000000000000007e+01 1.590000000000000036e+01 1.098000000000000043e+01
2.408999999999999986e+01 -1.000000000000000000e+00 1.157000000000000028e+01 6.320000000000000284e+00 3.959999999999999964e+00 -1.000000000000000000e+00 4.419999999999999929e+00 1.533999999999999986e+01 1.592999999999999972e+01 1.100999999999999979e+01
2.396999999999999886e+01 -1.000000000000000000e+00 1.151999999999999957e+01 6.309999999999999609e+00 3.640000000000000124e+00 -1.000000000000000000e+00 4.419999999999999929e+00 1.538000000000000078e+01 1.596000000000000085e+01 1.108000000000000007e+01
2.401999999999999957e+01 -1.000000000000000000e+00 1.156000000000000050e+01 6.360000000000000320e+00 3.859999999999999876e+00 -1.000000000000000000e+00 4.469999999999999751e+00 1.603999999999999915e+01 1.592999999999999972e+01 1.117999999999999972e+01
2.405999999999999872e+01 -1.000000000000000000e+00 1.151999999999999957e+01 6.339999999999999858e+00 3.850000000000000089e+00 -1.000000000000000000e+00 4.469999999999999751e+00 1.527999999999999936e+01 1.590000000000000036e+01 1.101999999999999957e+01
2.407000000000000028e+01 -1.000000000000000000e+00 1.155000000000000071e+01 6.299999999999999822e+00 3.899999999999999911e+00 -1.000000000000000000e+00 4.459999999999999964e+00 1.528999999999999915e+01 1.588000000000000078e+01 1.100000000000000000e+01
2.403999999999999915e+01 -1.000000000000000000e+00 1.158000000000000007e+01 6.250000000000000000e+00 3.910000000000000142e+00 -1.000000000000000000e+00 4.419999999999999929e+00 1.535999999999999943e+01 1.590000000000000036e+01 1.109999999999999964e+01
2.403999999999999915e+01 -1.000000000000000000e+00 1.158000000000000007e+01 6.309999999999999609e+00 3.839999999999999858e+00 -1.000000000000000000e+00 4.490000000000000213e+00 1.526999999999999957e+01 1.591999999999999993e+01 1.116999999999999993e+01
2.410999999999999943e+01 -1.000000000000000000e+00 1.151999999999999957e+01 6.290000000000000036e+00 3.859999999999999876e+00 -1.000000000000000000e+00 4.490000000000000213e+00 1.528999999999999915e+01 1.591999999999999993e+01 1.093999999999999950e+01
2.401000000000000156e+01 -1.000000000000000000e+00 1.150999999999999979e+01 6.290000000000000036e+00 3.890000000000000124e+00 -1.000000000000000000e+00 4.490000000000000213e+00 1.591999999999999993e+01 1.589000000000000057e+01 1.103999999999999915e+01
2.405999999999999872e+01 -1.000000000000000000e+00 1.156000000000000050e+01 6.280000000000000249e+00 3.930000000000000160e+00 -1.000000000000000000e+00 4.480000000000000426e+00 1.591999999999999993e+01 1.590000000000000036e+01 1.106000000000000050e+01
2.400000000000000000e+01 -1.000000000000000000e+00 1.151999999999999957e+01 6.290000000000000036e+00 3.850000000000000089e+00 -1.000000000000000000e+00 4.440000000000000391e+00 1.536999999999999922e+01 1.591999999999999993e+01 1.141999999999999993e+01
2.410000000000000142e+01 -1.000000000000000000e+00 1.155000000000000071e+01 6.280000000000000249e+00 3.879999999999999893e+00 -1.000000000000000000e+00 4.429999999999999716e+00 1.535999999999999943e+01 1.591999999999999993e+01 1.108999999999999986e+01
2.407000000000000028e+01 -1.000000000000000000e+00 1.152999999999999936e+01 6.299999999999999822e+00 3.899999999999999911e+00 -1.000000000000000000e+00 4.450000000000000178e+00 1.533999999999999986e+01 1.592999999999999972e+01 1.099000000000000021e+01
2.410000000000000142e+01 -1.000000000000000000e+00 1.151999999999999957e+01 6.269999999999999574e+00 3.890000000000000124e+00 -1.000000000000000000e+00 4.500000000000000000e+00 1.598000000000000043e+01 1.591000000000000014e+01 1.117999999999999972e+01
2.403000000000000114e+01 -1.000000000000000000e+00 1.152999999999999936e+01 6.290000000000000036e+00 3.850000000000000089e+00 -1.000000000000000000e+00 4.469999999999999751e+00 1.532000000000000028e+01 1.589000000000000057e+01 1.086999999999999922e+01
2.403999999999999915e+01 -1.000000000000000000e+00 1.152999999999999936e+01 6.320000000000000284e+00 3.919999999999999929e+00 -1.000000000000000000e+00 4.459999999999999964e+00 1.538000000000000078e+01 1.591000000000000014e+01 1.106000000000000050e+01
2.403999999999999915e+01 -1.000000000000000000e+00 1.150000000000000000e+01 6.339999999999999858e+00 3.899999999999999911e+00 -1.000000000000000000e+00 4.440000000000000391e+00 1.536999999999999922e+01 1.591000000000000014e+01 1.100000000000000000e+01
2.410000000000000142e+01 -1.000000000000000000e+00 1.155000000000000071e+01 6.320000000000000284e+00 3.600000000000000089e+00 -1.000000000000000000e+00 4.400000000000000355e+00 1.533000000000000007e+01 1.594999999999999929e+01 1.108000000000000007e+01
2.405999999999999872e+01 -1.000000000000000000e+00 1.148000000000000043e+01 6.320000000000000284e+00 3.879999999999999893e+00 -1.000000000000000000e+00 4.540000000000000036e+00 1.532000000000000028e+01 1.593999999999999950e+01 1.107000000000000028e+01
2.405000000000000071e+01 -1.000000000000000000e+00 1.158999999999999986e+01 6.290000000000000036e+00 3.850000000000000089e+00 -1.000000000000000000e+00 4.450000000000000178e+00 1.533000000000000007e+01 1.589000000000000057e+01 1.115000000000000036e+01
2.403000000000000114e+01 -1.000000000000000000e+00 1.156000000000000050e+01 6.259999999999999787e+00 3.859999999999999876e+00 -1.000000000000000000e+00 4.480000000000000426e+00 1.527999999999999936e+01 1.591000000000000014e+01 1.101999999999999957e+01
2.407000000000000028e+01 -1.000000000000000000e+00 1.150999999999999979e+01 6.280000000000000249e+00 3.810000000000000053e+00 -1.000000000000000000e+00 4.480000000000000426e+00 1.530000000000000071e+01 1.588000000000000078e+01 1.092999999999999972e+01
2.401999999999999957e+01 -1.000000000000000000e+00 1.156000000000000050e+01 6.299999999999999822e+00 3.919999999999999929e+00 -1.000000000000000000e+00 4.440000000000000391e+00 1.533999999999999986e+01 1.592999999999999972e+01 1.108999999999999986e+01
2.405999999999999872e+01 -1.000000000000000000e+00 1.156000000000000050e+01 6.330000000000000071e+00 3.810000000000000053e+00 -1.000000000000000000e+00 4.450000000000000178e+00 1.533000000000000007e+01 1.591999999999999993e+01 1.102999999999999936e+01
2.396999999999999886e+01 -1.000000000000000000e+00 1.156000000000000050e+01 6.269999999999999574e+00 3.870000000000000107e+00 -1.000000000000000000e+00 4.480000000000000426e+00 1.533000000000000007e+01 1.590000000000000036e+01 1.094999999999999929e+01
2.405000000000000071e+01 -1.000000000000000000e+00 1.156000000000000050e+01 6.349999999999999645e+00 3.910000000000000142e+00 -1.000000000000000000e+00 -1.000000000000000000e+00 1.600000000000000000e+01 1.588000000000000078e+01 1.101999999999999957e+01
2.405999999999999872e+01 -1.000000000000000000e+00 1.156000000000000050e+01 6.280000000000000249e+00 3.850000000000000089e+00 -1.000000000000000000e+00 4.450000000000000178e+00 1.538000000000000078e+01 1.591000000000000014e+01 1.103999999999999915e+01
2.401999999999999957e+01 -1.000000000000000000e+00 1.150999999999999979e+01 6.320000000000000284e+00 3.830000000000000071e+00 -1.000000000000000000e+00 4.429999999999999716e+00 1.533000000000000007e+01 1.590000000000000036e+01 1.108000000000000007e+01
2.401999999999999957e+01 -1.000000000000000000e+00 1.157000000000000028e+01 6.330000000000000071e+00 3.859999999999999876e+00 -1.000000000000000000e+00 4.469999999999999751e+00 1.527999999999999936e+01 1.591000000000000014e+01 1.101999999999999957e+01
2.405999999999999872e+01 -1.000000000000000000e+00 1.156000000000000050e+01 6.259999999999999787e+00 3.879999999999999893e+00 -1.000000000000000000e+00 4.459999999999999964e+00 1.601000000000000156e+01 1.593999999999999950e+01 1.098000000000000043e+01
2.408999999999999986e+01 -1.000000000000000000e+00 1.150999999999999979e+01 6.309999999999999609e+00 3.939999999999999947e+00 -1.000000000000000000e+00 4.469999999999999751e+00 1.525999999999999979e+01 1.590000000000000036e+01 1.101999999999999957e+01
2.398999999999999844e+01 -1.000000000000000000e+00 1.159999999999999964e+01 6.309999999999999609e+00 3.649999999999999911e+00 -1.000000000000000000e+00 4.410000000000000142e+00 1.533000000000000007e+01 1.592999999999999972e+01 1.111999999999999922e+01
2.401999999999999957e+01 -1.000000000000000000e+00 1.157000000000000028e+01 6.299999999999999822e+00 3.609999999999999876e+00 -1.000000000000000000e+00 4.459999999999999964e+00 1.605999999999999872e+01 1.590000000000000036e+01 1.096000000000000085e+01
2.407000000000000028e+01 -1.000000000000000000e+00 1.151999999999999957e+01 6.290000000000000036e+00 3.850000000000000089e+00 -1.000000000000000000e+00 4.450000000000000178e+00 1.536999999999999922e+01 1.591999999999999993e+01 1.108000000000000007e+01
2.401999999999999957e+01 -1.000000000000000000e+00 1.159999999999999964e+01 6.339999999999999858e+00 3.600000000000000089e+00 -1.000000000000000000e+00 4.419999999999999929e+00 1.541000000000000014e+01 1.591000000000000014e+01 1.093999999999999950e+01
2.412999999999999901e+01 -1.000000000000000000e+00 1.158000000000000007e+01 6.320000000000000284e+00 3.609999999999999876e+00 -1.000000000000000000e+00 4.450000000000000178e+00 1.527999999999999936e+01 1.591000000000000014e+01 1.094999999999999929e+01
2.398000000000000043e+01 -1.000000000000000000e+00 1.153999999999999915e+01 6.299999999999999822e+00 3.870000000000000107e+00 -1.000000000000000000e+00 4.540000000000000036e+00 1.533000000000000007e+01 1.597000000000000064e+01 1.111999999999999922e+01
2.408999999999999986e+01 -1.000000000000000000e+00 1.151999999999999957e+01 6.320000000000000284e+00 3.930000000000000160e+00 -1.000000000000000000e+00 4.440000000000000391e+00 1.533000000000000007e+01 1.592999999999999972e+01 1.103999999999999915e+01
2.400000000000000000e+01 -1.000000000000000000e+00 1.156000000000000050e+01 6.269999999999999574e+00 3.839999999999999858e+00 -1.000000000000000000e+00 4.480000000000000426e+00 1.525000000000000000e+01 1.594999999999999929e+01 1.103999999999999915e+01
2.405000000000000071e+01 -1.000000000000000000e+00 1.153999999999999915e+01 6.360000000000000320e+00 3.859999999999999876e+00 -1.000000000000000000e+00 4.509999999999999787e+00 1.525999999999999979e+01 1.591000000000000014e+01 1.148000000000000043e+01
2.401000000000000156e+01 -1.000000000000000000e+00 1.156000000000000050e+01 6.290000000000000036e+00 3.870000000000000107e+00 -1.000000000000000000e+00 4.429999999999999716e+00 1.535999999999999943e+01 1.591999999999999993e+01 1.125000000000000000e+01
2.403999999999999915e+01 -1.000000000000000000e+00 1.156000000000000050e+01 6.309999999999999609e+00 3.589999999999999858e+00 -1.000000000000000000e+00 4.450000000000000178e+00 1.533999999999999986e+01 1.593999999999999950e+01 1.109999999999999964e+01
2.405999999999999872e+01 -1.000000000000000000e+00 1.156000000000000050e+01 6.269999999999999574e+00 3.890000000000000124e+00 -1.000000000000000000e+00 4.450000000000000178e+00 1.533999999999999986e+01 1.591000000000000014e+01 1.113000000000000078e+01
2.398999999999999844e+01 -1.000000000000000000e+00 1.156000000000000050e+01 6.339999999999999858e+00 3.830000000000000071e+00 -1.000000000000000000e+00 4.400000000000000355e+00 1.533000000000000007e+01 1.585999999999999943e+01 1.109999999999999964e+01
2.408999999999999986e+01 -1.000000000000000000e+00 1.158999999999999986e+01 6.269999999999999574e+00 3.879999999999999893e+00 -1.000000000000000000e+00 4.500000000000000000e+00 1.598000000000000043e+01 1.591999999999999993e+01 1.109999999999999964e+01
2.403000000000000114e+01 -1.000000000000000000e+00 1.152999999999999936e+01 6.290000000000000036e+00 3.839999999999999858e+00 -1.000000000000000000e+00 4.509999999999999787e+00 1.531000000000000050e+01 1.589000000000000057e+01 1.109999999999999964e+01
2.401000000000000156e+01 -1.000000000000000000e+00 1.159999999999999964e+01 6.320000000000000284e+00 3.879999999999999893e+00 -1.000000000000000000e+00 4.429999999999999716e+00 1.534999999999999964e+01 1.590000000000000036e+01 1.103999999999999915e+01
2.403000000000000114e+01 -1.000000000000000000e+00 1.159999999999999964e+01 6.290000000000000036e+00 3.890000000000000124e+00 -1.000000000000000000e+00 4.459999999999999964e+00 1.526999999999999957e+01 1.590000000000000036e+01 1.101999999999999957e+01
2.410000000000000142e+01 -1.000000000000000000e+00 1.153999999999999915e+01 6.320000000000000284e+00 3.850000000000000089e+00 -1.000000000000000000e+00 4.429999999999999716e+00 1.538000000000000078e+01 -1.000000000000000000e+00 1.111999999999999922e+01
2.407000000000000028e+01 -1.000000000000000000e+00 1.153999999999999915e+01 6.320000000000000284e+00 3.890000000000000124e+00 -1.000000000000000000e+00 4.490000000000000213e+00 1.528999999999999915e+01 1.591000000000000014e+01 1.127999999999999936e+01
-1.000000000000000000e+00 -1.000000000000000000e+00 1.160999999999999943e+01 6.299999999999999822e+00 3.899999999999999911e+00 -1.000000000000000000e+00 4.440000000000000391e+00 1.533000000000000007e+01 1.590000000000000036e+01 1.116000000000000014e+01
2.401000000000000156e+01 -1.000000000000000000e+00 1.150000000000000000e+01 6.320000000000000284e+00 -1.000000000000000000e+00 -1.000000000000000000e+00 4.450000000000000178e+00 1.603000000000000114e+01 1.589000000000000057e+01 1.116000000000000014e+01
2.407000000000000028e+01 -1.000000000000000000e+00 1.158000000000000007e+01 6.259999999999999787e+00 3.899999999999999911e+00 -1.000000000000000000e+00 4.429999999999999716e+00 1.535999999999999943e+01 1.591999999999999993e+01 1.110999999999999943e+01
2.401999999999999957e+01 -1.000000000000000000e+00 1.156000000000000050e+01 6.240000000000000213e+00 3.890000000000000124e+00 -1.000000000000000000e+00 4.459999999999999964e+00 1.528999999999999915e+01 1.591000000000000014e+01 1.116999999999999993e+01
2.405000000000000071e+01 -1.000000000000000000e+00 1.153999999999999915e+01 6.280000000000000249e+00 3.859999999999999876e+00 -1.000000000000000000e+00 4.450000000000000178e+00 1.533000000000000007e+01 1.593999999999999950e+01 1.113000000000000078e+01
2.403000000000000114e+01 -1.000000000000000000e+00 1.156000000000000050e+01 6.320000000000000284e+00 3.890000000000000124e+00 -1.000000000000000000e+00 4.459999999999999964e+00 1.530000000000000071e+01 1.593999999999999950e+01 1.125999999999999979e+01
2.403000000000000114e+01 -1.000000000000000000e+00 1.156000000000000050e+01 6.309999999999999609e+00 3.879999999999999893e+00 -1.000000000000000000e+00 4.469999999999999751e+00 1.532000000000000028e+01 1.592999999999999972e+01 1.108000000000000007e+01
2.405999999999999872e+01 -1.000000000000000000e+00 1.150999999999999979e+01 6.330000000000000071e+00 3.819999999999999840e+00 -1.000000000000000000e+00 4.490000000000000213e+00 1.531000000000000050e+01 1.592999999999999972e+01 1.110999999999999943e+01
2.403999999999999915e+01 -1.000000000000000000e+00 1.158999999999999986e+01 6.269999999999999574e+00 3.919999999999999929e+00 -1.000000000000000000e+00 4.389999999999999680e+00 1.533000000000000007e+01 1.589000000000000057e+01 1.099000000000000021e+01
2.405999999999999872e+01 -1.000000000000000000e+00 1.153999999999999915e+01 6.299999999999999822e+00 3.910000000000000142e+00 -1.000000000000000000e+00 4.440000000000000391e+00 1.538000000000000078e+01 1.590000000000000036e+01 1.105000000000000071e+01
2.403000000000000114e+01 -1.000000000000000000e+00 1.156000000000000050e+01 6.309999999999999609e+00 3.870000000000000107e+00 -1.000000000000000000e+00 4.490000000000000213e+00 1.538000000000000078e+01 1.592999999999999972e+01 1.113000000000000078e+01
