-1.000000000000000000e+00 -1.000000000000000000e+00 -1.000000000000000000e+00 -1.000000000000000000e+00 -1.000000000000000000e+00 -1.000000000000000000e+00 -1.000000000000000000e+00 -1.000000000000000000e+00 -1.000000000000000000e+00 -1.000000000000000000e+00
5.120000000000000107e+00 -1.000000000000000000e+00 4.599999999999999645e+00 -1.000000000000000000e+00 3.589999999999999858e+00 4.080000000000000071e+00 -1.000000000000000000e+00 -1.000000000000000000e+00 3.750000000000000000e+00 7.900000000000000355e-01
5.089999999999999858e+00 -1.000000000000000000e+00 4.620000000000000107e+00 -1.000000000000000000e+00 3.589999999999999858e+00 4.040000000000000036e+00 -1.000000000000000000e+00 -1.000000000000000000e+00 3.759999999999999787e+00 7.900000000000000355e-01
5.110000000000000320e+00 -1.000000000000000000e+00 4.660000000000000142e+00 -1.000000000000000000e+00 3.580000000000000071e+00 4.019999999999999574e+00 -1.000000000000000000e+00 -1.000000000000000000e+00 3.740000000000000213e+00 8.100000000000000533e-01
5.040000000000000036e+00 -1.000000000000000000e+00 4.589999999999999858e+00 -1.000000000000000000e+00 3.609999999999999876e+00 4.099999999999999645e+00 -1.000000000000000000e+00 -1.000000000000000000e+00 3.799999999999999822e+00 8.299999999999999600e-01
5.120000000000000107e+00 -1.000000000000000000e+00 4.629999999999999893e+00 -1.000000000000000000e+00 3.580000000000000071e+00 4.049999999999999822e+00 -1.000000000000000000e+00 -1.000000000000000000e+00 3.770000000000000018e+00 8.299999999999999600e-01
5.070000000000000284e+00 -1.000000000000000000e+00 4.620000000000000107e+00 -1.000000000000000000e+00 3.649999999999999911e+00 4.089999999999999858e+00 -1.000000000000000000e+00 -1.000000000000000000e+00 3.810000000000000053e+00 8.000000000000000444e-01
5.099999999999999645e+00 -1.000000000000000000e+00 4.599999999999999645e+00 -1.000000000000000000e+00 3.640000000000000124e+00 4.009999999999999787e+00 -1.000000000000000000e+00 -1.000000000000000000e+00 3.759999999999999787e+00 8.000000000000000444e-01
5.059999999999999609e+00 -1.000000000000000000e+00 4.660000000000000142e+00 -1.000000000000000000e+00 3.640000000000000124e+00 4.030000000000000249e+00 -1.000000000000000000e+00 -1.000000000000000000e+00 3.779999999999999805e+00 8.000000000000000444e-01
5.080000000000000071e+00 -1.000000000000000000e+00 4.679999999999999716e+00 -1.000000000000000000e+00 3.620000000000000107e+00 4.080000000000000071e+00 -1.000000000000000000e+00 -1.000000000000000000e+00 3.759999999999999787e+00 7.900000000000000355e-01
5.110000000000000320e+00 -1.000000000000000000e+00 4.599999999999999645e+00 -1.000000000000000000e+00 3.589999999999999858e+00 4.099999999999999645e+00 -1.000000000000000000e+00 -1.000000000000000000e+00 3.790000000000000036e+00 8.000000000000000444e-01
5.080000000000000071e+00 -1.000000000000000000e+00 4.620000000000000107e+00 -1.000000000000000000e+00 3.569999999999999840e+00 4.070000000000000284e+00 -1.000000000000000000e+00 -1.000000000000000000e+00 3.799999999999999822e+00 8.000000000000000444e-01
5.139999999999999680e+00 -1.000000000000000000e+00 4.660000000000000142e+00 -1.000000000000000000e+00 3.620000000000000107e+00 4.000000000000000000e+00 -1.000000000000000000e+00 -1.000000000000000000e+00 3.810000000000000053e+00 7.700000000000000178e-01
5.070000000000000284e+00 -1.000000000000000000e+00 4.610000000000000320e+00 -1.000000000000000000e+00 3.609999999999999876e+00 4.080000000000000071e+00 -1.000000000000000000e+00 -1.000000000000000000e+00 3.770000000000000018e+00 8.000000000000000444e-01
5.099999999999999645e+00 -1.000000000000000000e+00 4.629999999999999893e+00 -1.000000000000000000e+00 3.580000000000000071e+00 4.070000000000000284e+00 -1.000000000000000000e+00 -1.000000000000000000e+00 3.779999999999999805e+00 7.800000000000000266e-01
5.080000000000000071e+00 -1.000000000000000000e+00 4.639999999999999680e+00 -1.000000000000000000e+00 3.569999999999999840e+00 3.970000000000000195e+00 -1.000000000000000000e+00 -1.000000000000000000e+00 3.720000000000000195e+00 8.199999999999999512e-01
5.110000000000000320e+00 -1.000000000000000000e+00 4.610000000000000320e+00 -1.000000000000000000e+00 3.589999999999999858e+00 4.070000000000000284e+00 -1.000000000000000000e+00 -1.000000000000000000e+00 3.729999999999999982e+00 7.700000000000000178e-01
5.089999999999999858e+00 -1.000000000000000000e+00 4.679999999999999716e+00 -1.000000000000000000e+00 3.600000000000000089e+00 4.030000000000000249e+00 -1.000000000000000000e+00 -1.000000000000000000e+00 3.729999999999999982e+00 7.900000000000000355e-01
5.089999999999999858e+00 2.500000000000000000e+00 4.610000000000000320e+00 -1.000000000000000000e+00 3.620000000000000107e+00 4.049999999999999822e+00 -1.000000000000000000e+00 -1.000000000000000000e+00 3.720000000000000195e+00 8.299999999999999600e-01
5.089999999999999858e+00 2.540000000000000036e+00 4.599999999999999645e+00 -1.000000000000000000e+00 3.560000000000000053e+00 4.160000000000000142e+00 -1.000000000000000000e+00 -1.000000000000000000e+00 3.779999999999999805e+00 8.299999999999999600e-01
5.089999999999999858e+00 2.520000000000000018e+00 4.650000000000000355e+00 -1.000000000000000000e+00 3.529999999999999805e+00 4.019999999999999574e+00 -1.000000000000000000e+00 -1.000000000000000000e+00 3.810000000000000053e+00 8.000000000000000444e-01
5.089999999999999858e+00 2.509999999999999787e+00 4.610000000000000320e+00 -1.000000000000000000e+00 3.600000000000000089e+00 4.009999999999999787e+00 -1.000000000000000000e+00 -1.000000000000000000e+00 3.770000000000000018e+00 8.000000000000000444e-01
5.120000000000000107e+00 2.520000000000000018e+00 4.589999999999999858e+00 -1.000000000000000000e+00 3.569999999999999840e+00 4.049999999999999822e+00 -1.000000000000000000e+00 -1.000000000000000000e+00 3.779999999999999805e+00 8.000000000000000444e-01
5.049999999999999822e+00 2.529999999999999805e+00 4.620000000000000107e+00 -1.000000000000000000e+00 3.609999999999999876e+00 4.030000000000000249e+00 -1.000000000000000000e+00 -1.000000000000000000e+00 3.750000000000000000e+00 8.000000000000000444e-01
5.019999999999999574e+00 2.520000000000000018e+00 4.650000000000000355e+00 -1.000000000000000000e+00 3.629999999999999893e+00 4.070000000000000284e+00 -1.000000000000000000e+00 -1.000000000000000000e+00 3.759999999999999787e+00 8.000000000000000444e-01
5.089999999999999858e+00 2.520000000000000018e+00 4.620000000000000107e+00 -1.000000000000000000e+00 3.580000000000000071e+00 4.099999999999999645e+00 -1.000000000000000000e+00 -1.000000000000000000e+00 3.759999999999999787e+00 7.600000000000000089e-01
5.049999999999999822e+00 2.500000000000000000e+00 4.629999999999999893e+00 -1.000000000000000000e+00 3.569999999999999840e+00 4.070000000000000284e+00 -1.000000000000000000e+00 -1.000000000000000000e+00 3.740000000000000213e+00 8.100000000000000533e-01
5.120000000000000107e+00 2.459999999999999964e+00 4.610000000000000320e+00 -1.000000000000000000e+00 3.560000000000000053e+00 4.150000000000000355e+00 -1.000000000000000000e+00 -1.000000000000000000e+00 3.779999999999999805e+00 8.199999999999999512e-01
5.099999999999999645e+00 2.500000000000000000e+00 4.589999999999999858e+00 -1.000000000000000000e+00 3.609999999999999876e+00 4.120000000000000107e+00 -1.000000000000000000e+00 -1.000000000000000000e+00 3.759999999999999787e+00 7.800000000000000266e-01
5.049999999999999822e+00 2.490000000000000213e+00 4.669999999999999929e+00 -1.000000000000000000e+00 3.620000000000000107e+00 4.080000000000000071e+00 -1.000000000000000000e+00 -1.000000000000000000e+00 3.790000000000000036e+00 8.000000000000000444e-01
5.070000000000000284e+00 2.509999999999999787e+00 4.660000000000000142e+00 -1.000000000000000000e+00 3.600000000000000089e+00 4.019999999999999574e+00 -1.000000000000000000e+00 -1.000000000000000000e+00 3.779999999999999805e+00 8.000000000000000444e-01
5.070000000000000284e+00 2.490000000000000213e+00 4.629999999999999893e+00 -1.000000000000000000e+00 3.569999999999999840e+00 3.990000000000000213e+00 -1.000000000000000000e+00 -1.000000000000000000e+00 3.750000000000000000e+00 8.499999999999999778e-01
5.089999999999999858e+00 2.490000000000000213e+00 4.599999999999999645e+00 -1.000000000000000000e+00 3.629999999999999893e+00 4.169999999999999929e+00 -1.000000000000000000e+00 -1.000000000000000000e+00 3.779999999999999805e+00 8.199999999999999512e-01
5.070000000000000284e+00 2.509999999999999787e+00 4.589999999999999858e+00 -1.000000000000000000e+00 3.600000000000000089e+00 -1.000000000000000000e+00 -1.000000000000000000e+00 -1.000000000000000000e+00 3.759999999999999787e+00 8.100000000000000533e-01
5.070000000000000284e+00 2.509999999999999787e+00 4.589999999999999858e+00 -1.000000000000000000e+00 3.629999999999999893e+00 -1.000000000000000000e+00 -1.000000000000000000e+00 5.240000000000000213e+00 3.729999999999999982e+00 7.800000000000000266e-01
5.049999999999999822e+00 2.490000000000000213e+00 4.639999999999999680e+00 -1.000000000000000000e+00 3.620000000000000107e+00 -1.000000000000000000e+00 -1.000000000000000000e+00 5.690000000000000391e+00 3.759999999999999787e+00 8.000000000000000444e-01
5.150000000000000355e+00 2.549999999999999822e+00 4.580000000000000071e+00 -1.000000000000000000e+00 3.589999999999999858e+00 -1.000000000000000000e+00 -1.000000000000000000e+00 6.400000000000000355e+00 3.779999999999999805e+00 7.800000000000000266e-01
5.030000000000000249e+00 2.529999999999999805e+00 4.599999999999999645e+00 -1.000000000000000000e+00 3.600000000000000089e+00 -1.000000000000000000e+00 -1.000000000000000000e+00 5.030000000000000249e+00 3.790000000000000036e+00 7.700000000000000178e-01
5.040000000000000036e+00 2.490000000000000213e+00 4.570000000000000284e+00 -1.000000000000000000e+00 3.620000000000000107e+00 -1.000000000000000000e+00 -1.000000000000000000e+00 4.919999999999999929e+00 3.759999999999999787e+00 8.100000000000000533e-01
5.089999999999999858e+00 -1.000000000000000000e+00 4.610000000000000320e+00 -1.000000000000000000e+00 3.609999999999999876e+00 -1.000000000000000000e+00 -1.000000000000000000e+00 5.459999999999999964e+00 3.799999999999999822e+00 8.100000000000000533e-01
5.049999999999999822e+00 2.520000000000000018e+00 4.650000000000000355e+00 -1.000000000000000000e+00 3.600000000000000089e+00 -1.000000000000000000e+00 -1.000000000000000000e+00 6.389999999999999680e+00 3.779999999999999805e+00 8.399999999999999689e-01
5.040000000000000036e+00 2.520000000000000018e+00 4.599999999999999645e+00 -1.000000000000000000e+00 3.609999999999999876e+00 -1.000000000000000000e+00 -1.000000000000000000e+00 5.700000000000000178e+00 3.790000000000000036e+00 7.800000000000000266e-01
5.059999999999999609e+00 2.649999999999999911e+00 4.589999999999999858e+00 -1.000000000000000000e+00 3.589999999999999858e+00 -1.000000000000000000e+00 -1.000000000000000000e+00 6.429999999999999716e+00 3.750000000000000000e+00 8.299999999999999600e-01
5.110000000000000320e+00 2.589999999999999858e+00 4.629999999999999893e+00 -1.000000000000000000e+00 3.620000000000000107e+00 -1.000000000000000000e+00 -1.000000000000000000e+00 5.690000000000000391e+00 3.750000000000000000e+00 7.900000000000000355e-01
5.099999999999999645e+00 2.500000000000000000e+00 4.589999999999999858e+00 -1.000000000000000000e+00 3.649999999999999911e+00 -1.000000000000000000e+00 -1.000000000000000000e+00 5.080000000000000071e+00 3.779999999999999805e+00 7.800000000000000266e-01
5.049999999999999822e+00 2.529999999999999805e+00 4.570000000000000284e+00 -1.000000000000000000e+00 3.580000000000000071e+00 -1.000000000000000000e+00 -1.000000000000000000e+00 6.339999999999999858e+00 3.810000000000000053e+00 7.900000000000000355e-01
5.110000000000000320e+00 2.500000000000000000e+00 4.610000000000000320e+00 -1.000000000000000000e+00 3.600000000000000089e+00 -1.000000000000000000e+00 -1.000000000000000000e+00 5.660000000000000142e+00 3.729999999999999982e+00 8.399999999999999689e-01
4.969999999999999751e+00 2.600000000000000089e+00 4.530000000000000249e+00 -1.000000000000000000e+00 3.560000000000000053e+00 -1.000000000000000000e+00 -1.000000000000000000e+00 5.070000000000000284e+00 3.799999999999999822e+00 8.299999999999999600e-01
5.030000000000000249e+00 2.520000000000000018e+00 4.599999999999999645e+00 -1.000000000000000000e+00 3.629999999999999893e+00 -1.000000000000000000e+00 -1.000000000000000000e+00 6.360000000000000320e+00 3.750000000000000000e+00 7.800000000000000266e-01
5.040000000000000036e+00 2.549999999999999822e+00 4.589999999999999858e+00 -1.000000000000000000e+00 3.589999999999999858e+00 -1.000000000000000000e+00 -1.000000000000000000e+00 5.620000000000000107e+00 3.770000000000000018e+00 7.800000000000000266e-01
5.070000000000000284e+00 2.549999999999999822e+00 4.650000000000000355e+00 -1.000000000000000000e+00 3.600000000000000089e+00 -1.000000000000000000e+00 -1.000000000000000000e+00 5.700000000000000178e+00 3.770000000000000018e+00 7.900000000000000355e-01
5.059999999999999609e+00 2.549999999999999822e+00 4.599999999999999645e+00 -1.000000000000000000e+00 3.589999999999999858e+00 -1.000000000000000000e+00 -1.000000000000000000e+00 5.700000000000000178e+00 3.740000000000000213e+00 7.700000000000000178e-01
5.120000000000000107e+00 2.490000000000000213e+00 4.570000000000000284e+00 -1.000000000000000000e+00 3.640000000000000124e+00 -1.000000000000000000e+00 -1.000000000000000000e+00 5.719999999999999751e+00 3.740000000000000213e+00 7.900000000000000355e-01
5.070000000000000284e+00 2.589999999999999858e+00 4.679999999999999716e+00 -1.000000000000000000e+00 3.580000000000000071e+00 -1.000000000000000000e+00 -1.000000000000000000e+00 6.429999999999999716e+00 3.799999999999999822e+00 7.900000000000000355e-01
5.129999999999999893e+00 2.560000000000000053e+00 4.559999999999999609e+00 -1.000000000000000000e+00 3.629999999999999893e+00 -1.000000000000000000e+00 -1.000000000000000000e+00 5.669999999999999929e+00 3.759999999999999787e+00 8.100000000000000533e-01
5.120000000000000107e+00 2.520000000000000018e+00 4.589999999999999858e+00 -1.000000000000000000e+00 3.629999999999999893e+00 -1.000000000000000000e+00 -1.000000000000000000e+00 5.009999999999999787e+00 3.709999999999999964e+00 8.100000000000000533e-01
5.049999999999999822e+00 2.529999999999999805e+00 4.610000000000000320e+00 -1.000000000000000000e+00 3.569999999999999840e+00 -1.000000000000000000e+00 -1.000000000000000000e+00 4.980000000000000426e+00 3.759999999999999787e+00 8.000000000000000444e-01
5.000000000000000000e+00 2.500000000000000000e+00 4.610000000000000320e+00 -1.000000000000000000e+00 3.609999999999999876e+00 -1.000000000000000000e+00 -1.000000000000000000e+00 5.709999999999999964e+00 3.770000000000000018e+00 8.000000000000000444e-01
5.009999999999999787e+00 2.589999999999999858e+00 4.639999999999999680e+00 -1.000000000000000000e+00 3.569999999999999840e+00 -1.000000000000000000e+00 -1.000000000000000000e+00 5.450000000000000178e+00 3.720000000000000195e+00 7.900000000000000355e-01
5.070000000000000284e+00 2.540000000000000036e+00 4.639999999999999680e+00 -1.000000000000000000e+00 3.640000000000000124e+00 -1.000000000000000000e+00 -1.000000000000000000e+00 5.719999999999999751e+00 3.819999999999999840e+00 7.800000000000000266e-01
5.000000000000000000e+00 2.509999999999999787e+00 4.629999999999999893e+00 -1.000000000000000000e+00 3.549999999999999822e+00 -1.000000000000000000e+00 -1.000000000000000000e+00 6.410000000000000142e+00 3.729999999999999982e+00 8.199999999999999512e-01
5.030000000000000249e+00 2.589999999999999858e+00 4.639999999999999680e+00 -1.000000000000000000e+00 3.620000000000000107e+00 -1.000000000000000000e+00 -1.000000000000000000e+00 6.360000000000000320e+00 3.799999999999999822e+00 8.000000000000000444e-01
5.049999999999999822e+00 2.520000000000000018e+00 4.589999999999999858e+00 -1.000000000000000000e+00 3.580000000000000071e+00 -1.000000000000000000e+00 -1.000000000000000000e+00 5.019999999999999574e+00 3.720000000000000195e+00 8.100000000000000533e-01
5.070000000000000284e+00 2.580000000000000071e+00 4.629999999999999893e+00 -1.000000000000000000e+00 3.589999999999999858e+00 -1.000000000000000000e+00 -1.000000000000000000e+00 5.040000000000000036e+00 3.759999999999999787e+00 8.000000000000000444e-01
4.969999999999999751e+00 2.549999999999999822e+00 4.620000000000000107e+00 -1.000000000000000000e+00 3.600000000000000089e+00 -1.000000000000000000e+00 -1.000000000000000000e+00 5.700000000000000178e+00 3.729999999999999982e+00 8.000000000000000444e-01
5.049999999999999822e+00 2.479999999999999982e+00 4.660000000000000142e+00 -1.000000000000000000e+00 3.580000000000000071e+00 -1.000000000000000000e+00 -1.000000000000000000e+00 5.230000000000000426e+00 3.779999999999999805e+00 7.700000000000000178e-01
5.040000000000000036e+00 2.529999999999999805e+00 4.599999999999999645e+00 -1.000000000000000000e+00 3.629999999999999893e+00 -1.000000000000000000e+00 -1.000000000000000000e+00 5.740000000000000213e+00 3.750000000000000000e+00 8.299999999999999600e-01
5.120000000000000107e+00 2.540000000000000036e+00 4.639999999999999680e+00 -1.000000000000000000e+00 3.569999999999999840e+00 -1.000000000000000000e+00 -1.000000000000000000e+00 5.669999999999999929e+00 3.810000000000000053e+00 8.000000000000000444e-01
5.089999999999999858e+00 2.500000000000000000e+00 4.669999999999999929e+00 -1.000000000000000000e+00 3.620000000000000107e+00 -1.000000000000000000e+00 -1.000000000000000000e+00 5.679999999999999716e+00 3.709999999999999964e+00 8.000000000000000444e-01
5.040000000000000036e+00 2.540000000000000036e+00 4.570000000000000284e+00 -1.000000000000000000e+00 3.629999999999999893e+00 -1.000000000000000000e+00 -1.000000000000000000e+00 5.700000000000000178e+00 3.770000000000000018e+00 8.499999999999999778e-01
5.049999999999999822e+00 2.459999999999999964e+00 4.620000000000000107e+00 -1.000000000000000000e+00 3.569999999999999840e+00 -1.000000000000000000e+00 -1.000000000000000000e+00 5.700000000000000178e+00 3.720000000000000195e+00 8.299999999999999600e-01
5.110000000000000320e+00 2.509999999999999787e+00 4.620000000000000107e+00 -1.000000000000000000e+00 3.600000000000000089e+00 -1.000000000000000000e+00 -1.000000000000000000e+00 5.719999999999999751e+00 3.729999999999999982e+00 8.100000000000000533e-01
5.099999999999999645e+00 2.520000000000000018e+00 4.639999999999999680e+00 -1.000000000000000000e+00 3.600000000000000089e+00 -1.000000000000000000e+00 -1.000000000000000000e+00 4.990000000000000213e+00 3.779999999999999805e+00 8.100000000000000533e-01
5.089999999999999858e+00 2.500000000000000000e+00 4.620000000000000107e+00 -1.000000000000000000e+00 3.580000000000000071e+00 -1.000000000000000000e+00 -1.000000000000000000e+00 6.330000000000000071e+00 3.750000000000000000e+00 8.100000000000000533e-01
5.120000000000000107e+00 2.560000000000000053e+00 4.629999999999999893e+00 -1.000000000000000000e+00 3.600000000000000089e+00 -1.000000000000000000e+00 -1.000000000000000000e+00 5.629999999999999893e+00 3.729999999999999982e+00 7.600000000000000089e-01
5.150000000000000355e+00 2.540000000000000036e+00 4.589999999999999858e+00 -1.000000000000000000e+00 3.589999999999999858e+00 -1.000000000000000000e+00 -1.000000000000000000e+00 5.660000000000000142e+00 3.740000000000000213e+00 8.000000000000000444e-01
5.120000000000000107e+00 2.529999999999999805e+00 4.650000000000000355e+00 -1.000000000000000000e+00 3.609999999999999876e+00 -1.000000000000000000e+00 -1.000000000000000000e+00 4.940000000000000391e+00 3.779999999999999805e+00 8.100000000000000533e-01
5.059999999999999609e+00 2.490000000000000213e+00 4.660000000000000142e+00 -1.000000000000000000e+00 3.600000000000000089e+00 -1.000000000000000000e+00 -1.000000000000000000e+00 5.200000000000000178e+00 3.779999999999999805e+00 7.800000000000000266e-01
5.110000000000000320e+00 2.529999999999999805e+00 4.639999999999999680e+00 -1.000000000000000000e+00 3.589999999999999858e+00 -1.000000000000000000e+00 -1.000000000000000000e+00 6.360000000000000320e+00 3.720000000000000195e+00 8.000000000000000444e-01
5.200000000000000178e+00 2.520000000000000018e+00 4.629999999999999893e+00 -1.000000000000000000e+00 3.589999999999999858e+00 -1.000000000000000000e+00 -1.000000000000000000e+00 5.000000000000000000e+00 3.830000000000000071e+00 7.800000000000000266e-01
5.070000000000000284e+00 2.520000000000000018e+00 4.669999999999999929e+00 -1.000000000000000000e+00 3.640000000000000124e+00 -1.000000000000000000e+00 -1.000000000000000000e+00 5.799999999999999822e+00 3.799999999999999822e+00 8.100000000000000533e-01
5.150000000000000355e+00 2.520000000000000018e+00 4.540000000000000036e+00 -1.000000000000000000e+00 3.600000000000000089e+00 -1.000000000000000000e+00 -1.000000000000000000e+00 5.750000000000000000e+00 3.790000000000000036e+00 8.299999999999999600e-01
5.120000000000000107e+00 2.540000000000000036e+00 4.660000000000000142e+00 -1.000000000000000000e+00 3.600000000000000089e+00 -1.000000000000000000e+00 -1.000000000000000000e+00 6.450000000000000178e+00 3.720000000000000195e+00 8.499999999999999778e-01
5.080000000000000071e+00 2.529999999999999805e+00 4.620000000000000107e+00 -1.000000000000000000e+00 3.589999999999999858e+00 -1.000000000000000000e+00 -1.000000000000000000e+00 4.959999999999999964e+00 3.740000000000000213e+00 7.800000000000000266e-01
5.059999999999999609e+00 2.569999999999999840e+00 4.580000000000000071e+00 -1.000000000000000000e+00 3.600000000000000089e+00 -1.000000000000000000e+00 -1.000000000000000000e+00 5.019999999999999574e+00 3.790000000000000036e+00 7.800000000000000266e-01
5.160000000000000142e+00 2.490000000000000213e+00 4.620000000000000107e+00 -1.000000000000000000e+00 3.620000000000000107e+00 -1.000000000000000000e+00 -1.000000000000000000e+00 5.790000000000000036e+00 3.770000000000000018e+00 8.199999999999999512e-01
5.110000000000000320e+00 2.529999999999999805e+00 4.599999999999999645e+00 -1.000000000000000000e+00 3.580000000000000071e+00 -1.000000000000000000e+00 -1.000000000000000000e+00 5.099999999999999645e+00 3.790000000000000036e+00 8.100000000000000533e-01
5.099999999999999645e+00 2.520000000000000018e+00 4.679999999999999716e+00 -1.000000000000000000e+00 3.569999999999999840e+00 -1.000000000000000000e+00 -1.000000000000000000e+00 5.679999999999999716e+00 3.740000000000000213e+00 7.900000000000000355e-01
5.129999999999999893e+00 2.490000000000000213e+00 4.620000000000000107e+00 -1.000000000000000000e+00 3.649999999999999911e+00 -1.000000000000000000e+00 -1.000000000000000000e+00 5.629999999999999893e+00 3.740000000000000213e+00 7.700000000000000178e-01
5.070000000000000284e+00 2.569999999999999840e+00 4.599999999999999645e+00 -1.000000000000000000e+00 3.600000000000000089e+00 -1.000000000000000000e+00 -1.000000000000000000e+00 6.370000000000000107e+00 3.740000000000000213e+00 8.299999999999999600e-01
5.080000000000000071e+00 2.569999999999999840e+00 4.599999999999999645e+00 -1.000000000000000000e+00 3.580000000000000071e+00 -1.000000000000000000e+00 -1.000000000000000000e+00 5.610000000000000320e+00 3.720000000000000195e+00 8.199999999999999512e-01
5.120000000000000107e+00 2.490000000000000213e+00 4.660000000000000142e+00 -1.000000000000000000e+00 3.609999999999999876e+00 -1.000000000000000000e+00 -1.000000000000000000e+00 5.700000000000000178e+00 3.729999999999999982e+00 8.100000000000000533e-01
5.139999999999999680e+00 2.520000000000000018e+00 4.660000000000000142e+00 -1.000000000000000000e+00 3.580000000000000071e+00 -1.000000000000000000e+00 -1.000000000000000000e+00 5.799999999999999822e+00 3.830000000000000071e+00 7.900000000000000355e-01
5.110000000000000320e+00 2.520000000000000018e+00 4.650000000000000355e+00 -1.000000000000000000e+00 3.600000000000000089e+00 -1.000000000000000000e+00 -1.000000000000000000e+00 5.230000000000000426e+00 3.819999999999999840e+00 8.299999999999999600e-01
5.129999999999999893e+00 2.509999999999999787e+00 4.549999999999999822e+00 -1.000000000000000000e+00 3.600000000000000089e+00 -1.000000000000000000e+00 -1.000000000000000000e+00 5.700000000000000178e+00 3.770000000000000018e+00 7.800000000000000266e-01
5.089999999999999858e+00 2.589999999999999858e+00 4.629999999999999893e+00 -1.000000000000000000e+00 3.600000000000000089e+00 -1.000000000000000000e+00 -1.000000000000000000e+00 4.980000000000000426e+00 3.729999999999999982e+00 7.800000000000000266e-01
5.120000000000000107e+00 2.500000000000000000e+00 4.589999999999999858e+00 -1.000000000000000000e+00 3.569999999999999840e+00 -1.000000000000000000e+00 -1.000000000000000000e+00 5.679999999999999716e+00 3.790000000000000036e+00 7.700000000000000178e-01
5.070000000000000284e+00 2.520000000000000018e+00 4.620000000000000107e+00 -1.000000000000000000e+00 3.629999999999999893e+00 -1.000000000000000000e+00 -1.000000000000000000e+00 5.309999999999999609e+00 3.770000000000000018e+00 7.800000000000000266e-01
4.980000000000000426e+00 2.509999999999999787e+00 4.650000000000000355e+00 -1.000000000000000000e+00 3.589999999999999858e+00 -1.000000000000000000e+00 -1.000000000000000000e+00 5.259999999999999787e+00 3.729999999999999982e+00 7.800000000000000266e-01
5.089999999999999858e+00 2.609999999999999876e+00 4.650000000000000355e+00 -1.000000000000000000e+00 3.609999999999999876e+00 -1.000000000000000000e+00 -1.000000000000000000e+00 6.379999999999999893e+00 3.729999999999999982e+00 8.399999999999999689e-01
