-1.000000000000000000e+00 -1.000000000000000000e+00 -1.000000000000000000e+00 -1.000000000000000000e+00 -1.000000000000000000e+00 -1.000000000000000000e+00 -1.000000000000000000e+00 -1.000000000000000000e+00 -1.000000000000000000e+00 -1.000000000000000000e+00
-1.000000000000000000e+00 3.649999999999999911e+00 7.549999999999999822e+00 5.030000000000000249e+00 3.419999999999999929e+00 7.809999999999999609e+00 -1.000000000000000000e+00 3.390000000000000124e+00 2.450000000000000178e+00 4.429999999999999716e+00
-1.000000000000000000e+00 3.700000000000000178e+00 7.500000000000000000e+00 5.030000000000000249e+00 3.450000000000000178e+00 7.730000000000000426e+00 -1.000000000000000000e+00 3.439999999999999947e+00 2.419999999999999929e+00 4.429999999999999716e+00
-1.000000000000000000e+00 3.680000000000000160e+00 7.589999999999999858e+00 5.030000000000000249e+00 3.459999999999999964e+00 7.769999999999999574e+00 -1.000000000000000000e+00 3.419999999999999929e+00 2.450000000000000178e+00 4.400000000000000355e+00
-1.000000000000000000e+00 3.680000000000000160e+00 7.500000000000000000e+00 5.019999999999999574e+00 3.439999999999999947e+00 8.380000000000000782e+00 -1.000000000000000000e+00 3.390000000000000124e+00 2.399999999999999911e+00 4.410000000000000142e+00
-1.000000000000000000e+00 3.669999999999999929e+00 7.500000000000000000e+00 5.049999999999999822e+00 3.450000000000000178e+00 7.780000000000000249e+00 -1.000000000000000000e+00 3.439999999999999947e+00 2.430000000000000160e+00 4.429999999999999716e+00
-1.000000000000000000e+00 3.640000000000000124e+00 7.559999999999999609e+00 5.080000000000000071e+00 3.459999999999999964e+00 7.780000000000000249e+00 -1.000000000000000000e+00 3.430000000000000160e+00 2.399999999999999911e+00 4.410000000000000142e+00
-1.000000000000000000e+00 3.669999999999999929e+00 7.549999999999999822e+00 5.019999999999999574e+00 3.450000000000000178e+00 7.830000000000000071e+00 -1.000000000000000000e+00 3.470000000000000195e+00 2.410000000000000142e+00 4.379999999999999893e+00
-1.000000000000000000e+00 3.640000000000000124e+00 7.549999999999999822e+00 5.030000000000000249e+00 3.459999999999999964e+00 7.750000000000000000e+00 -1.000000000000000000e+00 3.370000000000000107e+00 2.390000000000000124e+00 4.440000000000000391e+00
-1.000000000000000000e+00 3.689999999999999947e+00 7.500000000000000000e+00 5.000000000000000000e+00 3.459999999999999964e+00 7.709999999999999964e+00 -1.000000000000000000e+00 3.450000000000000178e+00 2.379999999999999893e+00 4.419999999999999929e+00
-1.000000000000000000e+00 3.689999999999999947e+00 7.509999999999999787e+00 5.089999999999999858e+00 3.399999999999999911e+00 7.650000000000000355e+00 -1.000000000000000000e+00 3.479999999999999982e+00 2.399999999999999911e+00 4.410000000000000142e+00
-1.000000000000000000e+00 3.750000000000000000e+00 7.570000000000000284e+00 5.040000000000000036e+00 3.450000000000000178e+00 7.809999999999999609e+00 -1.000000000000000000e+00 3.439999999999999947e+00 2.370000000000000107e+00 4.389999999999999680e+00
-1.000000000000000000e+00 3.660000000000000142e+00 7.530000000000000249e+00 5.040000000000000036e+00 3.450000000000000178e+00 7.849999999999999645e+00 -1.000000000000000000e+00 3.370000000000000107e+00 2.430000000000000160e+00 4.419999999999999929e+00
-1.000000000000000000e+00 3.660000000000000142e+00 7.490000000000000213e+00 5.049999999999999822e+00 3.500000000000000000e+00 7.799999999999999822e+00 -1.000000000000000000e+00 3.490000000000000213e+00 2.390000000000000124e+00 4.400000000000000355e+00
-1.000000000000000000e+00 3.649999999999999911e+00 7.490000000000000213e+00 5.030000000000000249e+00 3.439999999999999947e+00 7.889999999999999680e+00 -1.000000000000000000e+00 3.399999999999999911e+00 2.410000000000000142e+00 4.410000000000000142e+00
-1.000000000000000000e+00 3.669999999999999929e+00 7.549999999999999822e+00 5.070000000000000284e+00 3.500000000000000000e+00 7.690000000000000391e+00 -1.000000000000000000e+00 3.410000000000000142e+00 2.410000000000000142e+00 4.440000000000000391e+00
-1.000000000000000000e+00 3.680000000000000160e+00 7.480000000000000426e+00 5.049999999999999822e+00 3.529999999999999805e+00 7.780000000000000249e+00 -1.000000000000000000e+00 3.459999999999999964e+00 2.410000000000000142e+00 4.469999999999999751e+00
-1.000000000000000000e+00 3.700000000000000178e+00 7.429999999999999716e+00 5.049999999999999822e+00 3.419999999999999929e+00 7.969999999999999751e+00 -1.000000000000000000e+00 3.430000000000000160e+00 2.430000000000000160e+00 4.440000000000000391e+00
-1.000000000000000000e+00 3.720000000000000195e+00 7.429999999999999716e+00 5.080000000000000071e+00 3.470000000000000195e+00 7.870000000000000107e+00 -1.000000000000000000e+00 3.470000000000000195e+00 2.419999999999999929e+00 4.419999999999999929e+00
-1.000000000000000000e+00 3.640000000000000124e+00 7.540000000000000036e+00 5.019999999999999574e+00 3.450000000000000178e+00 7.750000000000000000e+00 -1.000000000000000000e+00 3.479999999999999982e+00 2.390000000000000124e+00 4.400000000000000355e+00
-1.000000000000000000e+00 3.660000000000000142e+00 7.480000000000000426e+00 5.099999999999999645e+00 3.490000000000000213e+00 7.759999999999999787e+00 -1.000000000000000000e+00 3.479999999999999982e+00 2.439999999999999947e+00 4.440000000000000391e+00
-1.000000000000000000e+00 3.689999999999999947e+00 7.509999999999999787e+00 5.059999999999999609e+00 3.430000000000000160e+00 7.730000000000000426e+00 -1.000000000000000000e+00 3.450000000000000178e+00 2.399999999999999911e+00 4.429999999999999716e+00
-1.000000000000000000e+00 3.729999999999999982e+00 7.509999999999999787e+00 5.099999999999999645e+00 3.459999999999999964e+00 7.769999999999999574e+00 -1.000000000000000000e+00 3.419999999999999929e+00 2.430000000000000160e+00 4.440000000000000391e+00
-1.000000000000000000e+00 3.720000000000000195e+00 7.549999999999999822e+00 5.070000000000000284e+00 3.470000000000000195e+00 7.980000000000000426e+00 -1.000000000000000000e+00 3.370000000000000107e+00 2.419999999999999929e+00 4.419999999999999929e+00
-1.000000000000000000e+00 3.700000000000000178e+00 7.530000000000000249e+00 5.019999999999999574e+00 3.490000000000000213e+00 7.820000000000000284e+00 -1.000000000000000000e+00 3.410000000000000142e+00 2.390000000000000124e+00 4.379999999999999893e+00
-1.000000000000000000e+00 3.640000000000000124e+00 7.490000000000000213e+00 5.049999999999999822e+00 3.479999999999999982e+00 7.780000000000000249e+00 -1.000000000000000000e+00 3.470000000000000195e+00 2.410000000000000142e+00 4.410000000000000142e+00
-1.000000000000000000e+00 3.700000000000000178e+00 7.490000000000000213e+00 5.030000000000000249e+00 3.390000000000000124e+00 7.839999999999999858e+00 -1.000000000000000000e+00 3.339999999999999858e+00 2.430000000000000160e+00 4.410000000000000142e+00
-1.000000000000000000e+00 3.620000000000000107e+00 7.500000000000000000e+00 5.009999999999999787e+00 3.549999999999999822e+00 8.070000000000000284e+00 -1.000000000000000000e+00 3.450000000000000178e+00 2.399999999999999911e+00 4.410000000000000142e+00
-1.000000000000000000e+00 3.779999999999999805e+00 7.570000000000000284e+00 5.030000000000000249e+00 3.479999999999999982e+00 7.660000000000000142e+00 -1.000000000000000000e+00 3.410000000000000142e+00 2.430000000000000160e+00 4.410000000000000142e+00
-1.000000000000000000e+00 3.720000000000000195e+00 7.480000000000000426e+00 4.990000000000000213e+00 3.439999999999999947e+00 7.959999999999999964e+00 -1.000000000000000000e+00 3.399999999999999911e+00 2.379999999999999893e+00 4.459999999999999964e+00
-1.000000000000000000e+00 3.720000000000000195e+00 7.580000000000000071e+00 5.040000000000000036e+00 3.470000000000000195e+00 7.700000000000000178e+00 -1.000000000000000000e+00 3.430000000000000160e+00 2.370000000000000107e+00 4.450000000000000178e+00
-1.000000000000000000e+00 3.689999999999999947e+00 7.440000000000000391e+00 5.059999999999999609e+00 3.500000000000000000e+00 7.790000000000000036e+00 -1.000000000000000000e+00 3.520000000000000018e+00 2.439999999999999947e+00 4.419999999999999929e+00
-1.000000000000000000e+00 3.720000000000000195e+00 7.509999999999999787e+00 -1.000000000000000000e+00 3.370000000000000107e+00 7.759999999999999787e+00 -1.000000000000000000e+00 3.430000000000000160e+00 2.410000000000000142e+00 4.419999999999999929e+00
-1.000000000000000000e+00 3.660000000000000142e+00 7.530000000000000249e+00 4.990000000000000213e+00 3.470000000000000195e+00 7.809999999999999609e+00 -1.000000000000000000e+00 3.490000000000000213e+00 2.419999999999999929e+00 4.440000000000000391e+00
-1.000000000000000000e+00 3.660000000000000142e+00 7.599999999999999645e+00 5.019999999999999574e+00 3.470000000000000195e+00 7.879999999999999893e+00 -1.000000000000000000e+00 3.490000000000000213e+00 2.410000000000000142e+00 4.459999999999999964e+00
-1.000000000000000000e+00 3.660000000000000142e+00 7.509999999999999787e+00 5.030000000000000249e+00 3.479999999999999982e+00 7.799999999999999822e+00 -1.000000000000000000e+00 3.439999999999999947e+00 2.410000000000000142e+00 4.410000000000000142e+00
-1.000000000000000000e+00 3.640000000000000124e+00 7.570000000000000284e+00 5.040000000000000036e+00 3.470000000000000195e+00 7.860000000000000320e+00 -1.000000000000000000e+00 3.500000000000000000e+00 2.439999999999999947e+00 4.440000000000000391e+00
-1.000000000000000000e+00 3.720000000000000195e+00 7.459999999999999964e+00 4.990000000000000213e+00 3.470000000000000195e+00 8.289999999999999147e+00 -1.000000000000000000e+00 3.490000000000000213e+00 2.410000000000000142e+00 4.429999999999999716e+00
-1.000000000000000000e+00 3.649999999999999911e+00 7.570000000000000284e+00 5.009999999999999787e+00 3.450000000000000178e+00 7.860000000000000320e+00 -1.000000000000000000e+00 3.490000000000000213e+00 2.430000000000000160e+00 4.410000000000000142e+00
-1.000000000000000000e+00 3.660000000000000142e+00 7.400000000000000355e+00 5.049999999999999822e+00 3.479999999999999982e+00 7.830000000000000071e+00 -1.000000000000000000e+00 3.410000000000000142e+00 2.379999999999999893e+00 4.400000000000000355e+00
-1.000000000000000000e+00 3.689999999999999947e+00 7.530000000000000249e+00 5.040000000000000036e+00 3.450000000000000178e+00 8.119999999999999218e+00 -1.000000000000000000e+00 3.410000000000000142e+00 2.419999999999999929e+00 4.410000000000000142e+00
-1.000000000000000000e+00 3.689999999999999947e+00 7.490000000000000213e+00 5.040000000000000036e+00 3.430000000000000160e+00 7.870000000000000107e+00 -1.000000000000000000e+00 3.490000000000000213e+00 2.419999999999999929e+00 4.389999999999999680e+00
-1.000000000000000000e+00 3.680000000000000160e+00 7.570000000000000284e+00 4.990000000000000213e+00 3.479999999999999982e+00 7.900000000000000355e+00 -1.000000000000000000e+00 3.399999999999999911e+00 2.430000000000000160e+00 4.389999999999999680e+00
-1.000000000000000000e+00 3.709999999999999964e+00 7.509999999999999787e+00 5.030000000000000249e+00 3.450000000000000178e+00 7.730000000000000426e+00 -1.000000000000000000e+00 3.419999999999999929e+00 2.430000000000000160e+00 4.429999999999999716e+00
-1.000000000000000000e+00 3.720000000000000195e+00 7.580000000000000071e+00 5.030000000000000249e+00 3.470000000000000195e+00 7.830000000000000071e+00 -1.000000000000000000e+00 3.500000000000000000e+00 2.419999999999999929e+00 4.410000000000000142e+00
-1.000000000000000000e+00 3.720000000000000195e+00 7.589999999999999858e+00 4.990000000000000213e+00 3.419999999999999929e+00 7.780000000000000249e+00 -1.000000000000000000e+00 3.470000000000000195e+00 2.430000000000000160e+00 4.450000000000000178e+00
-1.000000000000000000e+00 3.649999999999999911e+00 7.500000000000000000e+00 5.019999999999999574e+00 3.450000000000000178e+00 7.879999999999999893e+00 -1.000000000000000000e+00 3.529999999999999805e+00 2.419999999999999929e+00 4.459999999999999964e+00
-1.000000000000000000e+00 3.720000000000000195e+00 7.559999999999999609e+00 5.009999999999999787e+00 3.390000000000000124e+00 7.799999999999999822e+00 -1.000000000000000000e+00 3.450000000000000178e+00 2.430000000000000160e+00 4.450000000000000178e+00
-1.000000000000000000e+00 3.770000000000000018e+00 7.450000000000000178e+00 4.990000000000000213e+00 3.470000000000000195e+00 8.289999999999999147e+00 -1.000000000000000000e+00 3.410000000000000142e+00 2.439999999999999947e+00 4.400000000000000355e+00
-1.000000000000000000e+00 3.669999999999999929e+00 7.530000000000000249e+00 5.040000000000000036e+00 3.470000000000000195e+00 8.039999999999999147e+00 -1.000000000000000000e+00 3.479999999999999982e+00 2.450000000000000178e+00 4.419999999999999929e+00
-1.000000000000000000e+00 3.689999999999999947e+00 7.440000000000000391e+00 5.049999999999999822e+00 3.490000000000000213e+00 7.820000000000000284e+00 -1.000000000000000000e+00 3.399999999999999911e+00 2.410000000000000142e+00 4.419999999999999929e+00
-1.000000000000000000e+00 3.640000000000000124e+00 7.500000000000000000e+00 5.019999999999999574e+00 3.430000000000000160e+00 7.870000000000000107e+00 -1.000000000000000000e+00 3.490000000000000213e+00 2.419999999999999929e+00 4.400000000000000355e+00
-1.000000000000000000e+00 3.709999999999999964e+00 7.559999999999999609e+00 5.009999999999999787e+00 3.479999999999999982e+00 8.029999999999999361e+00 -1.000000000000000000e+00 3.399999999999999911e+00 2.419999999999999929e+00 4.379999999999999893e+00
-1.000000000000000000e+00 3.720000000000000195e+00 7.490000000000000213e+00 5.049999999999999822e+00 3.430000000000000160e+00 7.730000000000000426e+00 -1.000000000000000000e+00 3.359999999999999876e+00 2.390000000000000124e+00 4.389999999999999680e+00
-1.000000000000000000e+00 3.720000000000000195e+00 7.589999999999999858e+00 5.049999999999999822e+00 3.390000000000000124e+00 7.679999999999999716e+00 -1.000000000000000000e+00 3.450000000000000178e+00 2.439999999999999947e+00 4.379999999999999893e+00
-1.000000000000000000e+00 3.649999999999999911e+00 7.459999999999999964e+00 5.009999999999999787e+00 3.410000000000000142e+00 7.799999999999999822e+00 -1.000000000000000000e+00 3.419999999999999929e+00 2.439999999999999947e+00 4.410000000000000142e+00
-1.000000000000000000e+00 3.669999999999999929e+00 7.610000000000000320e+00 5.019999999999999574e+00 3.450000000000000178e+00 7.849999999999999645e+00 -1.000000000000000000e+00 3.450000000000000178e+00 2.379999999999999893e+00 4.419999999999999929e+00
-1.000000000000000000e+00 3.700000000000000178e+00 7.459999999999999964e+00 5.009999999999999787e+00 3.410000000000000142e+00 7.719999999999999751e+00 -1.000000000000000000e+00 3.370000000000000107e+00 2.410000000000000142e+00 4.429999999999999716e+00
-1.000000000000000000e+00 3.720000000000000195e+00 7.490000000000000213e+00 5.019999999999999574e+00 3.439999999999999947e+00 8.140000000000000568e+00 -1.000000000000000000e+00 3.479999999999999982e+00 2.399999999999999911e+00 4.509999999999999787e+00
-1.000000000000000000e+00 3.740000000000000213e+00 7.540000000000000036e+00 5.019999999999999574e+00 3.430000000000000160e+00 7.719999999999999751e+00 -1.000000000000000000e+00 3.359999999999999876e+00 2.430000000000000160e+00 4.440000000000000391e+00
-1.000000000000000000e+00 3.689999999999999947e+00 7.549999999999999822e+00 5.009999999999999787e+00 3.419999999999999929e+00 7.730000000000000426e+00 -1.000000000000000000e+00 3.430000000000000160e+00 2.410000000000000142e+00 4.440000000000000391e+00
-1.000000000000000000e+00 3.720000000000000195e+00 7.429999999999999716e+00 5.030000000000000249e+00 3.459999999999999964e+00 7.959999999999999964e+00 -1.000000000000000000e+00 3.470000000000000195e+00 2.410000000000000142e+00 4.450000000000000178e+00
-1.000000000000000000e+00 3.720000000000000195e+00 7.519999999999999574e+00 5.049999999999999822e+00 3.419999999999999929e+00 7.830000000000000071e+00 -1.000000000000000000e+00 3.399999999999999911e+00 2.379999999999999893e+00 4.429999999999999716e+00
-1.000000000000000000e+00 3.709999999999999964e+00 7.530000000000000249e+00 5.019999999999999574e+00 3.439999999999999947e+00 7.799999999999999822e+00 -1.000000000000000000e+00 3.439999999999999947e+00 2.410000000000000142e+00 4.389999999999999680e+00
-1.000000000000000000e+00 3.660000000000000142e+00 7.559999999999999609e+00 5.110000000000000320e+00 3.490000000000000213e+00 7.709999999999999964e+00 -1.000000000000000000e+00 3.390000000000000124e+00 2.399999999999999911e+00 4.429999999999999716e+00
-1.000000000000000000e+00 3.640000000000000124e+00 7.540000000000000036e+00 5.019999999999999574e+00 3.430000000000000160e+00 7.799999999999999822e+00 -1.000000000000000000e+00 3.439999999999999947e+00 2.430000000000000160e+00 4.400000000000000355e+00
-1.000000000000000000e+00 3.660000000000000142e+00 7.500000000000000000e+00 5.059999999999999609e+00 3.419999999999999929e+00 7.809999999999999609e+00 -1.000000000000000000e+00 3.399999999999999911e+00 2.399999999999999911e+00 4.370000000000000107e+00
-1.000000000000000000e+00 3.680000000000000160e+00 7.500000000000000000e+00 5.040000000000000036e+00 3.450000000000000178e+00 7.870000000000000107e+00 -1.000000000000000000e+00 3.359999999999999876e+00 2.430000000000000160e+00 4.400000000000000355e+00
-1.000000000000000000e+00 3.660000000000000142e+00 7.440000000000000391e+00 5.049999999999999822e+00 3.450000000000000178e+00 7.719999999999999751e+00 -1.000000000000000000e+00 3.390000000000000124e+00 2.399999999999999911e+00 4.450000000000000178e+00
-1.000000000000000000e+00 3.640000000000000124e+00 7.509999999999999787e+00 5.019999999999999574e+00 3.490000000000000213e+00 7.730000000000000426e+00 -1.000000000000000000e+00 3.470000000000000195e+00 2.390000000000000124e+00 4.400000000000000355e+00
-1.000000000000000000e+00 3.720000000000000195e+00 7.580000000000000071e+00 5.049999999999999822e+00 3.399999999999999911e+00 7.990000000000000213e+00 -1.000000000000000000e+00 3.470000000000000195e+00 2.399999999999999911e+00 4.450000000000000178e+00
-1.000000000000000000e+00 3.700000000000000178e+00 7.530000000000000249e+00 4.990000000000000213e+00 3.430000000000000160e+00 8.349999999999999645e+00 -1.000000000000000000e+00 3.419999999999999929e+00 2.419999999999999929e+00 4.450000000000000178e+00
-1.000000000000000000e+00 3.640000000000000124e+00 7.559999999999999609e+00 4.990000000000000213e+00 3.399999999999999911e+00 7.820000000000000284e+00 -1.000000000000000000e+00 3.450000000000000178e+00 2.379999999999999893e+00 4.429999999999999716e+00
-1.000000000000000000e+00 3.759999999999999787e+00 7.559999999999999609e+00 5.040000000000000036e+00 3.470000000000000195e+00 7.790000000000000036e+00 -1.000000000000000000e+00 3.459999999999999964e+00 2.399999999999999911e+00 4.410000000000000142e+00
-1.000000000000000000e+00 3.669999999999999929e+00 7.509999999999999787e+00 5.080000000000000071e+00 3.419999999999999929e+00 8.060000000000000497e+00 -1.000000000000000000e+00 3.450000000000000178e+00 2.419999999999999929e+00 4.379999999999999893e+00
-1.000000000000000000e+00 3.700000000000000178e+00 7.570000000000000284e+00 5.030000000000000249e+00 3.430000000000000160e+00 7.759999999999999787e+00 -1.000000000000000000e+00 3.470000000000000195e+00 2.430000000000000160e+00 4.400000000000000355e+00
-1.000000000000000000e+00 3.709999999999999964e+00 7.500000000000000000e+00 4.990000000000000213e+00 3.479999999999999982e+00 7.830000000000000071e+00 -1.000000000000000000e+00 3.500000000000000000e+00 2.390000000000000124e+00 4.410000000000000142e+00
-1.000000000000000000e+00 3.779999999999999805e+00 7.549999999999999822e+00 5.019999999999999574e+00 3.430000000000000160e+00 7.870000000000000107e+00 -1.000000000000000000e+00 3.399999999999999911e+00 2.410000000000000142e+00 4.419999999999999929e+00
-1.000000000000000000e+00 3.669999999999999929e+00 7.530000000000000249e+00 5.019999999999999574e+00 3.490000000000000213e+00 7.799999999999999822e+00 -1.000000000000000000e+00 3.430000000000000160e+00 2.410000000000000142e+00 4.429999999999999716e+00
-1.000000000000000000e+00 3.740000000000000213e+00 7.490000000000000213e+00 5.030000000000000249e+00 3.430000000000000160e+00 7.679999999999999716e+00 -1.000000000000000000e+00 3.419999999999999929e+00 2.370000000000000107e+00 4.540000000000000036e+00
-1.000000000000000000e+00 3.620000000000000107e+00 7.519999999999999574e+00 5.049999999999999822e+00 3.509999999999999787e+00 8.380000000000000782e+00 -1.000000000000000000e+00 3.410000000000000142e+00 2.370000000000000107e+00 4.469999999999999751e+00
-1.000000000000000000e+00 3.689999999999999947e+00 7.570000000000000284e+00 4.980000000000000426e+00 3.439999999999999947e+00 8.419999999999999929e+00 -1.000000000000000000e+00 3.410000000000000142e+00 2.430000000000000160e+00 4.410000000000000142e+00
-1.000000000000000000e+00 3.720000000000000195e+00 7.440000000000000391e+00 4.990000000000000213e+00 3.419999999999999929e+00 7.809999999999999609e+00 -1.000000000000000000e+00 3.430000000000000160e+00 2.399999999999999911e+00 4.379999999999999893e+00
-1.000000000000000000e+00 3.680000000000000160e+00 7.509999999999999787e+00 4.990000000000000213e+00 3.410000000000000142e+00 7.860000000000000320e+00 -1.000000000000000000e+00 3.379999999999999893e+00 2.430000000000000160e+00 4.400000000000000355e+00
-1.000000000000000000e+00 3.649999999999999911e+00 7.530000000000000249e+00 5.009999999999999787e+00 3.470000000000000195e+00 7.799999999999999822e+00 -1.000000000000000000e+00 3.419999999999999929e+00 2.450000000000000178e+00 4.379999999999999893e+00
-1.000000000000000000e+00 3.680000000000000160e+00 7.549999999999999822e+00 5.040000000000000036e+00 3.450000000000000178e+00 7.889999999999999680e+00 -1.000000000000000000e+00 3.370000000000000107e+00 2.399999999999999911e+00 4.440000000000000391e+00
-1.000000000000000000e+00 3.709999999999999964e+00 7.509999999999999787e+00 5.049999999999999822e+00 3.459999999999999964e+00 7.830000000000000071e+00 -1.000000000000000000e+00 3.439999999999999947e+00 2.410000000000000142e+00 4.400000000000000355e+00
-1.000000000000000000e+00 3.689999999999999947e+00 7.610000000000000320e+00 5.040000000000000036e+00 3.470000000000000195e+00 7.790000000000000036e+00 -1.000000000000000000e+00 3.479999999999999982e+00 2.390000000000000124e+00 4.429999999999999716e+00
-1.000000000000000000e+00 3.629999999999999893e+00 7.540000000000000036e+00 4.959999999999999964e+00 3.430000000000000160e+00 7.780000000000000249e+00 -1.000000000000000000e+00 3.439999999999999947e+00 2.439999999999999947e+00 4.410000000000000142e+00
-1.000000000000000000e+00 3.830000000000000071e+00 7.500000000000000000e+00 5.049999999999999822e+00 3.479999999999999982e+00 7.730000000000000426e+00 -1.000000000000000000e+00 3.450000000000000178e+00 2.430000000000000160e+00 4.450000000000000178e+00
-1.000000000000000000e+00 3.689999999999999947e+00 7.530000000000000249e+00 4.969999999999999751e+00 3.430000000000000160e+00 7.849999999999999645e+00 -1.000000000000000000e+00 3.459999999999999964e+00 2.410000000000000142e+00 4.429999999999999716e+00
-1.000000000000000000e+00 3.689999999999999947e+00 7.540000000000000036e+00 4.969999999999999751e+00 3.399999999999999911e+00 7.759999999999999787e+00 -1.000000000000000000e+00 3.479999999999999982e+00 2.370000000000000107e+00 4.450000000000000178e+00
-1.000000000000000000e+00 3.660000000000000142e+00 7.509999999999999787e+00 5.049999999999999822e+00 3.470000000000000195e+00 7.709999999999999964e+00 -1.000000000000000000e+00 3.350000000000000089e+00 2.419999999999999929e+00 4.429999999999999716e+00
-1.000000000000000000e+00 3.669999999999999929e+00 7.540000000000000036e+00 5.009999999999999787e+00 3.459999999999999964e+00 7.940000000000000391e+00 -1.000000000000000000e+00 3.410000000000000142e+00 2.419999999999999929e+00 4.419999999999999929e+00
-1.000000000000000000e+00 3.709999999999999964e+00 7.469999999999999751e+00 5.040000000000000036e+00 3.459999999999999964e+00 7.870000000000000107e+00 -1.000000000000000000e+00 3.410000000000000142e+00 2.390000000000000124e+00 4.389999999999999680e+00
-1.000000000000000000e+00 3.759999999999999787e+00 7.580000000000000071e+00 4.969999999999999751e+00 3.390000000000000124e+00 7.719999999999999751e+00 -1.000000000000000000e+00 3.430000000000000160e+00 2.390000000000000124e+00 4.440000000000000391e+00
-1.000000000000000000e+00 3.660000000000000142e+00 7.549999999999999822e+00 5.009999999999999787e+00 3.450000000000000178e+00 7.650000000000000355e+00 -1.000000000000000000e+00 3.439999999999999947e+00 2.390000000000000124e+00 4.429999999999999716e+00
-1.000000000000000000e+00 3.669999999999999929e+00 7.469999999999999751e+00 5.049999999999999822e+00 3.459999999999999964e+00 7.629999999999999893e+00 -1.000000000000000000e+00 3.390000000000000124e+00 2.410000000000000142e+00 4.440000000000000391e+00
-1.000000000000000000e+00 3.689999999999999947e+00 7.519999999999999574e+00 4.969999999999999751e+00 3.419999999999999929e+00 7.780000000000000249e+00 -1.000000000000000000e+00 3.470000000000000195e+00 2.430000000000000160e+00 4.440000000000000391e+00
-1.000000000000000000e+00 3.720000000000000195e+00 7.599999999999999645e+00 5.019999999999999574e+00 3.430000000000000160e+00 7.790000000000000036e+00 -1.000000000000000000e+00 3.450000000000000178e+00 2.390000000000000124e+00 4.440000000000000391e+00
