-1.000000000000000000e+00 -1.000000000000000000e+00 -1.000000000000000000e+00 -1.000000000000000000e+00 -1.000000000000000000e+00 -1.000000000000000000e+00 -1.000000000000000000e+00 -1.000000000000000000e+00 -1.000000000000000000e+00 -1.000000000000000000e+00
4.559999999999999609e+00 1.620000000000000107e+00 5.280000000000000249e+00 8.000000000000000444e-01 3.390000000000000124e+00 4.910000000000000142e+00 -1.000000000000000000e+00 2.970000000000000195e+00 3.560000000000000053e+00 -1.000000000000000000e+00
4.480000000000000426e+00 1.629999999999999893e+00 5.330000000000000071e+00 7.399999999999999911e-01 3.850000000000000089e+00 4.870000000000000107e+00 -1.000000000000000000e+00 3.629999999999999893e+00 3.560000000000000053e+00 -1.000000000000000000e+00
4.490000000000000213e+00 1.649999999999999911e+00 5.330000000000000071e+00 8.000000000000000444e-01 -1.000000000000000000e+00 4.849999999999999645e+00 -1.000000000000000000e+00 3.970000000000000195e+00 3.560000000000000053e+00 -1.000000000000000000e+00
4.570000000000000284e+00 1.629999999999999893e+00 5.330000000000000071e+00 7.399999999999999911e-01 3.379999999999999893e+00 4.839999999999999858e+00 -1.000000000000000000e+00 2.870000000000000107e+00 3.569999999999999840e+00 -1.000000000000000000e+00
4.490000000000000213e+00 1.610000000000000098e+00 5.290000000000000036e+00 7.399999999999999911e-01 3.879999999999999893e+00 4.820000000000000284e+00 -1.000000000000000000e+00 2.979999999999999982e+00 3.549999999999999822e+00 -1.000000000000000000e+00
4.540000000000000036e+00 1.669999999999999929e+00 5.299999999999999822e+00 7.800000000000000266e-01 3.770000000000000018e+00 4.910000000000000142e+00 -1.000000000000000000e+00 2.779999999999999805e+00 3.549999999999999822e+00 -1.000000000000000000e+00
4.480000000000000426e+00 1.639999999999999902e+00 5.349999999999999645e+00 7.700000000000000178e-01 3.419999999999999929e+00 4.860000000000000320e+00 -1.000000000000000000e+00 2.859999999999999876e+00 3.529999999999999805e+00 -1.000000000000000000e+00
4.519999999999999574e+00 1.699999999999999956e+00 5.330000000000000071e+00 6.999999999999999556e-01 3.859999999999999876e+00 4.849999999999999645e+00 -1.000000000000000000e+00 3.029999999999999805e+00 3.620000000000000107e+00 -1.000000000000000000e+00
4.540000000000000036e+00 -1.000000000000000000e+00 5.280000000000000249e+00 7.600000000000000089e-01 3.370000000000000107e+00 4.860000000000000320e+00 -1.000000000000000000e+00 4.080000000000000071e+00 3.540000000000000036e+00 -1.000000000000000000e+00
4.440000000000000391e+00 1.620000000000000107e+00 5.309999999999999609e+00 6.500000000000000222e-01 3.410000000000000142e+00 4.849999999999999645e+00 -1.000000000000000000e+00 -1.000000000000000000e+00 3.589999999999999858e+00 -1.000000000000000000e+00
4.519999999999999574e+00 1.659999999999999920e+00 5.330000000000000071e+00 8.000000000000000444e-01 3.729999999999999982e+00 4.849999999999999645e+00 -1.000000000000000000e+00 3.729999999999999982e+00 3.589999999999999858e+00 -1.000000000000000000e+00
4.540000000000000036e+00 1.629999999999999893e+00 5.330000000000000071e+00 6.999999999999999556e-01 3.779999999999999805e+00 4.870000000000000107e+00 -1.000000000000000000e+00 3.720000000000000195e+00 3.640000000000000124e+00 -1.000000000000000000e+00
4.490000000000000213e+00 1.659999999999999920e+00 5.339999999999999858e+00 8.100000000000000533e-01 3.419999999999999929e+00 4.839999999999999858e+00 -1.000000000000000000e+00 3.669999999999999929e+00 3.549999999999999822e+00 -1.000000000000000000e+00
4.530000000000000249e+00 1.669999999999999929e+00 5.269999999999999574e+00 7.900000000000000355e-01 3.819999999999999840e+00 4.820000000000000284e+00 -1.000000000000000000e+00 4.849999999999999645e+00 3.560000000000000053e+00 -1.000000000000000000e+00
4.519999999999999574e+00 1.639999999999999902e+00 5.309999999999999609e+00 7.399999999999999911e-01 3.810000000000000053e+00 4.830000000000000071e+00 -1.000000000000000000e+00 3.600000000000000089e+00 3.560000000000000053e+00 -1.000000000000000000e+00
4.459999999999999964e+00 1.600000000000000089e+00 5.349999999999999645e+00 7.600000000000000089e-01 3.350000000000000089e+00 4.790000000000000036e+00 -1.000000000000000000e+00 3.709999999999999964e+00 3.580000000000000071e+00 -1.000000000000000000e+00
4.519999999999999574e+00 1.620000000000000107e+00 5.280000000000000249e+00 7.399999999999999911e-01 3.830000000000000071e+00 4.839999999999999858e+00 -1.000000000000000000e+00 4.169999999999999929e+00 3.560000000000000053e+00 -1.000000000000000000e+00
4.509999999999999787e+00 1.629999999999999893e+00 5.259999999999999787e+00 7.500000000000000000e-01 3.770000000000000018e+00 4.799999999999999822e+00 -1.000000000000000000e+00 2.839999999999999858e+00 3.560000000000000053e+00 -1.000000000000000000e+00
4.530000000000000249e+00 1.669999999999999929e+00 5.370000000000000107e+00 7.099999999999999645e-01 3.779999999999999805e+00 4.849999999999999645e+00 -1.000000000000000000e+00 2.970000000000000195e+00 3.609999999999999876e+00 -1.000000000000000000e+00
4.519999999999999574e+00 1.620000000000000107e+00 5.339999999999999858e+00 7.500000000000000000e-01 3.830000000000000071e+00 4.830000000000000071e+00 -1.000000000000000000e+00 3.950000000000000178e+00 3.589999999999999858e+00 -1.000000000000000000e+00
4.500000000000000000e+00 1.620000000000000107e+00 5.280000000000000249e+00 7.600000000000000089e-01 3.419999999999999929e+00 4.870000000000000107e+00 -1.000000000000000000e+00 2.890000000000000124e+00 3.629999999999999893e+00 -1.000000000000000000e+00
4.570000000000000284e+00 1.659999999999999920e+00 5.280000000000000249e+00 7.700000000000000178e-01 3.850000000000000089e+00 4.809999999999999609e+00 -1.000000000000000000e+00 3.020000000000000018e+00 3.540000000000000036e+00 -1.000000000000000000e+00
4.440000000000000391e+00 1.699999999999999956e+00 5.419999999999999929e+00 7.800000000000000266e-01 3.810000000000000053e+00 4.809999999999999609e+00 -1.000000000000000000e+00 3.990000000000000213e+00 3.600000000000000089e+00 -1.000000000000000000e+00
4.509999999999999787e+00 1.610000000000000098e+00 5.259999999999999787e+00 7.500000000000000000e-01 3.799999999999999822e+00 4.870000000000000107e+00 -1.000000000000000000e+00 4.200000000000000178e+00 3.549999999999999822e+00 -1.000000000000000000e+00
4.500000000000000000e+00 1.639999999999999902e+00 5.280000000000000249e+00 7.299999999999999822e-01 3.770000000000000018e+00 4.900000000000000355e+00 -1.000000000000000000e+00 4.240000000000000213e+00 3.600000000000000089e+00 -1.000000000000000000e+00
4.530000000000000249e+00 1.649999999999999911e+00 5.309999999999999609e+00 7.600000000000000089e-01 3.419999999999999929e+00 4.740000000000000213e+00 -1.000000000000000000e+00 3.049999999999999822e+00 3.560000000000000053e+00 -1.000000000000000000e+00
4.490000000000000213e+00 1.659999999999999920e+00 5.309999999999999609e+00 7.800000000000000266e-01 3.450000000000000178e+00 4.860000000000000320e+00 -1.000000000000000000e+00 4.139999999999999680e+00 3.540000000000000036e+00 -1.000000000000000000e+00
4.559999999999999609e+00 1.639999999999999902e+00 5.299999999999999822e+00 7.299999999999999822e-01 3.799999999999999822e+00 4.830000000000000071e+00 -1.000000000000000000e+00 4.820000000000000284e+00 3.589999999999999858e+00 -1.000000000000000000e+00
4.509999999999999787e+00 1.679999999999999938e+00 5.299999999999999822e+00 7.399999999999999911e-01 3.390000000000000124e+00 4.830000000000000071e+00 -1.000000000000000000e+00 -1.000000000000000000e+00 3.609999999999999876e+00 -1.000000000000000000e+00
4.519999999999999574e+00 1.629999999999999893e+00 5.339999999999999858e+00 7.600000000000000089e-01 3.799999999999999822e+00 4.889999999999999680e+00 -1.000000000000000000e+00 2.959999999999999964e+00 3.600000000000000089e+00 -1.000000000000000000e+00
4.540000000000000036e+00 1.649999999999999911e+00 5.320000000000000284e+00 7.399999999999999911e-01 3.379999999999999893e+00 4.730000000000000426e+00 -1.000000000000000000e+00 2.939999999999999947e+00 3.620000000000000107e+00 -1.000000000000000000e+00
4.540000000000000036e+00 1.659999999999999920e+00 5.309999999999999609e+00 8.199999999999999512e-01 3.859999999999999876e+00 4.830000000000000071e+00 -1.000000000000000000e+00 3.680000000000000160e+00 3.549999999999999822e+00 -1.000000000000000000e+00
4.490000000000000213e+00 1.629999999999999893e+00 5.330000000000000071e+00 7.700000000000000178e-01 3.410000000000000142e+00 4.839999999999999858e+00 -1.000000000000000000e+00 3.029999999999999805e+00 3.640000000000000124e+00 -1.000000000000000000e+00
4.500000000000000000e+00 1.699999999999999956e+00 5.320000000000000284e+00 7.900000000000000355e-01 3.810000000000000053e+00 4.910000000000000142e+00 -1.000000000000000000e+00 3.490000000000000213e+00 3.560000000000000053e+00 -1.000000000000000000e+00
4.500000000000000000e+00 1.669999999999999929e+00 5.320000000000000284e+00 7.900000000000000355e-01 3.379999999999999893e+00 4.870000000000000107e+00 -1.000000000000000000e+00 3.830000000000000071e+00 3.560000000000000053e+00 -1.000000000000000000e+00
4.500000000000000000e+00 1.649999999999999911e+00 5.250000000000000000e+00 -1.000000000000000000e+00 3.839999999999999858e+00 4.830000000000000071e+00 -1.000000000000000000e+00 3.009999999999999787e+00 3.620000000000000107e+00 -1.000000000000000000e+00
4.519999999999999574e+00 1.639999999999999902e+00 5.370000000000000107e+00 7.299999999999999822e-01 3.419999999999999929e+00 4.830000000000000071e+00 -1.000000000000000000e+00 2.910000000000000142e+00 3.569999999999999840e+00 -1.000000000000000000e+00
4.530000000000000249e+00 1.639999999999999902e+00 5.339999999999999858e+00 7.199999999999999734e-01 3.430000000000000160e+00 4.830000000000000071e+00 -1.000000000000000000e+00 3.770000000000000018e+00 3.549999999999999822e+00 -1.000000000000000000e+00
4.540000000000000036e+00 1.629999999999999893e+00 5.299999999999999822e+00 7.399999999999999911e-01 3.410000000000000142e+00 4.910000000000000142e+00 -1.000000000000000000e+00 2.890000000000000124e+00 3.580000000000000071e+00 -1.000000000000000000e+00
4.530000000000000249e+00 1.620000000000000107e+00 5.299999999999999822e+00 7.299999999999999822e-01 3.399999999999999911e+00 4.910000000000000142e+00 -1.000000000000000000e+00 4.160000000000000142e+00 3.589999999999999858e+00 -1.000000000000000000e+00
4.500000000000000000e+00 1.620000000000000107e+00 5.299999999999999822e+00 7.099999999999999645e-01 3.410000000000000142e+00 4.740000000000000213e+00 -1.000000000000000000e+00 3.649999999999999911e+00 3.589999999999999858e+00 -1.000000000000000000e+00
4.540000000000000036e+00 1.629999999999999893e+00 5.309999999999999609e+00 6.999999999999999556e-01 3.839999999999999858e+00 4.919999999999999929e+00 -1.000000000000000000e+00 3.049999999999999822e+00 3.589999999999999858e+00 -1.000000000000000000e+00
4.500000000000000000e+00 1.629999999999999893e+00 5.299999999999999822e+00 7.299999999999999822e-01 3.850000000000000089e+00 4.830000000000000071e+00 -1.000000000000000000e+00 3.770000000000000018e+00 3.589999999999999858e+00 -1.000000000000000000e+00
4.530000000000000249e+00 1.639999999999999902e+00 -1.000000000000000000e+00 7.800000000000000266e-01 3.450000000000000178e+00 4.830000000000000071e+00 -1.000000000000000000e+00 3.080000000000000071e+00 3.569999999999999840e+00 -1.000000000000000000e+00
4.530000000000000249e+00 1.629999999999999893e+00 5.339999999999999858e+00 6.999999999999999556e-01 3.810000000000000053e+00 4.929999999999999716e+00 -1.000000000000000000e+00 3.069999999999999840e+00 3.529999999999999805e+00 -1.000000000000000000e+00
4.549999999999999822e+00 1.610000000000000098e+00 5.280000000000000249e+00 7.800000000000000266e-01 3.419999999999999929e+00 4.830000000000000071e+00 -1.000000000000000000e+00 3.750000000000000000e+00 3.580000000000000071e+00 -1.000000000000000000e+00
4.490000000000000213e+00 1.620000000000000107e+00 5.339999999999999858e+00 7.399999999999999911e-01 3.399999999999999911e+00 4.809999999999999609e+00 -1.000000000000000000e+00 4.160000000000000142e+00 3.609999999999999876e+00 -1.000000000000000000e+00
4.530000000000000249e+00 1.620000000000000107e+00 5.330000000000000071e+00 7.800000000000000266e-01 3.439999999999999947e+00 4.830000000000000071e+00 -1.000000000000000000e+00 3.020000000000000018e+00 3.600000000000000089e+00 -1.000000000000000000e+00
4.509999999999999787e+00 1.639999999999999902e+00 5.290000000000000036e+00 7.900000000000000355e-01 3.819999999999999840e+00 4.860000000000000320e+00 -1.000000000000000000e+00 3.620000000000000107e+00 3.589999999999999858e+00 -1.000000000000000000e+00
4.509999999999999787e+00 1.629999999999999893e+00 5.290000000000000036e+00 7.800000000000000266e-01 3.850000000000000089e+00 4.860000000000000320e+00 -1.000000000000000000e+00 3.660000000000000142e+00 3.589999999999999858e+00 -1.000000000000000000e+00
4.459999999999999964e+00 1.620000000000000107e+00 5.269999999999999574e+00 7.800000000000000266e-01 3.830000000000000071e+00 4.889999999999999680e+00 -1.000000000000000000e+00 3.060000000000000053e+00 3.540000000000000036e+00 -1.000000000000000000e+00
4.509999999999999787e+00 1.649999999999999911e+00 5.379999999999999893e+00 7.900000000000000355e-01 3.379999999999999893e+00 4.900000000000000355e+00 -1.000000000000000000e+00 4.070000000000000284e+00 3.549999999999999822e+00 -1.000000000000000000e+00
4.509999999999999787e+00 1.639999999999999902e+00 5.280000000000000249e+00 7.500000000000000000e-01 3.720000000000000195e+00 4.919999999999999929e+00 -1.000000000000000000e+00 2.919999999999999929e+00 3.569999999999999840e+00 -1.000000000000000000e+00
4.509999999999999787e+00 1.639999999999999902e+00 5.370000000000000107e+00 7.600000000000000089e-01 3.439999999999999947e+00 4.830000000000000071e+00 -1.000000000000000000e+00 2.910000000000000142e+00 3.560000000000000053e+00 -1.000000000000000000e+00
4.480000000000000426e+00 1.639999999999999902e+00 5.330000000000000071e+00 7.600000000000000089e-01 3.790000000000000036e+00 4.820000000000000284e+00 -1.000000000000000000e+00 4.769999999999999574e+00 3.560000000000000053e+00 -1.000000000000000000e+00
4.549999999999999822e+00 1.649999999999999911e+00 5.280000000000000249e+00 7.700000000000000178e-01 3.339999999999999858e+00 4.820000000000000284e+00 -1.000000000000000000e+00 -1.000000000000000000e+00 3.569999999999999840e+00 -1.000000000000000000e+00
4.469999999999999751e+00 1.620000000000000107e+00 5.290000000000000036e+00 7.900000000000000355e-01 3.410000000000000142e+00 4.839999999999999858e+00 -1.000000000000000000e+00 4.490000000000000213e+00 3.589999999999999858e+00 -1.000000000000000000e+00
4.500000000000000000e+00 1.629999999999999893e+00 5.230000000000000426e+00 8.199999999999999512e-01 3.390000000000000124e+00 4.740000000000000213e+00 -1.000000000000000000e+00 3.100000000000000089e+00 3.609999999999999876e+00 -1.000000000000000000e+00
4.480000000000000426e+00 1.659999999999999920e+00 5.309999999999999609e+00 7.199999999999999734e-01 3.799999999999999822e+00 4.809999999999999609e+00 -1.000000000000000000e+00 4.150000000000000355e+00 3.549999999999999822e+00 -1.000000000000000000e+00
4.500000000000000000e+00 1.629999999999999893e+00 5.330000000000000071e+00 7.299999999999999822e-01 3.419999999999999929e+00 4.769999999999999574e+00 -1.000000000000000000e+00 3.060000000000000053e+00 3.589999999999999858e+00 -1.000000000000000000e+00
4.480000000000000426e+00 1.649999999999999911e+00 5.299999999999999822e+00 7.399999999999999911e-01 3.419999999999999929e+00 4.929999999999999716e+00 -1.000000000000000000e+00 4.040000000000000036e+00 3.569999999999999840e+00 -1.000000000000000000e+00
4.519999999999999574e+00 1.679999999999999938e+00 5.299999999999999822e+00 7.700000000000000178e-01 3.810000000000000053e+00 4.780000000000000249e+00 -1.000000000000000000e+00 2.879999999999999893e+00 3.529999999999999805e+00 -1.000000000000000000e+00
4.469999999999999751e+00 1.709999999999999964e+00 5.309999999999999609e+00 6.800000000000000488e-01 3.700000000000000178e+00 4.849999999999999645e+00 -1.000000000000000000e+00 3.609999999999999876e+00 3.560000000000000053e+00 -1.000000000000000000e+00
4.549999999999999822e+00 1.600000000000000089e+00 5.360000000000000320e+00 7.800000000000000266e-01 3.410000000000000142e+00 4.910000000000000142e+00 -1.000000000000000000e+00 3.009999999999999787e+00 3.600000000000000089e+00 -1.000000000000000000e+00
4.580000000000000071e+00 1.629999999999999893e+00 5.290000000000000036e+00 7.500000000000000000e-01 3.430000000000000160e+00 4.790000000000000036e+00 -1.000000000000000000e+00 4.110000000000000320e+00 3.549999999999999822e+00 -1.000000000000000000e+00
4.509999999999999787e+00 1.580000000000000071e+00 5.330000000000000071e+00 7.099999999999999645e-01 3.810000000000000053e+00 4.830000000000000071e+00 -1.000000000000000000e+00 2.950000000000000178e+00 3.580000000000000071e+00 -1.000000000000000000e+00
4.500000000000000000e+00 1.629999999999999893e+00 5.309999999999999609e+00 8.000000000000000444e-01 3.379999999999999893e+00 4.750000000000000000e+00 -1.000000000000000000e+00 2.970000000000000195e+00 3.540000000000000036e+00 -1.000000000000000000e+00
4.540000000000000036e+00 1.669999999999999929e+00 5.320000000000000284e+00 7.800000000000000266e-01 3.419999999999999929e+00 4.830000000000000071e+00 -1.000000000000000000e+00 4.799999999999999822e+00 3.629999999999999893e+00 -1.000000000000000000e+00
4.540000000000000036e+00 1.639999999999999902e+00 5.309999999999999609e+00 7.600000000000000089e-01 3.879999999999999893e+00 4.809999999999999609e+00 -1.000000000000000000e+00 4.160000000000000142e+00 3.560000000000000053e+00 -1.000000000000000000e+00
4.530000000000000249e+00 1.649999999999999911e+00 5.269999999999999574e+00 6.999999999999999556e-01 3.339999999999999858e+00 4.769999999999999574e+00 -1.000000000000000000e+00 3.680000000000000160e+00 3.589999999999999858e+00 -1.000000000000000000e+00
4.519999999999999574e+00 1.639999999999999902e+00 5.269999999999999574e+00 7.099999999999999645e-01 3.410000000000000142e+00 4.809999999999999609e+00 -1.000000000000000000e+00 4.459999999999999964e+00 3.560000000000000053e+00 -1.000000000000000000e+00
4.509999999999999787e+00 1.669999999999999929e+00 5.290000000000000036e+00 7.700000000000000178e-01 3.379999999999999893e+00 4.809999999999999609e+00 -1.000000000000000000e+00 3.009999999999999787e+00 3.589999999999999858e+00 -1.000000000000000000e+00
4.519999999999999574e+00 1.620000000000000107e+00 5.360000000000000320e+00 7.500000000000000000e-01 3.839999999999999858e+00 4.849999999999999645e+00 -1.000000000000000000e+00 3.069999999999999840e+00 3.580000000000000071e+00 -1.000000000000000000e+00
4.519999999999999574e+00 1.649999999999999911e+00 5.309999999999999609e+00 7.800000000000000266e-01 3.399999999999999911e+00 4.860000000000000320e+00 -1.000000000000000000e+00 3.669999999999999929e+00 3.589999999999999858e+00 -1.000000000000000000e+00
4.519999999999999574e+00 1.649999999999999911e+00 5.320000000000000284e+00 7.299999999999999822e-01 3.410000000000000142e+00 4.809999999999999609e+00 -1.000000000000000000e+00 2.990000000000000213e+00 3.589999999999999858e+00 -1.000000000000000000e+00
4.540000000000000036e+00 1.689999999999999947e+00 5.339999999999999858e+00 7.600000000000000089e-01 3.799999999999999822e+00 4.870000000000000107e+00 -1.000000000000000000e+00 3.629999999999999893e+00 3.549999999999999822e+00 -1.000000000000000000e+00
4.530000000000000249e+00 1.639999999999999902e+00 5.320000000000000284e+00 7.600000000000000089e-01 3.790000000000000036e+00 4.839999999999999858e+00 -1.000000000000000000e+00 2.970000000000000195e+00 3.560000000000000053e+00 -1.000000000000000000e+00
4.530000000000000249e+00 1.659999999999999920e+00 5.330000000000000071e+00 7.900000000000000355e-01 3.410000000000000142e+00 4.860000000000000320e+00 -1.000000000000000000e+00 4.129999999999999893e+00 3.580000000000000071e+00 -1.000000000000000000e+00
4.540000000000000036e+00 1.620000000000000107e+00 5.290000000000000036e+00 7.199999999999999734e-01 3.810000000000000053e+00 4.860000000000000320e+00 -1.000000000000000000e+00 2.930000000000000160e+00 3.600000000000000089e+00 -1.000000000000000000e+00
4.509999999999999787e+00 1.629999999999999893e+00 5.299999999999999822e+00 7.600000000000000089e-01 3.350000000000000089e+00 4.790000000000000036e+00 -1.000000000000000000e+00 3.109999999999999876e+00 3.529999999999999805e+00 -1.000000000000000000e+00
4.530000000000000249e+00 1.639999999999999902e+00 5.240000000000000213e+00 8.199999999999999512e-01 3.379999999999999893e+00 4.879999999999999893e+00 -1.000000000000000000e+00 3.689999999999999947e+00 3.569999999999999840e+00 -1.000000000000000000e+00
4.549999999999999822e+00 1.669999999999999929e+00 5.360000000000000320e+00 6.600000000000000311e-01 3.430000000000000160e+00 4.830000000000000071e+00 -1.000000000000000000e+00 2.700000000000000178e+00 3.569999999999999840e+00 -1.000000000000000000e+00
4.500000000000000000e+00 1.669999999999999929e+00 5.309999999999999609e+00 7.700000000000000178e-01 3.859999999999999876e+00 4.879999999999999893e+00 -1.000000000000000000e+00 3.759999999999999787e+00 3.529999999999999805e+00 -1.000000000000000000e+00
4.559999999999999609e+00 1.649999999999999911e+00 5.280000000000000249e+00 7.700000000000000178e-01 -1.000000000000000000e+00 4.839999999999999858e+00 -1.000000000000000000e+00 -1.000000000000000000e+00 3.529999999999999805e+00 -1.000000000000000000e+00
4.509999999999999787e+00 1.679999999999999938e+00 5.339999999999999858e+00 7.800000000000000266e-01 3.399999999999999911e+00 4.830000000000000071e+00 -1.000000000000000000e+00 3.720000000000000195e+00 3.560000000000000053e+00 -1.000000000000000000e+00
4.500000000000000000e+00 1.699999999999999956e+00 5.389999999999999680e+00 7.800000000000000266e-01 3.419999999999999929e+00 4.870000000000000107e+00 -1.000000000000000000e+00 4.879999999999999893e+00 3.589999999999999858e+00 -1.000000000000000000e+00
4.509999999999999787e+00 1.649999999999999911e+00 5.280000000000000249e+00 7.099999999999999645e-01 3.410000000000000142e+00 4.860000000000000320e+00 -1.000000000000000000e+00 3.589999999999999858e+00 3.549999999999999822e+00 -1.000000000000000000e+00
4.490000000000000213e+00 1.620000000000000107e+00 5.330000000000000071e+00 7.099999999999999645e-01 3.419999999999999929e+00 4.759999999999999787e+00 -1.000000000000000000e+00 -1.000000000000000000e+00 3.549999999999999822e+00 -1.000000000000000000e+00
4.549999999999999822e+00 1.659999999999999920e+00 5.339999999999999858e+00 7.199999999999999734e-01 3.450000000000000178e+00 4.910000000000000142e+00 -1.000000000000000000e+00 3.759999999999999787e+00 3.520000000000000018e+00 -1.000000000000000000e+00
4.509999999999999787e+00 1.629999999999999893e+00 5.280000000000000249e+00 7.600000000000000089e-01 3.390000000000000124e+00 4.860000000000000320e+00 -1.000000000000000000e+00 4.139999999999999680e+00 3.580000000000000071e+00 -1.000000000000000000e+00
4.559999999999999609e+00 1.610000000000000098e+00 5.379999999999999893e+00 7.800000000000000266e-01 3.410000000000000142e+00 4.809999999999999609e+00 -1.000000000000000000e+00 3.009999999999999787e+00 3.549999999999999822e+00 -1.000000000000000000e+00
4.509999999999999787e+00 1.620000000000000107e+00 5.320000000000000284e+00 7.700000000000000178e-01 3.450000000000000178e+00 4.940000000000000391e+00 -1.000000000000000000e+00 4.129999999999999893e+00 3.569999999999999840e+00 -1.000000000000000000e+00
4.570000000000000284e+00 1.620000000000000107e+00 5.330000000000000071e+00 7.099999999999999645e-01 3.830000000000000071e+00 4.910000000000000142e+00 -1.000000000000000000e+00 3.069999999999999840e+00 3.629999999999999893e+00 -1.000000000000000000e+00
4.540000000000000036e+00 1.699999999999999956e+00 5.219999999999999751e+00 7.700000000000000178e-01 4.179999999999999716e+00 4.870000000000000107e+00 -1.000000000000000000e+00 3.020000000000000018e+00 3.600000000000000089e+00 -1.000000000000000000e+00
4.580000000000000071e+00 1.649999999999999911e+00 5.330000000000000071e+00 7.099999999999999645e-01 3.850000000000000089e+00 4.790000000000000036e+00 -1.000000000000000000e+00 2.979999999999999982e+00 3.609999999999999876e+00 -1.000000000000000000e+00
4.530000000000000249e+00 1.620000000000000107e+00 5.339999999999999858e+00 7.199999999999999734e-01 3.770000000000000018e+00 4.759999999999999787e+00 -1.000000000000000000e+00 -1.000000000000000000e+00 3.569999999999999840e+00 -1.000000000000000000e+00
4.490000000000000213e+00 1.629999999999999893e+00 5.309999999999999609e+00 7.600000000000000089e-01 3.410000000000000142e+00 4.870000000000000107e+00 -1.000000000000000000e+00 3.040000000000000036e+00 3.490000000000000213e+00 -1.000000000000000000e+00
4.509999999999999787e+00 1.620000000000000107e+00 5.280000000000000249e+00 7.500000000000000000e-01 3.509999999999999787e+00 4.799999999999999822e+00 -1.000000000000000000e+00 4.160000000000000142e+00 3.560000000000000053e+00 -1.000000000000000000e+00
4.519999999999999574e+00 1.600000000000000089e+00 5.330000000000000071e+00 7.199999999999999734e-01 3.779999999999999805e+00 4.860000000000000320e+00 -1.000000000000000000e+00 3.089999999999999858e+00 3.560000000000000053e+00 -1.000000000000000000e+00
