-1.000000000000000000e+00 -1.000000000000000000e+00 -1.000000000000000000e+00 -1.000000000000000000e+00 -1.000000000000000000e+00 -1.000000000000000000e+00 -1.000000000000000000e+00 -1.000000000000000000e+00 -1.000000000000000000e+00 -1.000000000000000000e+00
3.859999999999999876e+00 -1.000000000000000000e+00 6.709999999999999964e+00 2.589999999999999858e+00 4.269999999999999574e+00 6.379999999999999893e+00 -1.000000000000000000e+00 -1.000000000000000000e+00 3.729999999999999982e+00 1.639999999999999902e+00
3.799999999999999822e+00 -1.000000000000000000e+00 6.719999999999999751e+00 2.479999999999999982e+00 4.209999999999999964e+00 6.389999999999999680e+00 -1.000000000000000000e+00 -1.000000000000000000e+00 3.720000000000000195e+00 1.620000000000000107e+00
3.810000000000000053e+00 -1.000000000000000000e+00 6.750000000000000000e+00 2.540000000000000036e+00 4.269999999999999574e+00 6.410000000000000142e+00 -1.000000000000000000e+00 -1.000000000000000000e+00 3.759999999999999787e+00 1.620000000000000107e+00
3.790000000000000036e+00 -1.000000000000000000e+00 6.719999999999999751e+00 2.589999999999999858e+00 4.219999999999999751e+00 6.320000000000000284e+00 -1.000000000000000000e+00 -1.000000000000000000e+00 3.759999999999999787e+00 1.590000000000000080e+00
3.830000000000000071e+00 -1.000000000000000000e+00 6.709999999999999964e+00 2.549999999999999822e+00 4.240000000000000213e+00 6.339999999999999858e+00 -1.000000000000000000e+00 -1.000000000000000000e+00 3.770000000000000018e+00 1.620000000000000107e+00
3.779999999999999805e+00 -1.000000000000000000e+00 6.750000000000000000e+00 2.529999999999999805e+00 4.219999999999999751e+00 6.429999999999999716e+00 -1.000000000000000000e+00 -1.000000000000000000e+00 3.709999999999999964e+00 1.659999999999999920e+00
3.850000000000000089e+00 -1.000000000000000000e+00 6.750000000000000000e+00 2.490000000000000213e+00 4.240000000000000213e+00 6.410000000000000142e+00 -1.000000000000000000e+00 -1.000000000000000000e+00 3.770000000000000018e+00 1.610000000000000098e+00
3.810000000000000053e+00 -1.000000000000000000e+00 6.719999999999999751e+00 2.470000000000000195e+00 4.209999999999999964e+00 6.400000000000000355e+00 -1.000000000000000000e+00 -1.000000000000000000e+00 3.700000000000000178e+00 1.600000000000000089e+00
3.779999999999999805e+00 -1.000000000000000000e+00 6.759999999999999787e+00 2.520000000000000018e+00 4.230000000000000426e+00 6.299999999999999822e+00 -1.000000000000000000e+00 -1.000000000000000000e+00 3.729999999999999982e+00 1.580000000000000071e+00
3.779999999999999805e+00 -1.000000000000000000e+00 6.719999999999999751e+00 2.549999999999999822e+00 4.219999999999999751e+00 6.379999999999999893e+00 -1.000000000000000000e+00 -1.000000000000000000e+00 3.709999999999999964e+00 1.629999999999999893e+00
3.790000000000000036e+00 -1.000000000000000000e+00 6.679999999999999716e+00 2.580000000000000071e+00 4.240000000000000213e+00 6.400000000000000355e+00 -1.000000000000000000e+00 -1.000000000000000000e+00 3.750000000000000000e+00 1.590000000000000080e+00
3.839999999999999858e+00 -1.000000000000000000e+00 6.759999999999999787e+00 2.589999999999999858e+00 4.259999999999999787e+00 6.410000000000000142e+00 -1.000000000000000000e+00 -1.000000000000000000e+00 3.720000000000000195e+00 1.639999999999999902e+00
3.720000000000000195e+00 -1.000000000000000000e+00 6.700000000000000178e+00 2.520000000000000018e+00 4.230000000000000426e+00 6.379999999999999893e+00 -1.000000000000000000e+00 -1.000000000000000000e+00 3.759999999999999787e+00 1.600000000000000089e+00
3.740000000000000213e+00 -1.000000000000000000e+00 6.730000000000000426e+00 2.500000000000000000e+00 4.259999999999999787e+00 6.419999999999999929e+00 -1.000000000000000000e+00 -1.000000000000000000e+00 3.759999999999999787e+00 1.580000000000000071e+00
3.870000000000000107e+00 -1.000000000000000000e+00 6.780000000000000249e+00 2.520000000000000018e+00 4.209999999999999964e+00 6.440000000000000391e+00 -1.000000000000000000e+00 -1.000000000000000000e+00 3.720000000000000195e+00 1.620000000000000107e+00
3.790000000000000036e+00 -1.000000000000000000e+00 6.709999999999999964e+00 2.470000000000000195e+00 4.219999999999999751e+00 6.370000000000000107e+00 -1.000000000000000000e+00 -1.000000000000000000e+00 3.680000000000000160e+00 1.620000000000000107e+00
3.810000000000000053e+00 -1.000000000000000000e+00 6.769999999999999574e+00 2.520000000000000018e+00 4.230000000000000426e+00 6.370000000000000107e+00 -1.000000000000000000e+00 -1.000000000000000000e+00 3.689999999999999947e+00 1.620000000000000107e+00
3.790000000000000036e+00 -1.000000000000000000e+00 6.759999999999999787e+00 2.520000000000000018e+00 4.269999999999999574e+00 6.379999999999999893e+00 -1.000000000000000000e+00 -1.000000000000000000e+00 3.729999999999999982e+00 1.610000000000000098e+00
3.790000000000000036e+00 -1.000000000000000000e+00 6.660000000000000142e+00 2.500000000000000000e+00 4.219999999999999751e+00 6.330000000000000071e+00 -1.000000000000000000e+00 -1.000000000000000000e+00 3.799999999999999822e+00 1.610000000000000098e+00
3.850000000000000089e+00 -1.000000000000000000e+00 6.690000000000000391e+00 2.520000000000000018e+00 4.219999999999999751e+00 7.209999999999999964e+00 -1.000000000000000000e+00 -1.000000000000000000e+00 3.669999999999999929e+00 1.620000000000000107e+00
3.819999999999999840e+00 -1.000000000000000000e+00 6.709999999999999964e+00 2.520000000000000018e+00 4.280000000000000249e+00 6.440000000000000391e+00 -1.000000000000000000e+00 -1.000000000000000000e+00 3.669999999999999929e+00 1.620000000000000107e+00
3.839999999999999858e+00 -1.000000000000000000e+00 6.780000000000000249e+00 2.490000000000000213e+00 4.230000000000000426e+00 6.429999999999999716e+00 -1.000000000000000000e+00 -1.000000000000000000e+00 3.729999999999999982e+00 1.590000000000000080e+00
3.790000000000000036e+00 -1.000000000000000000e+00 6.750000000000000000e+00 2.500000000000000000e+00 4.230000000000000426e+00 6.379999999999999893e+00 -1.000000000000000000e+00 -1.000000000000000000e+00 3.770000000000000018e+00 1.590000000000000080e+00
3.810000000000000053e+00 -1.000000000000000000e+00 6.759999999999999787e+00 2.529999999999999805e+00 4.230000000000000426e+00 6.459999999999999964e+00 -1.000000000000000000e+00 -1.000000000000000000e+00 3.720000000000000195e+00 1.590000000000000080e+00
3.779999999999999805e+00 -1.000000000000000000e+00 6.730000000000000426e+00 2.569999999999999840e+00 4.250000000000000000e+00 6.339999999999999858e+00 -1.000000000000000000e+00 -1.000000000000000000e+00 3.709999999999999964e+00 1.620000000000000107e+00
3.779999999999999805e+00 -1.000000000000000000e+00 6.740000000000000213e+00 2.580000000000000071e+00 4.250000000000000000e+00 6.450000000000000178e+00 -1.000000000000000000e+00 -1.000000000000000000e+00 3.740000000000000213e+00 1.620000000000000107e+00
3.850000000000000089e+00 -1.000000000000000000e+00 6.759999999999999787e+00 2.500000000000000000e+00 4.259999999999999787e+00 6.370000000000000107e+00 -1.000000000000000000e+00 -1.000000000000000000e+00 3.729999999999999982e+00 1.620000000000000107e+00
3.810000000000000053e+00 -1.000000000000000000e+00 6.709999999999999964e+00 2.549999999999999822e+00 4.259999999999999787e+00 6.509999999999999787e+00 -1.000000000000000000e+00 -1.000000000000000000e+00 3.750000000000000000e+00 1.629999999999999893e+00
3.790000000000000036e+00 -1.000000000000000000e+00 6.660000000000000142e+00 2.549999999999999822e+00 4.250000000000000000e+00 6.389999999999999680e+00 -1.000000000000000000e+00 -1.000000000000000000e+00 3.720000000000000195e+00 1.580000000000000071e+00
3.779999999999999805e+00 -1.000000000000000000e+00 6.790000000000000036e+00 2.569999999999999840e+00 4.230000000000000426e+00 6.400000000000000355e+00 -1.000000000000000000e+00 -1.000000000000000000e+00 3.700000000000000178e+00 1.590000000000000080e+00
3.839999999999999858e+00 -1.000000000000000000e+00 6.759999999999999787e+00 2.589999999999999858e+00 4.230000000000000426e+00 6.389999999999999680e+00 -1.000000000000000000e+00 -1.000000000000000000e+00 3.790000000000000036e+00 1.600000000000000089e+00
3.790000000000000036e+00 -1.000000000000000000e+00 6.750000000000000000e+00 2.589999999999999858e+00 4.280000000000000249e+00 6.330000000000000071e+00 -1.000000000000000000e+00 -1.000000000000000000e+00 3.729999999999999982e+00 1.590000000000000080e+00
3.770000000000000018e+00 -1.000000000000000000e+00 6.730000000000000426e+00 2.609999999999999876e+00 4.250000000000000000e+00 6.459999999999999964e+00 -1.000000000000000000e+00 -1.000000000000000000e+00 3.689999999999999947e+00 1.620000000000000107e+00
3.750000000000000000e+00 -1.000000000000000000e+00 6.700000000000000178e+00 2.549999999999999822e+00 4.240000000000000213e+00 6.379999999999999893e+00 -1.000000000000000000e+00 -1.000000000000000000e+00 3.729999999999999982e+00 1.610000000000000098e+00
3.779999999999999805e+00 -1.000000000000000000e+00 6.679999999999999716e+00 2.520000000000000018e+00 4.250000000000000000e+00 6.419999999999999929e+00 -1.000000000000000000e+00 -1.000000000000000000e+00 3.740000000000000213e+00 1.610000000000000098e+00
3.779999999999999805e+00 -1.000000000000000000e+00 6.669999999999999929e+00 2.549999999999999822e+00 4.230000000000000426e+00 6.400000000000000355e+00 -1.000000000000000000e+00 -1.000000000000000000e+00 3.669999999999999929e+00 1.600000000000000089e+00
3.790000000000000036e+00 -1.000000000000000000e+00 6.709999999999999964e+00 2.589999999999999858e+00 4.219999999999999751e+00 6.469999999999999751e+00 -1.000000000000000000e+00 -1.000000000000000000e+00 3.759999999999999787e+00 1.610000000000000098e+00
3.830000000000000071e+00 -1.000000000000000000e+00 6.719999999999999751e+00 2.580000000000000071e+00 4.269999999999999574e+00 6.299999999999999822e+00 -1.000000000000000000e+00 -1.000000000000000000e+00 3.740000000000000213e+00 1.600000000000000089e+00
3.799999999999999822e+00 -1.000000000000000000e+00 6.679999999999999716e+00 2.560000000000000053e+00 4.250000000000000000e+00 6.330000000000000071e+00 -1.000000000000000000e+00 -1.000000000000000000e+00 3.720000000000000195e+00 1.610000000000000098e+00
3.759999999999999787e+00 -1.000000000000000000e+00 6.719999999999999751e+00 2.540000000000000036e+00 4.299999999999999822e+00 6.370000000000000107e+00 -1.000000000000000000e+00 -1.000000000000000000e+00 3.740000000000000213e+00 1.639999999999999902e+00
3.799999999999999822e+00 -1.000000000000000000e+00 6.660000000000000142e+00 2.609999999999999876e+00 4.280000000000000249e+00 6.410000000000000142e+00 -1.000000000000000000e+00 -1.000000000000000000e+00 3.680000000000000160e+00 1.610000000000000098e+00
3.779999999999999805e+00 -1.000000000000000000e+00 6.730000000000000426e+00 2.569999999999999840e+00 4.250000000000000000e+00 6.410000000000000142e+00 -1.000000000000000000e+00 -1.000000000000000000e+00 3.750000000000000000e+00 1.629999999999999893e+00
3.770000000000000018e+00 -1.000000000000000000e+00 6.759999999999999787e+00 2.549999999999999822e+00 4.240000000000000213e+00 6.419999999999999929e+00 -1.000000000000000000e+00 -1.000000000000000000e+00 3.729999999999999982e+00 1.620000000000000107e+00
3.790000000000000036e+00 -1.000000000000000000e+00 6.700000000000000178e+00 2.540000000000000036e+00 4.269999999999999574e+00 6.419999999999999929e+00 -1.000000000000000000e+00 -1.000000000000000000e+00 3.759999999999999787e+00 1.629999999999999893e+00
3.810000000000000053e+00 -1.000000000000000000e+00 6.719999999999999751e+00 2.540000000000000036e+00 4.230000000000000426e+00 6.429999999999999716e+00 -1.000000000000000000e+00 -1.000000000000000000e+00 3.720000000000000195e+00 1.570000000000000062e+00
3.709999999999999964e+00 -1.000000000000000000e+00 6.750000000000000000e+00 2.580000000000000071e+00 4.240000000000000213e+00 6.400000000000000355e+00 -1.000000000000000000e+00 -1.000000000000000000e+00 3.720000000000000195e+00 1.629999999999999893e+00
3.770000000000000018e+00 -1.000000000000000000e+00 6.790000000000000036e+00 2.569999999999999840e+00 4.240000000000000213e+00 6.330000000000000071e+00 -1.000000000000000000e+00 -1.000000000000000000e+00 3.750000000000000000e+00 1.620000000000000107e+00
3.830000000000000071e+00 -1.000000000000000000e+00 6.740000000000000213e+00 2.520000000000000018e+00 4.250000000000000000e+00 6.450000000000000178e+00 -1.000000000000000000e+00 -1.000000000000000000e+00 3.700000000000000178e+00 1.600000000000000089e+00
3.740000000000000213e+00 -1.000000000000000000e+00 6.709999999999999964e+00 2.549999999999999822e+00 4.259999999999999787e+00 6.309999999999999609e+00 -1.000000000000000000e+00 -1.000000000000000000e+00 3.779999999999999805e+00 1.600000000000000089e+00
3.799999999999999822e+00 -1.000000000000000000e+00 6.740000000000000213e+00 2.520000000000000018e+00 4.269999999999999574e+00 6.410000000000000142e+00 -1.000000000000000000e+00 -1.000000000000000000e+00 3.660000000000000142e+00 1.649999999999999911e+00
3.790000000000000036e+00 -1.000000000000000000e+00 6.759999999999999787e+00 2.500000000000000000e+00 4.230000000000000426e+00 6.389999999999999680e+00 -1.000000000000000000e+00 -1.000000000000000000e+00 3.790000000000000036e+00 1.620000000000000107e+00
3.810000000000000053e+00 -1.000000000000000000e+00 6.750000000000000000e+00 2.540000000000000036e+00 4.240000000000000213e+00 6.459999999999999964e+00 -1.000000000000000000e+00 -1.000000000000000000e+00 3.810000000000000053e+00 1.620000000000000107e+00
3.810000000000000053e+00 -1.000000000000000000e+00 6.759999999999999787e+00 2.500000000000000000e+00 4.259999999999999787e+00 6.290000000000000036e+00 -1.000000000000000000e+00 -1.000000000000000000e+00 3.720000000000000195e+00 1.600000000000000089e+00
3.819999999999999840e+00 -1.000000000000000000e+00 6.730000000000000426e+00 2.520000000000000018e+00 4.259999999999999787e+00 6.349999999999999645e+00 -1.000000000000000000e+00 -1.000000000000000000e+00 3.700000000000000178e+00 1.610000000000000098e+00
3.790000000000000036e+00 -1.000000000000000000e+00 6.809999999999999609e+00 2.569999999999999840e+00 4.269999999999999574e+00 6.389999999999999680e+00 -1.000000000000000000e+00 -1.000000000000000000e+00 3.750000000000000000e+00 1.629999999999999893e+00
3.850000000000000089e+00 -1.000000000000000000e+00 6.660000000000000142e+00 2.549999999999999822e+00 4.230000000000000426e+00 6.379999999999999893e+00 -1.000000000000000000e+00 -1.000000000000000000e+00 3.680000000000000160e+00 1.620000000000000107e+00
3.770000000000000018e+00 -1.000000000000000000e+00 6.679999999999999716e+00 2.569999999999999840e+00 4.240000000000000213e+00 6.459999999999999964e+00 -1.000000000000000000e+00 -1.000000000000000000e+00 3.779999999999999805e+00 1.620000000000000107e+00
3.850000000000000089e+00 -1.000000000000000000e+00 6.719999999999999751e+00 2.520000000000000018e+00 4.219999999999999751e+00 6.330000000000000071e+00 -1.000000000000000000e+00 -1.000000000000000000e+00 3.700000000000000178e+00 1.590000000000000080e+00
3.819999999999999840e+00 -1.000000000000000000e+00 6.759999999999999787e+00 2.500000000000000000e+00 4.240000000000000213e+00 6.339999999999999858e+00 -1.000000000000000000e+00 -1.000000000000000000e+00 3.779999999999999805e+00 1.610000000000000098e+00
3.779999999999999805e+00 -1.000000000000000000e+00 6.690000000000000391e+00 2.540000000000000036e+00 4.250000000000000000e+00 6.530000000000000249e+00 -1.000000000000000000e+00 -1.000000000000000000e+00 3.740000000000000213e+00 1.590000000000000080e+00
3.799999999999999822e+00 -1.000000000000000000e+00 6.730000000000000426e+00 2.569999999999999840e+00 4.250000000000000000e+00 6.400000000000000355e+00 -1.000000000000000000e+00 -1.000000000000000000e+00 3.770000000000000018e+00 1.600000000000000089e+00
3.750000000000000000e+00 -1.000000000000000000e+00 6.759999999999999787e+00 2.629999999999999893e+00 4.269999999999999574e+00 6.320000000000000284e+00 -1.000000000000000000e+00 -1.000000000000000000e+00 3.750000000000000000e+00 1.600000000000000089e+00
3.819999999999999840e+00 -1.000000000000000000e+00 6.719999999999999751e+00 2.470000000000000195e+00 4.280000000000000249e+00 6.440000000000000391e+00 -1.000000000000000000e+00 -1.000000000000000000e+00 3.720000000000000195e+00 1.570000000000000062e+00
3.819999999999999840e+00 -1.000000000000000000e+00 6.790000000000000036e+00 2.500000000000000000e+00 4.209999999999999964e+00 6.429999999999999716e+00 -1.000000000000000000e+00 -1.000000000000000000e+00 3.729999999999999982e+00 1.620000000000000107e+00
3.850000000000000089e+00 -1.000000000000000000e+00 6.719999999999999751e+00 2.549999999999999822e+00 4.269999999999999574e+00 6.440000000000000391e+00 -1.000000000000000000e+00 -1.000000000000000000e+00 3.759999999999999787e+00 1.610000000000000098e+00
3.799999999999999822e+00 -1.000000000000000000e+00 6.750000000000000000e+00 2.560000000000000053e+00 4.230000000000000426e+00 6.299999999999999822e+00 -1.000000000000000000e+00 -1.000000000000000000e+00 3.819999999999999840e+00 1.620000000000000107e+00
3.839999999999999858e+00 -1.000000000000000000e+00 6.709999999999999964e+00 2.560000000000000053e+00 4.230000000000000426e+00 6.370000000000000107e+00 -1.000000000000000000e+00 -1.000000000000000000e+00 3.729999999999999982e+00 1.580000000000000071e+00
3.779999999999999805e+00 -1.000000000000000000e+00 6.730000000000000426e+00 2.569999999999999840e+00 4.269999999999999574e+00 6.389999999999999680e+00 -1.000000000000000000e+00 -1.000000000000000000e+00 3.720000000000000195e+00 1.600000000000000089e+00
3.799999999999999822e+00 -1.000000000000000000e+00 6.679999999999999716e+00 2.509999999999999787e+00 4.259999999999999787e+00 6.440000000000000391e+00 -1.000000000000000000e+00 -1.000000000000000000e+00 3.720000000000000195e+00 1.629999999999999893e+00
3.819999999999999840e+00 -1.000000000000000000e+00 6.669999999999999929e+00 2.569999999999999840e+00 4.250000000000000000e+00 6.299999999999999822e+00 -1.000000000000000000e+00 -1.000000000000000000e+00 3.779999999999999805e+00 1.600000000000000089e+00
3.750000000000000000e+00 -1.000000000000000000e+00 6.740000000000000213e+00 2.529999999999999805e+00 4.259999999999999787e+00 6.410000000000000142e+00 -1.000000000000000000e+00 -1.000000000000000000e+00 3.740000000000000213e+00 1.590000000000000080e+00
3.830000000000000071e+00 -1.000000000000000000e+00 6.769999999999999574e+00 2.549999999999999822e+00 4.280000000000000249e+00 6.410000000000000142e+00 -1.000000000000000000e+00 -1.000000000000000000e+00 3.759999999999999787e+00 1.620000000000000107e+00
3.819999999999999840e+00 -1.000000000000000000e+00 6.730000000000000426e+00 2.609999999999999876e+00 4.250000000000000000e+00 6.349999999999999645e+00 -1.000000000000000000e+00 -1.000000000000000000e+00 3.720000000000000195e+00 1.600000000000000089e+00
3.759999999999999787e+00 -1.000000000000000000e+00 6.759999999999999787e+00 2.580000000000000071e+00 4.230000000000000426e+00 7.190000000000000391e+00 -1.000000000000000000e+00 -1.000000000000000000e+00 3.720000000000000195e+00 1.600000000000000089e+00
3.799999999999999822e+00 -1.000000000000000000e+00 6.759999999999999787e+00 2.549999999999999822e+00 4.250000000000000000e+00 6.509999999999999787e+00 -1.000000000000000000e+00 -1.000000000000000000e+00 3.720000000000000195e+00 1.600000000000000089e+00
3.839999999999999858e+00 -1.000000000000000000e+00 6.750000000000000000e+00 2.509999999999999787e+00 4.240000000000000213e+00 7.190000000000000391e+00 -1.000000000000000000e+00 -1.000000000000000000e+00 3.759999999999999787e+00 1.659999999999999920e+00
3.799999999999999822e+00 -1.000000000000000000e+00 6.730000000000000426e+00 2.560000000000000053e+00 4.280000000000000249e+00 6.379999999999999893e+00 -1.000000000000000000e+00 -1.000000000000000000e+00 3.709999999999999964e+00 1.659999999999999920e+00
3.779999999999999805e+00 -1.000000000000000000e+00 6.759999999999999787e+00 2.540000000000000036e+00 4.269999999999999574e+00 6.459999999999999964e+00 -1.000000000000000000e+00 -1.000000000000000000e+00 3.720000000000000195e+00 1.590000000000000080e+00
3.779999999999999805e+00 -1.000000000000000000e+00 6.629999999999999893e+00 2.509999999999999787e+00 4.209999999999999964e+00 6.400000000000000355e+00 -1.000000000000000000e+00 -1.000000000000000000e+00 3.740000000000000213e+00 1.620000000000000107e+00
3.810000000000000053e+00 -1.000000000000000000e+00 6.750000000000000000e+00 2.549999999999999822e+00 4.240000000000000213e+00 6.349999999999999645e+00 -1.000000000000000000e+00 -1.000000000000000000e+00 3.720000000000000195e+00 1.629999999999999893e+00
3.810000000000000053e+00 -1.000000000000000000e+00 6.750000000000000000e+00 2.649999999999999911e+00 4.290000000000000036e+00 6.379999999999999893e+00 -1.000000000000000000e+00 -1.000000000000000000e+00 3.770000000000000018e+00 1.649999999999999911e+00
3.850000000000000089e+00 -1.000000000000000000e+00 6.780000000000000249e+00 2.490000000000000213e+00 4.240000000000000213e+00 6.440000000000000391e+00 -1.000000000000000000e+00 -1.000000000000000000e+00 3.720000000000000195e+00 1.620000000000000107e+00
3.790000000000000036e+00 -1.000000000000000000e+00 6.709999999999999964e+00 2.549999999999999822e+00 4.299999999999999822e+00 6.370000000000000107e+00 -1.000000000000000000e+00 -1.000000000000000000e+00 3.729999999999999982e+00 1.610000000000000098e+00
3.790000000000000036e+00 -1.000000000000000000e+00 6.700000000000000178e+00 2.580000000000000071e+00 4.259999999999999787e+00 6.459999999999999964e+00 -1.000000000000000000e+00 -1.000000000000000000e+00 3.700000000000000178e+00 1.620000000000000107e+00
3.799999999999999822e+00 -1.000000000000000000e+00 6.650000000000000355e+00 2.529999999999999805e+00 4.259999999999999787e+00 6.429999999999999716e+00 -1.000000000000000000e+00 -1.000000000000000000e+00 3.759999999999999787e+00 1.610000000000000098e+00
3.790000000000000036e+00 -1.000000000000000000e+00 6.679999999999999716e+00 2.509999999999999787e+00 4.259999999999999787e+00 6.440000000000000391e+00 -1.000000000000000000e+00 -1.000000000000000000e+00 3.779999999999999805e+00 1.620000000000000107e+00
3.839999999999999858e+00 -1.000000000000000000e+00 6.690000000000000391e+00 2.540000000000000036e+00 4.280000000000000249e+00 6.379999999999999893e+00 -1.000000000000000000e+00 -1.000000000000000000e+00 3.700000000000000178e+00 1.620000000000000107e+00
3.819999999999999840e+00 -1.000000000000000000e+00 6.730000000000000426e+00 2.609999999999999876e+00 4.219999999999999751e+00 6.269999999999999574e+00 -1.000000000000000000e+00 -1.000000000000000000e+00 3.709999999999999964e+00 1.610000000000000098e+00
3.759999999999999787e+00 -1.000000000000000000e+00 6.740000000000000213e+00 2.520000000000000018e+00 4.230000000000000426e+00 6.320000000000000284e+00 -1.000000000000000000e+00 -1.000000000000000000e+00 3.740000000000000213e+00 1.620000000000000107e+00
3.810000000000000053e+00 -1.000000000000000000e+00 6.719999999999999751e+00 2.540000000000000036e+00 4.240000000000000213e+00 6.379999999999999893e+00 -1.000000000000000000e+00 -1.000000000000000000e+00 3.759999999999999787e+00 1.610000000000000098e+00
3.830000000000000071e+00 -1.000000000000000000e+00 6.700000000000000178e+00 2.529999999999999805e+00 4.259999999999999787e+00 6.320000000000000284e+00 -1.000000000000000000e+00 -1.000000000000000000e+00 -1.000000000000000000e+00 1.620000000000000107e+00
3.750000000000000000e+00 -1.000000000000000000e+00 6.700000000000000178e+00 2.500000000000000000e+00 4.250000000000000000e+00 6.349999999999999645e+00 -1.000000000000000000e+00 -1.000000000000000000e+00 3.709999999999999964e+00 1.600000000000000089e+00
3.799999999999999822e+00 -1.000000000000000000e+00 6.750000000000000000e+00 2.529999999999999805e+00 4.240000000000000213e+00 6.450000000000000178e+00 -1.000000000000000000e+00 -1.000000000000000000e+00 3.700000000000000178e+00 1.600000000000000089e+00
3.790000000000000036e+00 -1.000000000000000000e+00 6.650000000000000355e+00 2.580000000000000071e+00 4.230000000000000426e+00 6.200000000000000178e+00 -1.000000000000000000e+00 -1.000000000000000000e+00 3.750000000000000000e+00 1.620000000000000107e+00
3.790000000000000036e+00 -1.000000000000000000e+00 6.700000000000000178e+00 2.529999999999999805e+00 4.250000000000000000e+00 6.410000000000000142e+00 -1.000000000000000000e+00 -1.000000000000000000e+00 3.729999999999999982e+00 1.610000000000000098e+00
3.740000000000000213e+00 -1.000000000000000000e+00 6.780000000000000249e+00 2.470000000000000195e+00 4.240000000000000213e+00 6.440000000000000391e+00 -1.000000000000000000e+00 -1.000000000000000000e+00 3.689999999999999947e+00 1.620000000000000107e+00
3.759999999999999787e+00 -1.000000000000000000e+00 6.730000000000000426e+00 2.549999999999999822e+00 4.250000000000000000e+00 6.379999999999999893e+00 -1.000000000000000000e+00 -1.000000000000000000e+00 3.750000000000000000e+00 1.620000000000000107e+00
3.770000000000000018e+00 -1.000000000000000000e+00 6.730000000000000426e+00 2.569999999999999840e+00 4.259999999999999787e+00 6.419999999999999929e+00 -1.000000000000000000e+00 -1.000000000000000000e+00 3.790000000000000036e+00 1.580000000000000071e+00
3.879999999999999893e+00 -1.000000000000000000e+00 6.690000000000000391e+00 2.560000000000000053e+00 4.230000000000000426e+00 6.450000000000000178e+00 -1.000000000000000000e+00 -1.000000000000000000e+00 3.770000000000000018e+00 1.629999999999999893e+00
