-1.000000000000000000e+00 -1.000000000000000000e+00 -1.000000000000000000e+00 -1.000000000000000000e+00 -1.000000000000000000e+00 -1.000000000000000000e+00 -1.000000000000000000e+00 -1.000000000000000000e+00 -1.000000000000000000e+00 -1.000000000000000000e+00
2.439999999999999947e+00 3.740000000000000213e+00 5.169999999999999929e+00 3.770000000000000018e+00 9.100000000000000311e-01 5.549999999999999822e+00 -1.000000000000000000e+00 4.169999999999999929e+00 -1.000000000000000000e+00 3.549999999999999822e+00
2.410000000000000142e+00 3.729999999999999982e+00 5.139999999999999680e+00 3.779999999999999805e+00 9.300000000000000488e-01 5.469999999999999751e+00 -1.000000000000000000e+00 4.179999999999999716e+00 -1.000000000000000000e+00 3.549999999999999822e+00
2.430000000000000160e+00 3.799999999999999822e+00 5.120000000000000107e+00 3.759999999999999787e+00 8.900000000000000133e-01 5.490000000000000213e+00 -1.000000000000000000e+00 4.190000000000000391e+00 -1.000000000000000000e+00 3.569999999999999840e+00
2.399999999999999911e+00 3.750000000000000000e+00 5.120000000000000107e+00 3.830000000000000071e+00 9.000000000000000222e-01 5.519999999999999574e+00 -1.000000000000000000e+00 4.200000000000000178e+00 -1.000000000000000000e+00 3.580000000000000071e+00
2.410000000000000142e+00 3.740000000000000213e+00 5.169999999999999929e+00 3.790000000000000036e+00 9.100000000000000311e-01 5.519999999999999574e+00 -1.000000000000000000e+00 4.219999999999999751e+00 -1.000000000000000000e+00 3.580000000000000071e+00
2.419999999999999929e+00 3.779999999999999805e+00 5.160000000000000142e+00 3.810000000000000053e+00 9.000000000000000222e-01 5.540000000000000036e+00 -1.000000000000000000e+00 4.219999999999999751e+00 -1.000000000000000000e+00 3.560000000000000053e+00
2.379999999999999893e+00 3.779999999999999805e+00 5.219999999999999751e+00 3.799999999999999822e+00 9.200000000000000400e-01 5.540000000000000036e+00 -1.000000000000000000e+00 4.200000000000000178e+00 -1.000000000000000000e+00 3.600000000000000089e+00
2.370000000000000107e+00 3.750000000000000000e+00 5.190000000000000391e+00 3.790000000000000036e+00 9.100000000000000311e-01 5.480000000000000426e+00 -1.000000000000000000e+00 4.160000000000000142e+00 -1.000000000000000000e+00 3.569999999999999840e+00
2.350000000000000089e+00 3.729999999999999982e+00 5.139999999999999680e+00 3.790000000000000036e+00 9.300000000000000488e-01 5.530000000000000249e+00 -1.000000000000000000e+00 4.160000000000000142e+00 -1.000000000000000000e+00 3.560000000000000053e+00
2.390000000000000124e+00 3.750000000000000000e+00 5.190000000000000391e+00 3.790000000000000036e+00 9.000000000000000222e-01 5.570000000000000284e+00 -1.000000000000000000e+00 4.200000000000000178e+00 -1.000000000000000000e+00 3.569999999999999840e+00
2.379999999999999893e+00 3.720000000000000195e+00 5.150000000000000355e+00 3.740000000000000213e+00 9.200000000000000400e-01 5.490000000000000213e+00 -1.000000000000000000e+00 4.219999999999999751e+00 -1.000000000000000000e+00 3.560000000000000053e+00
2.339999999999999858e+00 3.759999999999999787e+00 5.179999999999999716e+00 3.759999999999999787e+00 9.000000000000000222e-01 5.509999999999999787e+00 -1.000000000000000000e+00 4.179999999999999716e+00 -1.000000000000000000e+00 3.580000000000000071e+00
2.379999999999999893e+00 3.700000000000000178e+00 4.980000000000000426e+00 3.790000000000000036e+00 9.300000000000000488e-01 5.490000000000000213e+00 -1.000000000000000000e+00 4.179999999999999716e+00 -1.000000000000000000e+00 3.589999999999999858e+00
2.370000000000000107e+00 3.750000000000000000e+00 5.200000000000000178e+00 3.790000000000000036e+00 9.100000000000000311e-01 5.519999999999999574e+00 -1.000000000000000000e+00 4.139999999999999680e+00 -1.000000000000000000e+00 3.600000000000000089e+00
2.350000000000000089e+00 3.740000000000000213e+00 5.160000000000000142e+00 3.770000000000000018e+00 9.200000000000000400e-01 5.540000000000000036e+00 -1.000000000000000000e+00 4.209999999999999964e+00 -1.000000000000000000e+00 3.589999999999999858e+00
2.419999999999999929e+00 3.740000000000000213e+00 5.219999999999999751e+00 3.779999999999999805e+00 9.100000000000000311e-01 5.540000000000000036e+00 -1.000000000000000000e+00 4.179999999999999716e+00 -1.000000000000000000e+00 3.560000000000000053e+00
2.390000000000000124e+00 3.759999999999999787e+00 5.139999999999999680e+00 3.790000000000000036e+00 8.900000000000000133e-01 5.540000000000000036e+00 -1.000000000000000000e+00 4.209999999999999964e+00 -1.000000000000000000e+00 3.560000000000000053e+00
2.379999999999999893e+00 3.709999999999999964e+00 5.150000000000000355e+00 3.799999999999999822e+00 9.300000000000000488e-01 5.519999999999999574e+00 -1.000000000000000000e+00 4.179999999999999716e+00 -1.000000000000000000e+00 3.540000000000000036e+00
2.339999999999999858e+00 3.750000000000000000e+00 5.139999999999999680e+00 3.720000000000000195e+00 9.200000000000000400e-01 5.549999999999999822e+00 -1.000000000000000000e+00 4.200000000000000178e+00 -1.000000000000000000e+00 3.580000000000000071e+00
2.339999999999999858e+00 3.720000000000000195e+00 5.110000000000000320e+00 3.779999999999999805e+00 9.200000000000000400e-01 5.540000000000000036e+00 -1.000000000000000000e+00 4.200000000000000178e+00 -1.000000000000000000e+00 3.560000000000000053e+00
2.370000000000000107e+00 3.720000000000000195e+00 5.160000000000000142e+00 3.779999999999999805e+00 9.100000000000000311e-01 5.530000000000000249e+00 -1.000000000000000000e+00 4.179999999999999716e+00 -1.000000000000000000e+00 3.640000000000000124e+00
2.399999999999999911e+00 3.799999999999999822e+00 5.179999999999999716e+00 3.770000000000000018e+00 9.200000000000000400e-01 5.509999999999999787e+00 -1.000000000000000000e+00 4.179999999999999716e+00 -1.000000000000000000e+00 3.580000000000000071e+00
2.370000000000000107e+00 3.720000000000000195e+00 5.160000000000000142e+00 3.790000000000000036e+00 9.000000000000000222e-01 5.459999999999999964e+00 -1.000000000000000000e+00 4.129999999999999893e+00 -1.000000000000000000e+00 3.589999999999999858e+00
2.379999999999999893e+00 3.759999999999999787e+00 5.099999999999999645e+00 3.790000000000000036e+00 9.200000000000000400e-01 5.490000000000000213e+00 -1.000000000000000000e+00 4.200000000000000178e+00 -1.000000000000000000e+00 3.569999999999999840e+00
2.359999999999999876e+00 3.729999999999999982e+00 5.179999999999999716e+00 3.770000000000000018e+00 9.100000000000000311e-01 5.549999999999999822e+00 -1.000000000000000000e+00 4.200000000000000178e+00 -1.000000000000000000e+00 3.560000000000000053e+00
2.390000000000000124e+00 3.770000000000000018e+00 5.169999999999999929e+00 3.750000000000000000e+00 9.399999999999999467e-01 5.540000000000000036e+00 -1.000000000000000000e+00 4.219999999999999751e+00 -1.000000000000000000e+00 3.560000000000000053e+00
2.410000000000000142e+00 3.759999999999999787e+00 5.099999999999999645e+00 3.740000000000000213e+00 9.200000000000000400e-01 5.490000000000000213e+00 -1.000000000000000000e+00 4.209999999999999964e+00 -1.000000000000000000e+00 3.589999999999999858e+00
2.390000000000000124e+00 3.770000000000000018e+00 5.160000000000000142e+00 3.759999999999999787e+00 9.100000000000000311e-01 5.519999999999999574e+00 -1.000000000000000000e+00 4.169999999999999929e+00 -1.000000000000000000e+00 3.560000000000000053e+00
2.419999999999999929e+00 3.720000000000000195e+00 5.200000000000000178e+00 3.750000000000000000e+00 9.200000000000000400e-01 5.490000000000000213e+00 -1.000000000000000000e+00 4.219999999999999751e+00 -1.000000000000000000e+00 3.580000000000000071e+00
2.379999999999999893e+00 3.779999999999999805e+00 5.190000000000000391e+00 3.750000000000000000e+00 9.300000000000000488e-01 5.500000000000000000e+00 -1.000000000000000000e+00 4.160000000000000142e+00 -1.000000000000000000e+00 3.589999999999999858e+00
2.379999999999999893e+00 3.810000000000000053e+00 5.169999999999999929e+00 3.790000000000000036e+00 9.000000000000000222e-01 5.509999999999999787e+00 -1.000000000000000000e+00 4.139999999999999680e+00 -1.000000000000000000e+00 3.560000000000000053e+00
2.390000000000000124e+00 3.729999999999999982e+00 5.219999999999999751e+00 3.770000000000000018e+00 9.000000000000000222e-01 5.469999999999999751e+00 -1.000000000000000000e+00 4.219999999999999751e+00 -1.000000000000000000e+00 3.560000000000000053e+00
2.410000000000000142e+00 3.669999999999999929e+00 5.139999999999999680e+00 3.759999999999999787e+00 9.000000000000000222e-01 5.490000000000000213e+00 -1.000000000000000000e+00 4.139999999999999680e+00 -1.000000000000000000e+00 3.549999999999999822e+00
2.370000000000000107e+00 3.750000000000000000e+00 5.120000000000000107e+00 3.799999999999999822e+00 9.399999999999999467e-01 5.509999999999999787e+00 -1.000000000000000000e+00 4.160000000000000142e+00 -1.000000000000000000e+00 3.580000000000000071e+00
2.310000000000000053e+00 3.750000000000000000e+00 5.139999999999999680e+00 3.799999999999999822e+00 9.399999999999999467e-01 5.469999999999999751e+00 -1.000000000000000000e+00 4.179999999999999716e+00 -1.000000000000000000e+00 3.580000000000000071e+00
2.359999999999999876e+00 3.720000000000000195e+00 5.150000000000000355e+00 3.790000000000000036e+00 9.000000000000000222e-01 5.490000000000000213e+00 -1.000000000000000000e+00 4.259999999999999787e+00 -1.000000000000000000e+00 3.600000000000000089e+00
2.370000000000000107e+00 3.729999999999999982e+00 5.160000000000000142e+00 3.779999999999999805e+00 9.399999999999999467e-01 5.469999999999999751e+00 -1.000000000000000000e+00 4.190000000000000391e+00 -1.000000000000000000e+00 3.600000000000000089e+00
2.419999999999999929e+00 3.720000000000000195e+00 5.150000000000000355e+00 3.839999999999999858e+00 9.200000000000000400e-01 5.559999999999999609e+00 -1.000000000000000000e+00 4.230000000000000426e+00 -1.000000000000000000e+00 3.569999999999999840e+00
2.399999999999999911e+00 3.709999999999999964e+00 5.129999999999999893e+00 3.790000000000000036e+00 9.399999999999999467e-01 5.469999999999999751e+00 -1.000000000000000000e+00 4.240000000000000213e+00 -1.000000000000000000e+00 3.580000000000000071e+00
2.399999999999999911e+00 3.740000000000000213e+00 5.160000000000000142e+00 3.850000000000000089e+00 9.499999999999999556e-01 5.549999999999999822e+00 -1.000000000000000000e+00 4.259999999999999787e+00 -1.000000000000000000e+00 3.560000000000000053e+00
2.379999999999999893e+00 3.729999999999999982e+00 5.190000000000000391e+00 3.810000000000000053e+00 9.100000000000000311e-01 5.490000000000000213e+00 -1.000000000000000000e+00 4.129999999999999893e+00 -1.000000000000000000e+00 3.609999999999999876e+00
2.370000000000000107e+00 3.709999999999999964e+00 5.200000000000000178e+00 3.879999999999999893e+00 9.100000000000000311e-01 5.549999999999999822e+00 -1.000000000000000000e+00 4.209999999999999964e+00 -1.000000000000000000e+00 3.580000000000000071e+00
2.359999999999999876e+00 3.740000000000000213e+00 5.200000000000000178e+00 3.750000000000000000e+00 9.300000000000000488e-01 5.530000000000000249e+00 -1.000000000000000000e+00 4.200000000000000178e+00 -1.000000000000000000e+00 3.580000000000000071e+00
2.379999999999999893e+00 3.759999999999999787e+00 5.160000000000000142e+00 3.830000000000000071e+00 9.300000000000000488e-01 5.500000000000000000e+00 -1.000000000000000000e+00 4.179999999999999716e+00 -1.000000000000000000e+00 3.609999999999999876e+00
2.399999999999999911e+00 3.750000000000000000e+00 5.150000000000000355e+00 3.790000000000000036e+00 9.100000000000000311e-01 5.469999999999999751e+00 -1.000000000000000000e+00 4.200000000000000178e+00 -1.000000000000000000e+00 3.569999999999999840e+00
2.379999999999999893e+00 3.680000000000000160e+00 5.169999999999999929e+00 3.799999999999999822e+00 9.100000000000000311e-01 5.469999999999999751e+00 -1.000000000000000000e+00 4.150000000000000355e+00 -1.000000000000000000e+00 3.580000000000000071e+00
2.410000000000000142e+00 3.759999999999999787e+00 5.169999999999999929e+00 3.750000000000000000e+00 9.100000000000000311e-01 5.490000000000000213e+00 -1.000000000000000000e+00 4.259999999999999787e+00 -1.000000000000000000e+00 3.549999999999999822e+00
2.399999999999999911e+00 3.729999999999999982e+00 5.150000000000000355e+00 3.790000000000000036e+00 9.300000000000000488e-01 5.519999999999999574e+00 -1.000000000000000000e+00 4.150000000000000355e+00 -1.000000000000000000e+00 3.560000000000000053e+00
2.450000000000000178e+00 3.750000000000000000e+00 5.190000000000000391e+00 3.779999999999999805e+00 9.100000000000000311e-01 5.570000000000000284e+00 -1.000000000000000000e+00 4.179999999999999716e+00 -1.000000000000000000e+00 3.580000000000000071e+00
2.439999999999999947e+00 3.750000000000000000e+00 5.099999999999999645e+00 3.799999999999999822e+00 9.100000000000000311e-01 5.519999999999999574e+00 -1.000000000000000000e+00 4.169999999999999929e+00 -1.000000000000000000e+00 3.560000000000000053e+00
2.390000000000000124e+00 3.759999999999999787e+00 5.139999999999999680e+00 3.770000000000000018e+00 9.000000000000000222e-01 5.540000000000000036e+00 -1.000000000000000000e+00 4.160000000000000142e+00 -1.000000000000000000e+00 3.529999999999999805e+00
2.410000000000000142e+00 3.709999999999999964e+00 5.190000000000000391e+00 3.779999999999999805e+00 9.000000000000000222e-01 5.540000000000000036e+00 -1.000000000000000000e+00 4.219999999999999751e+00 -1.000000000000000000e+00 3.549999999999999822e+00
2.410000000000000142e+00 3.740000000000000213e+00 5.150000000000000355e+00 3.790000000000000036e+00 9.100000000000000311e-01 5.570000000000000284e+00 -1.000000000000000000e+00 4.179999999999999716e+00 -1.000000000000000000e+00 3.540000000000000036e+00
2.390000000000000124e+00 3.709999999999999964e+00 5.169999999999999929e+00 3.779999999999999805e+00 9.200000000000000400e-01 5.540000000000000036e+00 -1.000000000000000000e+00 4.160000000000000142e+00 -1.000000000000000000e+00 3.569999999999999840e+00
2.350000000000000089e+00 3.740000000000000213e+00 5.150000000000000355e+00 3.770000000000000018e+00 9.399999999999999467e-01 5.490000000000000213e+00 -1.000000000000000000e+00 4.160000000000000142e+00 -1.000000000000000000e+00 3.629999999999999893e+00
2.370000000000000107e+00 3.720000000000000195e+00 5.120000000000000107e+00 3.779999999999999805e+00 9.100000000000000311e-01 5.500000000000000000e+00 -1.000000000000000000e+00 4.230000000000000426e+00 -1.000000000000000000e+00 3.560000000000000053e+00
2.450000000000000178e+00 3.709999999999999964e+00 5.169999999999999929e+00 3.819999999999999840e+00 9.100000000000000311e-01 5.519999999999999574e+00 -1.000000000000000000e+00 4.120000000000000107e+00 -1.000000000000000000e+00 3.589999999999999858e+00
2.399999999999999911e+00 3.709999999999999964e+00 5.160000000000000142e+00 3.830000000000000071e+00 9.399999999999999467e-01 5.459999999999999964e+00 -1.000000000000000000e+00 4.120000000000000107e+00 -1.000000000000000000e+00 3.600000000000000089e+00
2.359999999999999876e+00 3.750000000000000000e+00 4.709999999999999964e+00 3.720000000000000195e+00 9.200000000000000400e-01 5.490000000000000213e+00 -1.000000000000000000e+00 4.190000000000000391e+00 -1.000000000000000000e+00 3.560000000000000053e+00
2.379999999999999893e+00 3.729999999999999982e+00 5.179999999999999716e+00 3.819999999999999840e+00 9.200000000000000400e-01 5.459999999999999964e+00 -1.000000000000000000e+00 4.160000000000000142e+00 -1.000000000000000000e+00 3.589999999999999858e+00
2.330000000000000071e+00 3.750000000000000000e+00 5.160000000000000142e+00 3.790000000000000036e+00 9.200000000000000400e-01 5.509999999999999787e+00 -1.000000000000000000e+00 4.129999999999999893e+00 -1.000000000000000000e+00 3.569999999999999840e+00
2.359999999999999876e+00 3.770000000000000018e+00 5.179999999999999716e+00 3.790000000000000036e+00 9.000000000000000222e-01 5.509999999999999787e+00 -1.000000000000000000e+00 4.160000000000000142e+00 -1.000000000000000000e+00 3.580000000000000071e+00
2.370000000000000107e+00 3.700000000000000178e+00 5.190000000000000391e+00 3.729999999999999982e+00 9.200000000000000400e-01 5.549999999999999822e+00 -1.000000000000000000e+00 4.139999999999999680e+00 -1.000000000000000000e+00 3.600000000000000089e+00
2.330000000000000071e+00 3.759999999999999787e+00 4.940000000000000391e+00 -1.000000000000000000e+00 9.200000000000000400e-01 5.549999999999999822e+00 -1.000000000000000000e+00 4.230000000000000426e+00 -1.000000000000000000e+00 3.560000000000000053e+00
2.370000000000000107e+00 3.740000000000000213e+00 5.190000000000000391e+00 3.759999999999999787e+00 9.200000000000000400e-01 5.519999999999999574e+00 -1.000000000000000000e+00 4.179999999999999716e+00 -1.000000000000000000e+00 3.569999999999999840e+00
2.339999999999999858e+00 3.740000000000000213e+00 5.110000000000000320e+00 3.830000000000000071e+00 9.200000000000000400e-01 5.459999999999999964e+00 -1.000000000000000000e+00 4.160000000000000142e+00 -1.000000000000000000e+00 3.540000000000000036e+00
2.339999999999999858e+00 3.759999999999999787e+00 5.179999999999999716e+00 3.740000000000000213e+00 9.200000000000000400e-01 5.500000000000000000e+00 -1.000000000000000000e+00 4.230000000000000426e+00 -1.000000000000000000e+00 3.600000000000000089e+00
2.359999999999999876e+00 3.740000000000000213e+00 5.120000000000000107e+00 3.819999999999999840e+00 9.599999999999999645e-01 5.570000000000000284e+00 -1.000000000000000000e+00 4.139999999999999680e+00 -1.000000000000000000e+00 3.640000000000000124e+00
2.390000000000000124e+00 3.779999999999999805e+00 5.070000000000000284e+00 3.770000000000000018e+00 9.100000000000000311e-01 5.509999999999999787e+00 -1.000000000000000000e+00 4.290000000000000036e+00 -1.000000000000000000e+00 3.560000000000000053e+00
2.379999999999999893e+00 3.750000000000000000e+00 5.200000000000000178e+00 3.779999999999999805e+00 8.900000000000000133e-01 5.469999999999999751e+00 -1.000000000000000000e+00 4.219999999999999751e+00 -1.000000000000000000e+00 3.529999999999999805e+00
2.359999999999999876e+00 3.729999999999999982e+00 5.110000000000000320e+00 3.770000000000000018e+00 9.200000000000000400e-01 5.559999999999999609e+00 -1.000000000000000000e+00 4.219999999999999751e+00 -1.000000000000000000e+00 3.580000000000000071e+00
2.379999999999999893e+00 3.689999999999999947e+00 5.120000000000000107e+00 3.799999999999999822e+00 9.100000000000000311e-01 5.549999999999999822e+00 -1.000000000000000000e+00 4.150000000000000355e+00 -1.000000000000000000e+00 3.569999999999999840e+00
2.339999999999999858e+00 3.740000000000000213e+00 5.150000000000000355e+00 3.779999999999999805e+00 9.200000000000000400e-01 5.490000000000000213e+00 -1.000000000000000000e+00 4.259999999999999787e+00 -1.000000000000000000e+00 3.560000000000000053e+00
2.339999999999999858e+00 3.729999999999999982e+00 5.190000000000000391e+00 3.740000000000000213e+00 9.499999999999999556e-01 5.519999999999999574e+00 -1.000000000000000000e+00 4.160000000000000142e+00 -1.000000000000000000e+00 3.569999999999999840e+00
2.410000000000000142e+00 3.790000000000000036e+00 5.150000000000000355e+00 -1.000000000000000000e+00 9.100000000000000311e-01 5.530000000000000249e+00 -1.000000000000000000e+00 4.169999999999999929e+00 -1.000000000000000000e+00 3.529999999999999805e+00
2.370000000000000107e+00 3.759999999999999787e+00 5.190000000000000391e+00 3.759999999999999787e+00 9.300000000000000488e-01 5.559999999999999609e+00 -1.000000000000000000e+00 4.230000000000000426e+00 -1.000000000000000000e+00 3.620000000000000107e+00
2.359999999999999876e+00 3.720000000000000195e+00 5.200000000000000178e+00 3.799999999999999822e+00 9.000000000000000222e-01 5.540000000000000036e+00 -1.000000000000000000e+00 4.190000000000000391e+00 -1.000000000000000000e+00 3.620000000000000107e+00
2.350000000000000089e+00 3.759999999999999787e+00 5.150000000000000355e+00 3.790000000000000036e+00 9.100000000000000311e-01 5.549999999999999822e+00 -1.000000000000000000e+00 4.190000000000000391e+00 -1.000000000000000000e+00 3.560000000000000053e+00
2.359999999999999876e+00 3.799999999999999822e+00 5.099999999999999645e+00 3.810000000000000053e+00 9.200000000000000400e-01 5.530000000000000249e+00 -1.000000000000000000e+00 4.150000000000000355e+00 -1.000000000000000000e+00 3.560000000000000053e+00
2.410000000000000142e+00 3.759999999999999787e+00 5.150000000000000355e+00 3.750000000000000000e+00 9.200000000000000400e-01 5.580000000000000071e+00 -1.000000000000000000e+00 4.169999999999999929e+00 -1.000000000000000000e+00 3.569999999999999840e+00
2.390000000000000124e+00 3.779999999999999805e+00 5.150000000000000355e+00 3.770000000000000018e+00 9.000000000000000222e-01 5.500000000000000000e+00 -1.000000000000000000e+00 4.169999999999999929e+00 -1.000000000000000000e+00 3.600000000000000089e+00
2.399999999999999911e+00 3.720000000000000195e+00 5.129999999999999893e+00 3.770000000000000018e+00 9.000000000000000222e-01 5.490000000000000213e+00 -1.000000000000000000e+00 4.190000000000000391e+00 -1.000000000000000000e+00 3.589999999999999858e+00
2.399999999999999911e+00 3.720000000000000195e+00 5.129999999999999893e+00 3.770000000000000018e+00 9.200000000000000400e-01 5.519999999999999574e+00 -1.000000000000000000e+00 4.160000000000000142e+00 -1.000000000000000000e+00 3.589999999999999858e+00
2.370000000000000107e+00 3.790000000000000036e+00 5.160000000000000142e+00 3.790000000000000036e+00 9.000000000000000222e-01 5.530000000000000249e+00 -1.000000000000000000e+00 4.200000000000000178e+00 -1.000000000000000000e+00 3.609999999999999876e+00
2.379999999999999893e+00 3.759999999999999787e+00 5.190000000000000391e+00 3.810000000000000053e+00 9.200000000000000400e-01 5.480000000000000426e+00 -1.000000000000000000e+00 4.160000000000000142e+00 -1.000000000000000000e+00 3.600000000000000089e+00
2.419999999999999929e+00 3.720000000000000195e+00 5.139999999999999680e+00 3.790000000000000036e+00 9.300000000000000488e-01 5.469999999999999751e+00 -1.000000000000000000e+00 4.280000000000000249e+00 -1.000000000000000000e+00 3.509999999999999787e+00
2.359999999999999876e+00 3.720000000000000195e+00 5.200000000000000178e+00 3.850000000000000089e+00 9.300000000000000488e-01 5.509999999999999787e+00 -1.000000000000000000e+00 4.179999999999999716e+00 -1.000000000000000000e+00 3.620000000000000107e+00
2.419999999999999929e+00 3.740000000000000213e+00 5.150000000000000355e+00 3.779999999999999805e+00 9.000000000000000222e-01 5.559999999999999609e+00 -1.000000000000000000e+00 4.190000000000000391e+00 -1.000000000000000000e+00 3.549999999999999822e+00
2.439999999999999947e+00 3.759999999999999787e+00 5.120000000000000107e+00 3.810000000000000053e+00 9.100000000000000311e-01 5.509999999999999787e+00 -1.000000000000000000e+00 4.190000000000000391e+00 -1.000000000000000000e+00 3.569999999999999840e+00
2.399999999999999911e+00 3.770000000000000018e+00 5.139999999999999680e+00 3.770000000000000018e+00 9.200000000000000400e-01 5.540000000000000036e+00 -1.000000000000000000e+00 4.190000000000000391e+00 -1.000000000000000000e+00 3.560000000000000053e+00
2.439999999999999947e+00 3.750000000000000000e+00 5.139999999999999680e+00 3.799999999999999822e+00 9.200000000000000400e-01 5.509999999999999787e+00 -1.000000000000000000e+00 4.240000000000000213e+00 -1.000000000000000000e+00 3.569999999999999840e+00
2.399999999999999911e+00 3.729999999999999982e+00 5.099999999999999645e+00 3.759999999999999787e+00 9.499999999999999556e-01 5.480000000000000426e+00 -1.000000000000000000e+00 4.179999999999999716e+00 -1.000000000000000000e+00 3.580000000000000071e+00
2.399999999999999911e+00 3.740000000000000213e+00 5.099999999999999645e+00 3.770000000000000018e+00 9.100000000000000311e-01 5.490000000000000213e+00 -1.000000000000000000e+00 4.160000000000000142e+00 -1.000000000000000000e+00 3.580000000000000071e+00
2.399999999999999911e+00 3.729999999999999982e+00 5.099999999999999645e+00 3.850000000000000089e+00 9.000000000000000222e-01 5.599999999999999645e+00 -1.000000000000000000e+00 4.240000000000000213e+00 -1.000000000000000000e+00 3.589999999999999858e+00
2.390000000000000124e+00 3.750000000000000000e+00 5.120000000000000107e+00 3.850000000000000089e+00 9.300000000000000488e-01 5.490000000000000213e+00 -1.000000000000000000e+00 4.219999999999999751e+00 -1.000000000000000000e+00 3.580000000000000071e+00
2.450000000000000178e+00 3.759999999999999787e+00 5.219999999999999751e+00 3.839999999999999858e+00 9.100000000000000311e-01 5.450000000000000178e+00 -1.000000000000000000e+00 4.169999999999999929e+00 -1.000000000000000000e+00 3.600000000000000089e+00
2.379999999999999893e+00 3.779999999999999805e+00 5.070000000000000284e+00 3.790000000000000036e+00 9.100000000000000311e-01 5.540000000000000036e+00 -1.000000000000000000e+00 4.240000000000000213e+00 -1.000000000000000000e+00 3.609999999999999876e+00
2.379999999999999893e+00 3.759999999999999787e+00 5.169999999999999929e+00 3.799999999999999822e+00 9.000000000000000222e-01 5.519999999999999574e+00 -1.000000000000000000e+00 4.200000000000000178e+00 -1.000000000000000000e+00 3.569999999999999840e+00
2.370000000000000107e+00 3.729999999999999982e+00 5.120000000000000107e+00 3.720000000000000195e+00 9.300000000000000488e-01 5.599999999999999645e+00 -1.000000000000000000e+00 4.169999999999999929e+00 -1.000000000000000000e+00 3.540000000000000036e+00
