-1.000000000000000000e+00 -1.000000000000000000e+00 -1.000000000000000000e+00 -1.000000000000000000e+00 -1.000000000000000000e+00 -1.000000000000000000e+00 -1.000000000000000000e+00 -1.000000000000000000e+00 -1.000000000000000000e+00 -1.000000000000000000e+00
3.649999999999999911e+00 4.280000000000000249e+00 -1.000000000000000000e+00 3.529999999999999805e+00 -1.000000000000000000e+00 4.639999999999999680e+00 -1.000000000000000000e+00 -1.000000000000000000e+00 9.200000000000000400e-01 3.589999999999999858e+00
3.620000000000000107e+00 4.240000000000000213e+00 4.059999999999999609e+00 3.609999999999999876e+00 -1.000000000000000000e+00 4.709999999999999964e+00 -1.000000000000000000e+00 -1.000000000000000000e+00 9.100000000000000311e-01 3.580000000000000071e+00
3.620000000000000107e+00 4.219999999999999751e+00 4.040000000000000036e+00 3.549999999999999822e+00 -1.000000000000000000e+00 4.750000000000000000e+00 -1.000000000000000000e+00 -1.000000000000000000e+00 9.000000000000000222e-01 3.529999999999999805e+00
3.609999999999999876e+00 4.250000000000000000e+00 4.019999999999999574e+00 3.490000000000000213e+00 -1.000000000000000000e+00 4.719999999999999751e+00 -1.000000000000000000e+00 -1.000000000000000000e+00 8.900000000000000133e-01 3.549999999999999822e+00
3.629999999999999893e+00 4.250000000000000000e+00 4.059999999999999609e+00 3.569999999999999840e+00 -1.000000000000000000e+00 4.679999999999999716e+00 -1.000000000000000000e+00 -1.000000000000000000e+00 9.000000000000000222e-01 3.560000000000000053e+00
-1.000000000000000000e+00 4.240000000000000213e+00 4.080000000000000071e+00 3.529999999999999805e+00 -1.000000000000000000e+00 4.610000000000000320e+00 -1.000000000000000000e+00 -1.000000000000000000e+00 9.200000000000000400e-01 3.500000000000000000e+00
3.620000000000000107e+00 4.290000000000000036e+00 -1.000000000000000000e+00 3.549999999999999822e+00 -1.000000000000000000e+00 -1.000000000000000000e+00 -1.000000000000000000e+00 4.900000000000000355e+00 9.200000000000000400e-01 3.640000000000000124e+00
3.569999999999999840e+00 4.219999999999999751e+00 4.080000000000000071e+00 3.529999999999999805e+00 -1.000000000000000000e+00 -1.000000000000000000e+00 -1.000000000000000000e+00 4.849999999999999645e+00 9.200000000000000400e-01 3.529999999999999805e+00
3.629999999999999893e+00 4.269999999999999574e+00 4.049999999999999822e+00 3.490000000000000213e+00 -1.000000000000000000e+00 -1.000000000000000000e+00 -1.000000000000000000e+00 4.870000000000000107e+00 9.300000000000000488e-01 3.529999999999999805e+00
3.560000000000000053e+00 4.280000000000000249e+00 4.059999999999999609e+00 3.500000000000000000e+00 -1.000000000000000000e+00 -1.000000000000000000e+00 -1.000000000000000000e+00 4.860000000000000320e+00 9.100000000000000311e-01 3.580000000000000071e+00
3.649999999999999911e+00 4.269999999999999574e+00 4.040000000000000036e+00 3.509999999999999787e+00 -1.000000000000000000e+00 -1.000000000000000000e+00 -1.000000000000000000e+00 4.929999999999999716e+00 9.000000000000000222e-01 3.509999999999999787e+00
3.569999999999999840e+00 4.269999999999999574e+00 4.070000000000000284e+00 3.609999999999999876e+00 -1.000000000000000000e+00 -1.000000000000000000e+00 -1.000000000000000000e+00 4.919999999999999929e+00 9.200000000000000400e-01 3.470000000000000195e+00
3.580000000000000071e+00 4.299999999999999822e+00 4.030000000000000249e+00 3.529999999999999805e+00 -1.000000000000000000e+00 -1.000000000000000000e+00 -1.000000000000000000e+00 4.900000000000000355e+00 9.000000000000000222e-01 3.479999999999999982e+00
3.589999999999999858e+00 4.230000000000000426e+00 4.009999999999999787e+00 3.540000000000000036e+00 -1.000000000000000000e+00 -1.000000000000000000e+00 -1.000000000000000000e+00 4.860000000000000320e+00 9.300000000000000488e-01 3.509999999999999787e+00
3.560000000000000053e+00 4.269999999999999574e+00 4.009999999999999787e+00 3.529999999999999805e+00 -1.000000000000000000e+00 -1.000000000000000000e+00 -1.000000000000000000e+00 4.799999999999999822e+00 9.100000000000000311e-01 3.509999999999999787e+00
3.649999999999999911e+00 4.280000000000000249e+00 4.049999999999999822e+00 3.580000000000000071e+00 -1.000000000000000000e+00 -1.000000000000000000e+00 -1.000000000000000000e+00 4.910000000000000142e+00 9.100000000000000311e-01 3.509999999999999787e+00
3.549999999999999822e+00 4.290000000000000036e+00 4.009999999999999787e+00 3.589999999999999858e+00 -1.000000000000000000e+00 -1.000000000000000000e+00 -1.000000000000000000e+00 4.900000000000000355e+00 9.499999999999999556e-01 3.580000000000000071e+00
3.600000000000000089e+00 4.269999999999999574e+00 4.049999999999999822e+00 3.560000000000000053e+00 -1.000000000000000000e+00 -1.000000000000000000e+00 -1.000000000000000000e+00 4.889999999999999680e+00 9.000000000000000222e-01 3.509999999999999787e+00
3.640000000000000124e+00 4.269999999999999574e+00 4.040000000000000036e+00 3.600000000000000089e+00 -1.000000000000000000e+00 -1.000000000000000000e+00 -1.000000000000000000e+00 4.910000000000000142e+00 9.000000000000000222e-01 3.540000000000000036e+00
3.569999999999999840e+00 4.259999999999999787e+00 4.049999999999999822e+00 3.609999999999999876e+00 -1.000000000000000000e+00 -1.000000000000000000e+00 -1.000000000000000000e+00 4.849999999999999645e+00 9.499999999999999556e-01 3.490000000000000213e+00
3.560000000000000053e+00 4.230000000000000426e+00 4.049999999999999822e+00 3.580000000000000071e+00 -1.000000000000000000e+00 -1.000000000000000000e+00 -1.000000000000000000e+00 4.879999999999999893e+00 9.000000000000000222e-01 3.560000000000000053e+00
3.700000000000000178e+00 4.230000000000000426e+00 4.049999999999999822e+00 3.560000000000000053e+00 -1.000000000000000000e+00 -1.000000000000000000e+00 -1.000000000000000000e+00 4.849999999999999645e+00 9.200000000000000400e-01 3.589999999999999858e+00
3.640000000000000124e+00 4.219999999999999751e+00 4.030000000000000249e+00 3.549999999999999822e+00 -1.000000000000000000e+00 -1.000000000000000000e+00 -1.000000000000000000e+00 4.830000000000000071e+00 9.100000000000000311e-01 3.520000000000000018e+00
3.609999999999999876e+00 4.269999999999999574e+00 4.049999999999999822e+00 3.589999999999999858e+00 -1.000000000000000000e+00 -1.000000000000000000e+00 -1.000000000000000000e+00 4.860000000000000320e+00 9.599999999999999645e-01 3.560000000000000053e+00
3.569999999999999840e+00 4.259999999999999787e+00 4.030000000000000249e+00 3.609999999999999876e+00 -1.000000000000000000e+00 -1.000000000000000000e+00 -1.000000000000000000e+00 4.879999999999999893e+00 9.300000000000000488e-01 3.540000000000000036e+00
3.660000000000000142e+00 4.240000000000000213e+00 4.080000000000000071e+00 3.549999999999999822e+00 -1.000000000000000000e+00 -1.000000000000000000e+00 -1.000000000000000000e+00 4.929999999999999716e+00 9.000000000000000222e-01 3.549999999999999822e+00
3.600000000000000089e+00 4.219999999999999751e+00 4.040000000000000036e+00 3.520000000000000018e+00 -1.000000000000000000e+00 -1.000000000000000000e+00 -1.000000000000000000e+00 4.860000000000000320e+00 9.000000000000000222e-01 3.569999999999999840e+00
3.689999999999999947e+00 4.280000000000000249e+00 4.059999999999999609e+00 3.500000000000000000e+00 -1.000000000000000000e+00 -1.000000000000000000e+00 -1.000000000000000000e+00 4.919999999999999929e+00 9.300000000000000488e-01 3.580000000000000071e+00
3.640000000000000124e+00 4.299999999999999822e+00 4.040000000000000036e+00 3.540000000000000036e+00 -1.000000000000000000e+00 -1.000000000000000000e+00 -1.000000000000000000e+00 4.910000000000000142e+00 9.200000000000000400e-01 3.609999999999999876e+00
3.640000000000000124e+00 4.269999999999999574e+00 4.009999999999999787e+00 3.520000000000000018e+00 -1.000000000000000000e+00 -1.000000000000000000e+00 -1.000000000000000000e+00 4.910000000000000142e+00 9.399999999999999467e-01 3.540000000000000036e+00
3.629999999999999893e+00 4.280000000000000249e+00 4.009999999999999787e+00 3.490000000000000213e+00 -1.000000000000000000e+00 -1.000000000000000000e+00 -1.000000000000000000e+00 4.879999999999999893e+00 9.100000000000000311e-01 3.509999999999999787e+00
3.600000000000000089e+00 4.290000000000000036e+00 4.030000000000000249e+00 3.649999999999999911e+00 -1.000000000000000000e+00 -1.000000000000000000e+00 -1.000000000000000000e+00 4.889999999999999680e+00 9.000000000000000222e-01 3.520000000000000018e+00
3.600000000000000089e+00 4.259999999999999787e+00 4.019999999999999574e+00 3.520000000000000018e+00 -1.000000000000000000e+00 -1.000000000000000000e+00 -1.000000000000000000e+00 4.910000000000000142e+00 9.200000000000000400e-01 3.569999999999999840e+00
3.589999999999999858e+00 4.240000000000000213e+00 4.070000000000000284e+00 3.540000000000000036e+00 -1.000000000000000000e+00 -1.000000000000000000e+00 -1.000000000000000000e+00 4.860000000000000320e+00 8.900000000000000133e-01 3.549999999999999822e+00
3.620000000000000107e+00 4.259999999999999787e+00 4.059999999999999609e+00 3.609999999999999876e+00 -1.000000000000000000e+00 -1.000000000000000000e+00 -1.000000000000000000e+00 4.849999999999999645e+00 9.000000000000000222e-01 3.509999999999999787e+00
3.609999999999999876e+00 4.259999999999999787e+00 4.019999999999999574e+00 3.589999999999999858e+00 -1.000000000000000000e+00 -1.000000000000000000e+00 -1.000000000000000000e+00 4.919999999999999929e+00 9.200000000000000400e-01 3.560000000000000053e+00
3.580000000000000071e+00 4.230000000000000426e+00 4.019999999999999574e+00 3.540000000000000036e+00 -1.000000000000000000e+00 -1.000000000000000000e+00 -1.000000000000000000e+00 4.860000000000000320e+00 9.100000000000000311e-01 3.490000000000000213e+00
3.660000000000000142e+00 4.259999999999999787e+00 4.009999999999999787e+00 3.549999999999999822e+00 -1.000000000000000000e+00 -1.000000000000000000e+00 -1.000000000000000000e+00 4.929999999999999716e+00 9.000000000000000222e-01 3.540000000000000036e+00
3.580000000000000071e+00 4.280000000000000249e+00 4.009999999999999787e+00 3.580000000000000071e+00 -1.000000000000000000e+00 -1.000000000000000000e+00 -1.000000000000000000e+00 4.839999999999999858e+00 9.000000000000000222e-01 3.600000000000000089e+00
3.600000000000000089e+00 4.250000000000000000e+00 4.059999999999999609e+00 3.549999999999999822e+00 -1.000000000000000000e+00 -1.000000000000000000e+00 -1.000000000000000000e+00 4.830000000000000071e+00 9.100000000000000311e-01 3.500000000000000000e+00
3.629999999999999893e+00 4.230000000000000426e+00 4.030000000000000249e+00 3.520000000000000018e+00 -1.000000000000000000e+00 -1.000000000000000000e+00 -1.000000000000000000e+00 4.889999999999999680e+00 9.000000000000000222e-01 3.529999999999999805e+00
3.620000000000000107e+00 4.269999999999999574e+00 4.070000000000000284e+00 3.549999999999999822e+00 -1.000000000000000000e+00 -1.000000000000000000e+00 -1.000000000000000000e+00 4.900000000000000355e+00 9.100000000000000311e-01 3.470000000000000195e+00
3.629999999999999893e+00 4.259999999999999787e+00 4.030000000000000249e+00 3.560000000000000053e+00 -1.000000000000000000e+00 -1.000000000000000000e+00 -1.000000000000000000e+00 4.839999999999999858e+00 8.900000000000000133e-01 3.640000000000000124e+00
3.620000000000000107e+00 4.259999999999999787e+00 4.080000000000000071e+00 3.549999999999999822e+00 -1.000000000000000000e+00 -1.000000000000000000e+00 -1.000000000000000000e+00 4.849999999999999645e+00 9.200000000000000400e-01 3.540000000000000036e+00
3.680000000000000160e+00 4.259999999999999787e+00 4.040000000000000036e+00 3.479999999999999982e+00 -1.000000000000000000e+00 -1.000000000000000000e+00 -1.000000000000000000e+00 4.919999999999999929e+00 9.200000000000000400e-01 3.569999999999999840e+00
3.540000000000000036e+00 4.269999999999999574e+00 4.040000000000000036e+00 3.549999999999999822e+00 -1.000000000000000000e+00 -1.000000000000000000e+00 -1.000000000000000000e+00 4.910000000000000142e+00 9.399999999999999467e-01 3.549999999999999822e+00
3.649999999999999911e+00 4.269999999999999574e+00 4.040000000000000036e+00 3.589999999999999858e+00 -1.000000000000000000e+00 -1.000000000000000000e+00 -1.000000000000000000e+00 4.879999999999999893e+00 9.000000000000000222e-01 3.500000000000000000e+00
3.580000000000000071e+00 4.250000000000000000e+00 4.030000000000000249e+00 3.560000000000000053e+00 -1.000000000000000000e+00 -1.000000000000000000e+00 -1.000000000000000000e+00 4.879999999999999893e+00 8.800000000000000044e-01 3.459999999999999964e+00
3.620000000000000107e+00 4.259999999999999787e+00 4.019999999999999574e+00 3.600000000000000089e+00 -1.000000000000000000e+00 -1.000000000000000000e+00 -1.000000000000000000e+00 4.910000000000000142e+00 9.100000000000000311e-01 3.520000000000000018e+00
3.649999999999999911e+00 4.250000000000000000e+00 4.030000000000000249e+00 3.560000000000000053e+00 -1.000000000000000000e+00 -1.000000000000000000e+00 -1.000000000000000000e+00 4.860000000000000320e+00 9.100000000000000311e-01 3.560000000000000053e+00
3.620000000000000107e+00 4.240000000000000213e+00 4.089999999999999858e+00 3.549999999999999822e+00 -1.000000000000000000e+00 -1.000000000000000000e+00 -1.000000000000000000e+00 4.870000000000000107e+00 9.000000000000000222e-01 3.540000000000000036e+00
3.640000000000000124e+00 4.250000000000000000e+00 4.049999999999999822e+00 3.540000000000000036e+00 -1.000000000000000000e+00 -1.000000000000000000e+00 -1.000000000000000000e+00 4.820000000000000284e+00 9.000000000000000222e-01 3.580000000000000071e+00
3.600000000000000089e+00 4.259999999999999787e+00 4.049999999999999822e+00 3.549999999999999822e+00 -1.000000000000000000e+00 -1.000000000000000000e+00 -1.000000000000000000e+00 4.849999999999999645e+00 9.200000000000000400e-01 3.490000000000000213e+00
3.649999999999999911e+00 4.219999999999999751e+00 4.030000000000000249e+00 3.520000000000000018e+00 -1.000000000000000000e+00 -1.000000000000000000e+00 -1.000000000000000000e+00 4.830000000000000071e+00 9.000000000000000222e-01 3.529999999999999805e+00
3.689999999999999947e+00 4.259999999999999787e+00 4.080000000000000071e+00 3.560000000000000053e+00 -1.000000000000000000e+00 -1.000000000000000000e+00 -1.000000000000000000e+00 4.839999999999999858e+00 9.200000000000000400e-01 3.560000000000000053e+00
3.609999999999999876e+00 4.269999999999999574e+00 4.009999999999999787e+00 3.529999999999999805e+00 -1.000000000000000000e+00 -1.000000000000000000e+00 -1.000000000000000000e+00 4.879999999999999893e+00 9.200000000000000400e-01 3.589999999999999858e+00
3.600000000000000089e+00 4.230000000000000426e+00 4.030000000000000249e+00 3.540000000000000036e+00 -1.000000000000000000e+00 -1.000000000000000000e+00 -1.000000000000000000e+00 4.929999999999999716e+00 -1.000000000000000000e+00 3.459999999999999964e+00
3.660000000000000142e+00 4.299999999999999822e+00 4.009999999999999787e+00 3.560000000000000053e+00 -1.000000000000000000e+00 -1.000000000000000000e+00 -1.000000000000000000e+00 4.900000000000000355e+00 9.200000000000000400e-01 3.490000000000000213e+00
3.589999999999999858e+00 4.259999999999999787e+00 4.009999999999999787e+00 3.600000000000000089e+00 -1.000000000000000000e+00 -1.000000000000000000e+00 -1.000000000000000000e+00 4.879999999999999893e+00 9.000000000000000222e-01 3.520000000000000018e+00
3.569999999999999840e+00 4.230000000000000426e+00 4.030000000000000249e+00 3.580000000000000071e+00 -1.000000000000000000e+00 -1.000000000000000000e+00 -1.000000000000000000e+00 4.860000000000000320e+00 9.100000000000000311e-01 3.509999999999999787e+00
3.629999999999999893e+00 4.219999999999999751e+00 4.040000000000000036e+00 3.540000000000000036e+00 -1.000000000000000000e+00 -1.000000000000000000e+00 -1.000000000000000000e+00 4.900000000000000355e+00 9.200000000000000400e-01 3.540000000000000036e+00
3.609999999999999876e+00 4.240000000000000213e+00 4.009999999999999787e+00 3.520000000000000018e+00 -1.000000000000000000e+00 -1.000000000000000000e+00 -1.000000000000000000e+00 4.860000000000000320e+00 9.000000000000000222e-01 3.589999999999999858e+00
3.549999999999999822e+00 4.299999999999999822e+00 4.070000000000000284e+00 3.540000000000000036e+00 -1.000000000000000000e+00 -1.000000000000000000e+00 -1.000000000000000000e+00 4.950000000000000178e+00 9.200000000000000400e-01 3.640000000000000124e+00
3.600000000000000089e+00 4.259999999999999787e+00 4.070000000000000284e+00 3.479999999999999982e+00 -1.000000000000000000e+00 -1.000000000000000000e+00 -1.000000000000000000e+00 4.860000000000000320e+00 9.000000000000000222e-01 3.560000000000000053e+00
3.609999999999999876e+00 4.309999999999999609e+00 4.019999999999999574e+00 3.549999999999999822e+00 -1.000000000000000000e+00 -1.000000000000000000e+00 -1.000000000000000000e+00 4.889999999999999680e+00 9.100000000000000311e-01 3.560000000000000053e+00
3.609999999999999876e+00 4.250000000000000000e+00 4.059999999999999609e+00 3.549999999999999822e+00 -1.000000000000000000e+00 -1.000000000000000000e+00 -1.000000000000000000e+00 4.889999999999999680e+00 9.000000000000000222e-01 3.450000000000000178e+00
3.529999999999999805e+00 4.250000000000000000e+00 4.030000000000000249e+00 3.589999999999999858e+00 -1.000000000000000000e+00 -1.000000000000000000e+00 -1.000000000000000000e+00 4.839999999999999858e+00 9.200000000000000400e-01 3.600000000000000089e+00
3.580000000000000071e+00 4.250000000000000000e+00 4.049999999999999822e+00 3.580000000000000071e+00 -1.000000000000000000e+00 -1.000000000000000000e+00 -1.000000000000000000e+00 4.900000000000000355e+00 9.300000000000000488e-01 3.509999999999999787e+00
3.609999999999999876e+00 4.219999999999999751e+00 4.030000000000000249e+00 3.540000000000000036e+00 -1.000000000000000000e+00 -1.000000000000000000e+00 -1.000000000000000000e+00 4.849999999999999645e+00 9.100000000000000311e-01 3.600000000000000089e+00
3.600000000000000089e+00 4.280000000000000249e+00 4.080000000000000071e+00 3.549999999999999822e+00 -1.000000000000000000e+00 -1.000000000000000000e+00 -1.000000000000000000e+00 4.820000000000000284e+00 9.000000000000000222e-01 3.580000000000000071e+00
3.660000000000000142e+00 4.280000000000000249e+00 4.089999999999999858e+00 3.580000000000000071e+00 -1.000000000000000000e+00 -1.000000000000000000e+00 -1.000000000000000000e+00 4.870000000000000107e+00 9.000000000000000222e-01 3.490000000000000213e+00
3.629999999999999893e+00 4.240000000000000213e+00 4.049999999999999822e+00 3.540000000000000036e+00 -1.000000000000000000e+00 -1.000000000000000000e+00 -1.000000000000000000e+00 4.870000000000000107e+00 9.100000000000000311e-01 3.560000000000000053e+00
3.620000000000000107e+00 4.240000000000000213e+00 4.030000000000000249e+00 3.580000000000000071e+00 -1.000000000000000000e+00 -1.000000000000000000e+00 -1.000000000000000000e+00 4.940000000000000391e+00 9.000000000000000222e-01 3.520000000000000018e+00
3.649999999999999911e+00 4.280000000000000249e+00 4.009999999999999787e+00 3.509999999999999787e+00 -1.000000000000000000e+00 -1.000000000000000000e+00 -1.000000000000000000e+00 4.879999999999999893e+00 9.300000000000000488e-01 3.490000000000000213e+00
3.629999999999999893e+00 4.290000000000000036e+00 4.019999999999999574e+00 3.560000000000000053e+00 -1.000000000000000000e+00 -1.000000000000000000e+00 -1.000000000000000000e+00 4.870000000000000107e+00 9.000000000000000222e-01 3.560000000000000053e+00
3.609999999999999876e+00 4.240000000000000213e+00 4.040000000000000036e+00 3.520000000000000018e+00 -1.000000000000000000e+00 -1.000000000000000000e+00 -1.000000000000000000e+00 4.889999999999999680e+00 9.200000000000000400e-01 3.520000000000000018e+00
3.589999999999999858e+00 4.240000000000000213e+00 4.049999999999999822e+00 3.520000000000000018e+00 -1.000000000000000000e+00 -1.000000000000000000e+00 -1.000000000000000000e+00 4.860000000000000320e+00 9.100000000000000311e-01 3.549999999999999822e+00
3.680000000000000160e+00 4.250000000000000000e+00 4.070000000000000284e+00 3.540000000000000036e+00 -1.000000000000000000e+00 -1.000000000000000000e+00 -1.000000000000000000e+00 4.870000000000000107e+00 9.000000000000000222e-01 3.529999999999999805e+00
3.689999999999999947e+00 4.230000000000000426e+00 4.000000000000000000e+00 3.609999999999999876e+00 -1.000000000000000000e+00 -1.000000000000000000e+00 -1.000000000000000000e+00 4.919999999999999929e+00 9.000000000000000222e-01 3.560000000000000053e+00
3.660000000000000142e+00 4.230000000000000426e+00 4.009999999999999787e+00 3.549999999999999822e+00 -1.000000000000000000e+00 -1.000000000000000000e+00 -1.000000000000000000e+00 4.820000000000000284e+00 9.000000000000000222e-01 3.620000000000000107e+00
3.640000000000000124e+00 4.240000000000000213e+00 4.009999999999999787e+00 3.600000000000000089e+00 -1.000000000000000000e+00 -1.000000000000000000e+00 -1.000000000000000000e+00 4.839999999999999858e+00 9.200000000000000400e-01 3.529999999999999805e+00
3.669999999999999929e+00 4.230000000000000426e+00 4.030000000000000249e+00 3.560000000000000053e+00 -1.000000000000000000e+00 -1.000000000000000000e+00 -1.000000000000000000e+00 4.879999999999999893e+00 9.200000000000000400e-01 3.549999999999999822e+00
3.660000000000000142e+00 4.250000000000000000e+00 4.009999999999999787e+00 3.580000000000000071e+00 -1.000000000000000000e+00 -1.000000000000000000e+00 -1.000000000000000000e+00 4.830000000000000071e+00 9.200000000000000400e-01 3.549999999999999822e+00
3.700000000000000178e+00 4.219999999999999751e+00 4.000000000000000000e+00 3.520000000000000018e+00 -1.000000000000000000e+00 -1.000000000000000000e+00 -1.000000000000000000e+00 4.900000000000000355e+00 9.399999999999999467e-01 3.490000000000000213e+00
3.640000000000000124e+00 4.240000000000000213e+00 4.019999999999999574e+00 3.560000000000000053e+00 -1.000000000000000000e+00 -1.000000000000000000e+00 -1.000000000000000000e+00 4.879999999999999893e+00 9.000000000000000222e-01 3.520000000000000018e+00
3.600000000000000089e+00 4.250000000000000000e+00 4.040000000000000036e+00 3.520000000000000018e+00 -1.000000000000000000e+00 -1.000000000000000000e+00 -1.000000000000000000e+00 4.900000000000000355e+00 9.100000000000000311e-01 3.580000000000000071e+00
3.649999999999999911e+00 4.250000000000000000e+00 4.019999999999999574e+00 3.589999999999999858e+00 -1.000000000000000000e+00 -1.000000000000000000e+00 -1.000000000000000000e+00 4.849999999999999645e+00 9.000000000000000222e-01 3.620000000000000107e+00
3.560000000000000053e+00 4.269999999999999574e+00 4.049999999999999822e+00 3.560000000000000053e+00 -1.000000000000000000e+00 -1.000000000000000000e+00 -1.000000000000000000e+00 4.820000000000000284e+00 9.200000000000000400e-01 3.549999999999999822e+00
3.640000000000000124e+00 4.219999999999999751e+00 4.059999999999999609e+00 3.580000000000000071e+00 -1.000000000000000000e+00 -1.000000000000000000e+00 -1.000000000000000000e+00 4.860000000000000320e+00 9.000000000000000222e-01 3.600000000000000089e+00
3.549999999999999822e+00 4.259999999999999787e+00 4.080000000000000071e+00 3.490000000000000213e+00 -1.000000000000000000e+00 -1.000000000000000000e+00 -1.000000000000000000e+00 4.910000000000000142e+00 9.499999999999999556e-01 3.549999999999999822e+00
3.620000000000000107e+00 4.250000000000000000e+00 4.040000000000000036e+00 3.560000000000000053e+00 -1.000000000000000000e+00 -1.000000000000000000e+00 -1.000000000000000000e+00 4.860000000000000320e+00 9.000000000000000222e-01 3.609999999999999876e+00
3.560000000000000053e+00 4.230000000000000426e+00 4.040000000000000036e+00 3.540000000000000036e+00 -1.000000000000000000e+00 -1.000000000000000000e+00 -1.000000000000000000e+00 4.839999999999999858e+00 9.000000000000000222e-01 3.520000000000000018e+00
3.609999999999999876e+00 4.240000000000000213e+00 4.009999999999999787e+00 3.479999999999999982e+00 -1.000000000000000000e+00 -1.000000000000000000e+00 -1.000000000000000000e+00 4.929999999999999716e+00 9.100000000000000311e-01 3.569999999999999840e+00
3.560000000000000053e+00 4.230000000000000426e+00 4.030000000000000249e+00 3.569999999999999840e+00 -1.000000000000000000e+00 -1.000000000000000000e+00 -1.000000000000000000e+00 4.889999999999999680e+00 9.200000000000000400e-01 3.600000000000000089e+00
3.569999999999999840e+00 4.230000000000000426e+00 4.059999999999999609e+00 3.560000000000000053e+00 -1.000000000000000000e+00 -1.000000000000000000e+00 -1.000000000000000000e+00 4.910000000000000142e+00 9.100000000000000311e-01 3.540000000000000036e+00
3.560000000000000053e+00 4.259999999999999787e+00 4.040000000000000036e+00 3.540000000000000036e+00 -1.000000000000000000e+00 -1.000000000000000000e+00 -1.000000000000000000e+00 4.870000000000000107e+00 8.900000000000000133e-01 3.549999999999999822e+00
3.580000000000000071e+00 4.299999999999999822e+00 4.030000000000000249e+00 3.560000000000000053e+00 -1.000000000000000000e+00 -1.000000000000000000e+00 -1.000000000000000000e+00 4.870000000000000107e+00 9.000000000000000222e-01 3.560000000000000053e+00
3.660000000000000142e+00 4.230000000000000426e+00 4.049999999999999822e+00 3.580000000000000071e+00 -1.000000000000000000e+00 -1.000000000000000000e+00 -1.000000000000000000e+00 4.870000000000000107e+00 9.200000000000000400e-01 3.509999999999999787e+00
3.620000000000000107e+00 4.269999999999999574e+00 4.040000000000000036e+00 3.549999999999999822e+00 -1.000000000000000000e+00 -1.000000000000000000e+00 -1.000000000000000000e+00 4.839999999999999858e+00 9.100000000000000311e-01 3.580000000000000071e+00
