-1.000000000000000000e+00 -1.000000000000000000e+00 -1.000000000000000000e+00 -1.000000000000000000e+00 -1.000000000000000000e+00 -1.000000000000000000e+00 -1.000000000000000000e+00 -1.000000000000000000e+00 -1.000000000000000000e+00 -1.000000000000000000e+00
3.609999999999999876e+00 1.129999999999999893e+00 7.799999999999999822e+00 5.179999999999999716e+00 4.910000000000000142e+00 7.500000000000000000e+00 -1.000000000000000000e+00 -1.000000000000000000e+00 4.259999999999999787e+00 3.609999999999999876e+00
3.609999999999999876e+00 1.090000000000000080e+00 7.719999999999999751e+00 5.259999999999999787e+00 4.969999999999999751e+00 7.490000000000000213e+00 -1.000000000000000000e+00 -1.000000000000000000e+00 4.190000000000000391e+00 3.600000000000000089e+00
3.589999999999999858e+00 1.139999999999999902e+00 7.719999999999999751e+00 5.200000000000000178e+00 4.889999999999999680e+00 7.469999999999999751e+00 -1.000000000000000000e+00 -1.000000000000000000e+00 4.259999999999999787e+00 4.429999999999999716e+00
3.600000000000000089e+00 1.129999999999999893e+00 7.750000000000000000e+00 5.269999999999999574e+00 4.910000000000000142e+00 7.469999999999999751e+00 -1.000000000000000000e+00 -1.000000000000000000e+00 4.219999999999999751e+00 4.339999999999999858e+00
3.620000000000000107e+00 1.110000000000000098e+00 7.809999999999999609e+00 5.259999999999999787e+00 4.910000000000000142e+00 7.480000000000000426e+00 -1.000000000000000000e+00 -1.000000000000000000e+00 4.219999999999999751e+00 3.720000000000000195e+00
3.589999999999999858e+00 1.129999999999999893e+00 7.740000000000000213e+00 5.280000000000000249e+00 4.940000000000000391e+00 7.469999999999999751e+00 -1.000000000000000000e+00 -1.000000000000000000e+00 4.219999999999999751e+00 3.600000000000000089e+00
3.520000000000000018e+00 1.139999999999999902e+00 7.799999999999999822e+00 4.530000000000000249e+00 4.969999999999999751e+00 7.500000000000000000e+00 -1.000000000000000000e+00 -1.000000000000000000e+00 4.200000000000000178e+00 3.589999999999999858e+00
3.600000000000000089e+00 1.060000000000000053e+00 7.740000000000000213e+00 5.280000000000000249e+00 4.879999999999999893e+00 7.480000000000000426e+00 -1.000000000000000000e+00 -1.000000000000000000e+00 4.219999999999999751e+00 4.349999999999999645e+00
3.569999999999999840e+00 1.149999999999999911e+00 7.799999999999999822e+00 3.979999999999999982e+00 4.910000000000000142e+00 8.460000000000000853e+00 -1.000000000000000000e+00 -1.000000000000000000e+00 4.200000000000000178e+00 3.339999999999999858e+00
3.560000000000000053e+00 1.110000000000000098e+00 7.700000000000000178e+00 5.219999999999999751e+00 5.000000000000000000e+00 7.419999999999999929e+00 -1.000000000000000000e+00 -1.000000000000000000e+00 4.269999999999999574e+00 3.140000000000000124e+00
3.560000000000000053e+00 1.129999999999999893e+00 7.700000000000000178e+00 5.349999999999999645e+00 4.950000000000000178e+00 7.500000000000000000e+00 -1.000000000000000000e+00 -1.000000000000000000e+00 4.230000000000000426e+00 3.919999999999999929e+00
3.529999999999999805e+00 1.159999999999999920e+00 7.750000000000000000e+00 4.049999999999999822e+00 4.900000000000000355e+00 7.429999999999999716e+00 -1.000000000000000000e+00 -1.000000000000000000e+00 4.219999999999999751e+00 4.089999999999999858e+00
3.580000000000000071e+00 1.100000000000000089e+00 7.730000000000000426e+00 5.280000000000000249e+00 4.940000000000000391e+00 7.400000000000000355e+00 -1.000000000000000000e+00 -1.000000000000000000e+00 4.259999999999999787e+00 4.259999999999999787e+00
3.609999999999999876e+00 1.120000000000000107e+00 7.629999999999999893e+00 5.250000000000000000e+00 4.940000000000000391e+00 8.560000000000000497e+00 -1.000000000000000000e+00 -1.000000000000000000e+00 4.230000000000000426e+00 4.089999999999999858e+00
3.529999999999999805e+00 1.120000000000000107e+00 7.769999999999999574e+00 4.679999999999999716e+00 4.959999999999999964e+00 7.459999999999999964e+00 -1.000000000000000000e+00 -1.000000000000000000e+00 4.200000000000000178e+00 4.370000000000000107e+00
3.629999999999999893e+00 1.169999999999999929e+00 7.730000000000000426e+00 5.250000000000000000e+00 4.900000000000000355e+00 7.379999999999999893e+00 -1.000000000000000000e+00 -1.000000000000000000e+00 4.219999999999999751e+00 4.009999999999999787e+00
3.520000000000000018e+00 1.129999999999999893e+00 7.790000000000000036e+00 5.299999999999999822e+00 4.910000000000000142e+00 7.450000000000000178e+00 -1.000000000000000000e+00 -1.000000000000000000e+00 4.269999999999999574e+00 3.500000000000000000e+00
3.609999999999999876e+00 1.139999999999999902e+00 7.679999999999999716e+00 5.250000000000000000e+00 4.919999999999999929e+00 7.309999999999999609e+00 -1.000000000000000000e+00 -1.000000000000000000e+00 4.250000000000000000e+00 3.620000000000000107e+00
3.589999999999999858e+00 1.100000000000000089e+00 7.759999999999999787e+00 5.349999999999999645e+00 4.950000000000000178e+00 7.419999999999999929e+00 -1.000000000000000000e+00 -1.000000000000000000e+00 4.179999999999999716e+00 3.669999999999999929e+00
3.490000000000000213e+00 1.129999999999999893e+00 7.750000000000000000e+00 5.219999999999999751e+00 4.919999999999999929e+00 7.549999999999999822e+00 -1.000000000000000000e+00 -1.000000000000000000e+00 4.209999999999999964e+00 3.700000000000000178e+00
3.569999999999999840e+00 1.110000000000000098e+00 7.679999999999999716e+00 5.299999999999999822e+00 4.910000000000000142e+00 8.550000000000000711e+00 -1.000000000000000000e+00 -1.000000000000000000e+00 4.200000000000000178e+00 3.729999999999999982e+00
3.569999999999999840e+00 1.090000000000000080e+00 7.790000000000000036e+00 5.179999999999999716e+00 4.889999999999999680e+00 7.450000000000000178e+00 -1.000000000000000000e+00 -1.000000000000000000e+00 4.200000000000000178e+00 4.009999999999999787e+00
3.560000000000000053e+00 1.110000000000000098e+00 7.759999999999999787e+00 5.330000000000000071e+00 4.910000000000000142e+00 8.519999999999999574e+00 -1.000000000000000000e+00 -1.000000000000000000e+00 4.219999999999999751e+00 3.620000000000000107e+00
3.600000000000000089e+00 1.129999999999999893e+00 7.820000000000000284e+00 5.230000000000000426e+00 4.959999999999999964e+00 7.509999999999999787e+00 -1.000000000000000000e+00 -1.000000000000000000e+00 4.190000000000000391e+00 4.429999999999999716e+00
3.700000000000000178e+00 1.129999999999999893e+00 7.750000000000000000e+00 5.679999999999999716e+00 4.940000000000000391e+00 7.500000000000000000e+00 -1.000000000000000000e+00 -1.000000000000000000e+00 4.230000000000000426e+00 3.859999999999999876e+00
3.580000000000000071e+00 1.129999999999999893e+00 7.780000000000000249e+00 5.919999999999999929e+00 4.910000000000000142e+00 7.490000000000000213e+00 -1.000000000000000000e+00 -1.000000000000000000e+00 4.320000000000000284e+00 4.009999999999999787e+00
3.600000000000000089e+00 1.110000000000000098e+00 7.730000000000000426e+00 5.309999999999999609e+00 4.969999999999999751e+00 7.500000000000000000e+00 -1.000000000000000000e+00 -1.000000000000000000e+00 4.250000000000000000e+00 4.730000000000000426e+00
3.549999999999999822e+00 1.120000000000000107e+00 7.809999999999999609e+00 4.679999999999999716e+00 4.889999999999999680e+00 7.419999999999999929e+00 -1.000000000000000000e+00 -1.000000000000000000e+00 4.230000000000000426e+00 4.330000000000000071e+00
3.520000000000000018e+00 1.129999999999999893e+00 7.709999999999999964e+00 5.370000000000000107e+00 4.919999999999999929e+00 7.440000000000000391e+00 -1.000000000000000000e+00 -1.000000000000000000e+00 4.230000000000000426e+00 3.899999999999999911e+00
3.569999999999999840e+00 1.139999999999999902e+00 7.730000000000000426e+00 5.290000000000000036e+00 4.929999999999999716e+00 7.459999999999999964e+00 -1.000000000000000000e+00 -1.000000000000000000e+00 4.169999999999999929e+00 4.000000000000000000e+00
3.580000000000000071e+00 1.139999999999999902e+00 7.650000000000000355e+00 5.280000000000000249e+00 4.929999999999999716e+00 7.549999999999999822e+00 -1.000000000000000000e+00 -1.000000000000000000e+00 4.219999999999999751e+00 4.330000000000000071e+00
3.629999999999999893e+00 1.149999999999999911e+00 7.660000000000000142e+00 4.759999999999999787e+00 4.900000000000000355e+00 7.370000000000000107e+00 -1.000000000000000000e+00 -1.000000000000000000e+00 4.179999999999999716e+00 3.759999999999999787e+00
3.600000000000000089e+00 1.120000000000000107e+00 7.679999999999999716e+00 4.580000000000000071e+00 4.900000000000000355e+00 7.410000000000000142e+00 -1.000000000000000000e+00 -1.000000000000000000e+00 4.230000000000000426e+00 3.640000000000000124e+00
3.580000000000000071e+00 1.110000000000000098e+00 7.620000000000000107e+00 4.629999999999999893e+00 4.950000000000000178e+00 7.450000000000000178e+00 -1.000000000000000000e+00 -1.000000000000000000e+00 4.179999999999999716e+00 3.640000000000000124e+00
3.609999999999999876e+00 1.159999999999999920e+00 7.750000000000000000e+00 5.360000000000000320e+00 4.940000000000000391e+00 7.429999999999999716e+00 -1.000000000000000000e+00 -1.000000000000000000e+00 4.240000000000000213e+00 3.919999999999999929e+00
3.589999999999999858e+00 1.159999999999999920e+00 7.860000000000000320e+00 5.320000000000000284e+00 4.849999999999999645e+00 8.500000000000000000e+00 -1.000000000000000000e+00 -1.000000000000000000e+00 4.219999999999999751e+00 4.389999999999999680e+00
3.589999999999999858e+00 1.139999999999999902e+00 7.740000000000000213e+00 5.250000000000000000e+00 4.910000000000000142e+00 7.519999999999999574e+00 -1.000000000000000000e+00 -1.000000000000000000e+00 4.219999999999999751e+00 4.059999999999999609e+00
3.520000000000000018e+00 1.120000000000000107e+00 7.740000000000000213e+00 5.269999999999999574e+00 4.870000000000000107e+00 7.519999999999999574e+00 -1.000000000000000000e+00 -1.000000000000000000e+00 4.200000000000000178e+00 3.609999999999999876e+00
3.549999999999999822e+00 1.129999999999999893e+00 7.780000000000000249e+00 5.309999999999999609e+00 4.900000000000000355e+00 7.509999999999999787e+00 -1.000000000000000000e+00 -1.000000000000000000e+00 4.230000000000000426e+00 4.000000000000000000e+00
3.529999999999999805e+00 1.120000000000000107e+00 7.709999999999999964e+00 5.339999999999999858e+00 4.929999999999999716e+00 7.509999999999999787e+00 -1.000000000000000000e+00 -1.000000000000000000e+00 4.219999999999999751e+00 3.669999999999999929e+00
3.569999999999999840e+00 1.120000000000000107e+00 7.719999999999999751e+00 5.299999999999999822e+00 4.919999999999999929e+00 7.500000000000000000e+00 -1.000000000000000000e+00 -1.000000000000000000e+00 4.240000000000000213e+00 3.970000000000000195e+00
3.649999999999999911e+00 1.120000000000000107e+00 7.849999999999999645e+00 5.230000000000000426e+00 4.980000000000000426e+00 7.509999999999999787e+00 -1.000000000000000000e+00 -1.000000000000000000e+00 4.250000000000000000e+00 3.299999999999999822e+00
3.560000000000000053e+00 1.120000000000000107e+00 7.719999999999999751e+00 5.259999999999999787e+00 4.969999999999999751e+00 7.480000000000000426e+00 -1.000000000000000000e+00 -1.000000000000000000e+00 4.280000000000000249e+00 3.399999999999999911e+00
3.580000000000000071e+00 1.139999999999999902e+00 7.740000000000000213e+00 5.330000000000000071e+00 4.940000000000000391e+00 7.549999999999999822e+00 -1.000000000000000000e+00 -1.000000000000000000e+00 4.179999999999999716e+00 4.379999999999999893e+00
3.529999999999999805e+00 1.129999999999999893e+00 7.759999999999999787e+00 4.849999999999999645e+00 4.969999999999999751e+00 7.480000000000000426e+00 -1.000000000000000000e+00 -1.000000000000000000e+00 4.179999999999999716e+00 3.930000000000000160e+00
3.580000000000000071e+00 1.120000000000000107e+00 7.660000000000000142e+00 4.709999999999999964e+00 4.889999999999999680e+00 8.509999999999999787e+00 -1.000000000000000000e+00 -1.000000000000000000e+00 4.219999999999999751e+00 4.250000000000000000e+00
3.540000000000000036e+00 1.110000000000000098e+00 7.769999999999999574e+00 5.360000000000000320e+00 4.950000000000000178e+00 8.429999999999999716e+00 -1.000000000000000000e+00 -1.000000000000000000e+00 4.219999999999999751e+00 4.049999999999999822e+00
3.549999999999999822e+00 1.129999999999999893e+00 7.700000000000000178e+00 5.280000000000000249e+00 4.919999999999999929e+00 8.550000000000000711e+00 -1.000000000000000000e+00 -1.000000000000000000e+00 4.219999999999999751e+00 3.950000000000000178e+00
3.620000000000000107e+00 1.139999999999999902e+00 7.700000000000000178e+00 5.110000000000000320e+00 4.940000000000000391e+00 7.490000000000000213e+00 -1.000000000000000000e+00 -1.000000000000000000e+00 4.230000000000000426e+00 3.589999999999999858e+00
3.520000000000000018e+00 1.129999999999999893e+00 7.809999999999999609e+00 5.250000000000000000e+00 4.919999999999999929e+00 7.519999999999999574e+00 -1.000000000000000000e+00 -1.000000000000000000e+00 4.219999999999999751e+00 3.680000000000000160e+00
3.509999999999999787e+00 1.120000000000000107e+00 7.679999999999999716e+00 5.200000000000000178e+00 4.929999999999999716e+00 7.480000000000000426e+00 -1.000000000000000000e+00 -1.000000000000000000e+00 4.269999999999999574e+00 3.700000000000000178e+00
3.640000000000000124e+00 1.110000000000000098e+00 7.679999999999999716e+00 5.269999999999999574e+00 4.929999999999999716e+00 7.429999999999999716e+00 -1.000000000000000000e+00 -1.000000000000000000e+00 4.219999999999999751e+00 3.569999999999999840e+00
3.569999999999999840e+00 1.169999999999999929e+00 7.780000000000000249e+00 5.250000000000000000e+00 4.900000000000000355e+00 7.419999999999999929e+00 -1.000000000000000000e+00 -1.000000000000000000e+00 4.240000000000000213e+00 3.950000000000000178e+00
3.580000000000000071e+00 1.120000000000000107e+00 7.750000000000000000e+00 5.250000000000000000e+00 4.919999999999999929e+00 7.429999999999999716e+00 -1.000000000000000000e+00 -1.000000000000000000e+00 4.200000000000000178e+00 3.669999999999999929e+00
3.589999999999999858e+00 1.139999999999999902e+00 7.719999999999999751e+00 5.830000000000000071e+00 4.919999999999999929e+00 7.530000000000000249e+00 -1.000000000000000000e+00 -1.000000000000000000e+00 4.269999999999999574e+00 3.910000000000000142e+00
3.520000000000000018e+00 1.120000000000000107e+00 7.709999999999999964e+00 4.580000000000000071e+00 4.919999999999999929e+00 7.459999999999999964e+00 -1.000000000000000000e+00 -1.000000000000000000e+00 4.219999999999999751e+00 3.589999999999999858e+00
3.600000000000000089e+00 1.139999999999999902e+00 7.780000000000000249e+00 5.280000000000000249e+00 4.929999999999999716e+00 7.469999999999999751e+00 -1.000000000000000000e+00 -1.000000000000000000e+00 4.219999999999999751e+00 3.620000000000000107e+00
3.640000000000000124e+00 1.110000000000000098e+00 7.690000000000000391e+00 5.330000000000000071e+00 4.919999999999999929e+00 7.509999999999999787e+00 -1.000000000000000000e+00 -1.000000000000000000e+00 4.230000000000000426e+00 4.009999999999999787e+00
3.540000000000000036e+00 1.090000000000000080e+00 7.709999999999999964e+00 5.259999999999999787e+00 4.889999999999999680e+00 7.440000000000000391e+00 -1.000000000000000000e+00 -1.000000000000000000e+00 4.209999999999999964e+00 4.040000000000000036e+00
3.529999999999999805e+00 1.110000000000000098e+00 7.719999999999999751e+00 5.219999999999999751e+00 4.919999999999999929e+00 7.480000000000000426e+00 -1.000000000000000000e+00 -1.000000000000000000e+00 4.209999999999999964e+00 3.629999999999999893e+00
3.589999999999999858e+00 1.129999999999999893e+00 7.719999999999999751e+00 5.839999999999999858e+00 4.910000000000000142e+00 7.530000000000000249e+00 -1.000000000000000000e+00 -1.000000000000000000e+00 4.269999999999999574e+00 3.589999999999999858e+00
3.640000000000000124e+00 1.120000000000000107e+00 7.820000000000000284e+00 5.230000000000000426e+00 4.910000000000000142e+00 9.580000000000000071e+00 -1.000000000000000000e+00 -1.000000000000000000e+00 4.209999999999999964e+00 3.930000000000000160e+00
3.609999999999999876e+00 1.120000000000000107e+00 7.820000000000000284e+00 5.169999999999999929e+00 4.919999999999999929e+00 7.400000000000000355e+00 -1.000000000000000000e+00 -1.000000000000000000e+00 4.219999999999999751e+00 4.400000000000000355e+00
3.640000000000000124e+00 1.080000000000000071e+00 7.759999999999999787e+00 5.290000000000000036e+00 4.919999999999999929e+00 7.509999999999999787e+00 -1.000000000000000000e+00 -1.000000000000000000e+00 4.230000000000000426e+00 4.540000000000000036e+00
3.609999999999999876e+00 1.129999999999999893e+00 7.730000000000000426e+00 5.209999999999999964e+00 4.870000000000000107e+00 7.469999999999999751e+00 -1.000000000000000000e+00 -1.000000000000000000e+00 4.200000000000000178e+00 3.990000000000000213e+00
3.580000000000000071e+00 1.129999999999999893e+00 7.709999999999999964e+00 5.309999999999999609e+00 4.990000000000000213e+00 7.580000000000000071e+00 -1.000000000000000000e+00 -1.000000000000000000e+00 4.230000000000000426e+00 4.030000000000000249e+00
3.560000000000000053e+00 1.110000000000000098e+00 7.820000000000000284e+00 5.219999999999999751e+00 4.879999999999999893e+00 8.560000000000000497e+00 -1.000000000000000000e+00 -1.000000000000000000e+00 4.230000000000000426e+00 3.779999999999999805e+00
3.629999999999999893e+00 1.129999999999999893e+00 7.830000000000000071e+00 5.269999999999999574e+00 4.900000000000000355e+00 7.490000000000000213e+00 -1.000000000000000000e+00 -1.000000000000000000e+00 4.240000000000000213e+00 4.389999999999999680e+00
3.529999999999999805e+00 1.169999999999999929e+00 7.629999999999999893e+00 4.620000000000000107e+00 4.900000000000000355e+00 8.380000000000000782e+00 -1.000000000000000000e+00 -1.000000000000000000e+00 4.250000000000000000e+00 3.629999999999999893e+00
3.609999999999999876e+00 1.110000000000000098e+00 7.700000000000000178e+00 5.290000000000000036e+00 4.889999999999999680e+00 7.549999999999999822e+00 -1.000000000000000000e+00 -1.000000000000000000e+00 4.169999999999999929e+00 4.379999999999999893e+00
3.569999999999999840e+00 1.129999999999999893e+00 7.759999999999999787e+00 5.280000000000000249e+00 4.969999999999999751e+00 8.390000000000000568e+00 -1.000000000000000000e+00 -1.000000000000000000e+00 4.259999999999999787e+00 3.919999999999999929e+00
3.589999999999999858e+00 1.120000000000000107e+00 7.719999999999999751e+00 5.230000000000000426e+00 4.959999999999999964e+00 8.369999999999999218e+00 -1.000000000000000000e+00 -1.000000000000000000e+00 4.219999999999999751e+00 4.070000000000000284e+00
3.620000000000000107e+00 1.120000000000000107e+00 7.769999999999999574e+00 4.759999999999999787e+00 4.910000000000000142e+00 7.389999999999999680e+00 -1.000000000000000000e+00 -1.000000000000000000e+00 4.200000000000000178e+00 3.779999999999999805e+00
3.509999999999999787e+00 1.110000000000000098e+00 7.740000000000000213e+00 4.709999999999999964e+00 4.919999999999999929e+00 7.509999999999999787e+00 -1.000000000000000000e+00 -1.000000000000000000e+00 4.240000000000000213e+00 3.490000000000000213e+00
3.540000000000000036e+00 1.129999999999999893e+00 7.730000000000000426e+00 5.769999999999999574e+00 4.910000000000000142e+00 7.519999999999999574e+00 -1.000000000000000000e+00 -1.000000000000000000e+00 4.230000000000000426e+00 3.600000000000000089e+00
3.609999999999999876e+00 1.120000000000000107e+00 7.740000000000000213e+00 4.759999999999999787e+00 4.910000000000000142e+00 7.559999999999999609e+00 -1.000000000000000000e+00 -1.000000000000000000e+00 4.190000000000000391e+00 4.379999999999999893e+00
3.660000000000000142e+00 1.090000000000000080e+00 7.790000000000000036e+00 5.240000000000000213e+00 4.919999999999999929e+00 8.419999999999999929e+00 -1.000000000000000000e+00 -1.000000000000000000e+00 4.230000000000000426e+00 3.879999999999999893e+00
3.520000000000000018e+00 1.129999999999999893e+00 7.799999999999999822e+00 5.299999999999999822e+00 4.950000000000000178e+00 8.349999999999999645e+00 -1.000000000000000000e+00 -1.000000000000000000e+00 4.240000000000000213e+00 3.250000000000000000e+00
3.569999999999999840e+00 1.129999999999999893e+00 7.769999999999999574e+00 5.339999999999999858e+00 4.929999999999999716e+00 7.440000000000000391e+00 -1.000000000000000000e+00 -1.000000000000000000e+00 4.219999999999999751e+00 3.299999999999999822e+00
3.620000000000000107e+00 1.149999999999999911e+00 7.730000000000000426e+00 5.259999999999999787e+00 4.910000000000000142e+00 7.549999999999999822e+00 -1.000000000000000000e+00 -1.000000000000000000e+00 4.259999999999999787e+00 4.040000000000000036e+00
3.609999999999999876e+00 1.120000000000000107e+00 7.709999999999999964e+00 5.280000000000000249e+00 4.919999999999999929e+00 7.450000000000000178e+00 -1.000000000000000000e+00 -1.000000000000000000e+00 4.219999999999999751e+00 3.979999999999999982e+00
3.620000000000000107e+00 1.169999999999999929e+00 7.759999999999999787e+00 5.250000000000000000e+00 4.910000000000000142e+00 7.530000000000000249e+00 -1.000000000000000000e+00 -1.000000000000000000e+00 4.200000000000000178e+00 4.040000000000000036e+00
3.589999999999999858e+00 1.120000000000000107e+00 7.639999999999999680e+00 5.259999999999999787e+00 4.870000000000000107e+00 7.530000000000000249e+00 -1.000000000000000000e+00 -1.000000000000000000e+00 4.230000000000000426e+00 4.379999999999999893e+00
3.620000000000000107e+00 1.070000000000000062e+00 7.769999999999999574e+00 5.230000000000000426e+00 4.900000000000000355e+00 7.450000000000000178e+00 -1.000000000000000000e+00 -1.000000000000000000e+00 4.169999999999999929e+00 4.000000000000000000e+00
3.580000000000000071e+00 1.120000000000000107e+00 7.709999999999999964e+00 5.240000000000000213e+00 4.910000000000000142e+00 7.570000000000000284e+00 -1.000000000000000000e+00 -1.000000000000000000e+00 4.230000000000000426e+00 3.620000000000000107e+00
3.589999999999999858e+00 1.129999999999999893e+00 7.799999999999999822e+00 5.150000000000000355e+00 4.900000000000000355e+00 7.400000000000000355e+00 -1.000000000000000000e+00 -1.000000000000000000e+00 4.219999999999999751e+00 4.070000000000000284e+00
3.560000000000000053e+00 1.110000000000000098e+00 7.690000000000000391e+00 5.190000000000000391e+00 4.919999999999999929e+00 8.560000000000000497e+00 -1.000000000000000000e+00 -1.000000000000000000e+00 4.240000000000000213e+00 4.059999999999999609e+00
3.640000000000000124e+00 1.120000000000000107e+00 7.759999999999999787e+00 4.870000000000000107e+00 4.910000000000000142e+00 8.480000000000000426e+00 -1.000000000000000000e+00 -1.000000000000000000e+00 4.240000000000000213e+00 4.360000000000000320e+00
3.569999999999999840e+00 1.129999999999999893e+00 7.730000000000000426e+00 5.259999999999999787e+00 4.910000000000000142e+00 7.400000000000000355e+00 -1.000000000000000000e+00 -1.000000000000000000e+00 4.219999999999999751e+00 4.280000000000000249e+00
3.520000000000000018e+00 1.100000000000000089e+00 7.690000000000000391e+00 4.809999999999999609e+00 4.900000000000000355e+00 7.509999999999999787e+00 -1.000000000000000000e+00 -1.000000000000000000e+00 4.240000000000000213e+00 4.009999999999999787e+00
3.580000000000000071e+00 1.159999999999999920e+00 7.660000000000000142e+00 5.330000000000000071e+00 4.969999999999999751e+00 7.509999999999999787e+00 -1.000000000000000000e+00 -1.000000000000000000e+00 4.230000000000000426e+00 3.990000000000000213e+00
3.490000000000000213e+00 1.159999999999999920e+00 7.730000000000000426e+00 5.230000000000000426e+00 4.969999999999999751e+00 7.500000000000000000e+00 -1.000000000000000000e+00 -1.000000000000000000e+00 4.209999999999999964e+00 3.959999999999999964e+00
3.609999999999999876e+00 1.129999999999999893e+00 7.740000000000000213e+00 5.230000000000000426e+00 4.870000000000000107e+00 7.429999999999999716e+00 -1.000000000000000000e+00 -1.000000000000000000e+00 4.230000000000000426e+00 3.600000000000000089e+00
3.629999999999999893e+00 1.060000000000000053e+00 7.719999999999999751e+00 5.309999999999999609e+00 4.879999999999999893e+00 7.480000000000000426e+00 -1.000000000000000000e+00 -1.000000000000000000e+00 4.230000000000000426e+00 3.649999999999999911e+00
3.589999999999999858e+00 1.129999999999999893e+00 7.730000000000000426e+00 5.290000000000000036e+00 4.940000000000000391e+00 7.559999999999999609e+00 -1.000000000000000000e+00 -1.000000000000000000e+00 4.200000000000000178e+00 3.450000000000000178e+00
3.560000000000000053e+00 1.139999999999999902e+00 7.790000000000000036e+00 5.219999999999999751e+00 4.950000000000000178e+00 7.459999999999999964e+00 -1.000000000000000000e+00 -1.000000000000000000e+00 4.219999999999999751e+00 3.990000000000000213e+00
3.520000000000000018e+00 1.100000000000000089e+00 7.799999999999999822e+00 4.480000000000000426e+00 4.980000000000000426e+00 7.540000000000000036e+00 -1.000000000000000000e+00 -1.000000000000000000e+00 4.179999999999999716e+00 4.009999999999999787e+00
3.560000000000000053e+00 1.139999999999999902e+00 7.769999999999999574e+00 5.150000000000000355e+00 4.929999999999999716e+00 8.490000000000000213e+00 -1.000000000000000000e+00 -1.000000000000000000e+00 -1.000000000000000000e+00 3.640000000000000124e+00
3.549999999999999822e+00 1.120000000000000107e+00 7.740000000000000213e+00 5.339999999999999858e+00 4.910000000000000142e+00 7.440000000000000391e+00 -1.000000000000000000e+00 -1.000000000000000000e+00 4.219999999999999751e+00 4.040000000000000036e+00
