-1.000000000000000000e+00 -1.000000000000000000e+00 -1.000000000000000000e+00 -1.000000000000000000e+00 -1.000000000000000000e+00 -1.000000000000000000e+00 -1.000000000000000000e+00 -1.000000000000000000e+00 -1.000000000000000000e+00 -1.000000000000000000e+00
7.620000000000000107e+00 6.730000000000000426e+00 -1.000000000000000000e+00 4.639999999999999680e+00 4.030000000000000249e+00 1.060000000000000053e+00 -1.000000000000000000e+00 -1.000000000000000000e+00 5.269999999999999574e+00 5.330000000000000071e+00
7.650000000000000355e+00 6.719999999999999751e+00 -1.000000000000000000e+00 4.620000000000000107e+00 4.070000000000000284e+00 1.040000000000000036e+00 -1.000000000000000000e+00 -1.000000000000000000e+00 5.280000000000000249e+00 5.309999999999999609e+00
7.610000000000000320e+00 6.679999999999999716e+00 -1.000000000000000000e+00 4.650000000000000355e+00 4.059999999999999609e+00 9.899999999999999911e-01 -1.000000000000000000e+00 -1.000000000000000000e+00 5.269999999999999574e+00 5.339999999999999858e+00
7.629999999999999893e+00 6.700000000000000178e+00 -1.000000000000000000e+00 4.629999999999999893e+00 4.120000000000000107e+00 1.040000000000000036e+00 -1.000000000000000000e+00 -1.000000000000000000e+00 5.309999999999999609e+00 5.339999999999999858e+00
7.650000000000000355e+00 6.780000000000000249e+00 -1.000000000000000000e+00 4.610000000000000320e+00 4.080000000000000071e+00 1.010000000000000009e+00 -1.000000000000000000e+00 -1.000000000000000000e+00 5.320000000000000284e+00 5.339999999999999858e+00
7.519999999999999574e+00 6.730000000000000426e+00 -1.000000000000000000e+00 4.610000000000000320e+00 4.099999999999999645e+00 1.040000000000000036e+00 -1.000000000000000000e+00 -1.000000000000000000e+00 5.280000000000000249e+00 5.330000000000000071e+00
7.639999999999999680e+00 6.740000000000000213e+00 -1.000000000000000000e+00 4.610000000000000320e+00 4.110000000000000320e+00 1.050000000000000044e+00 -1.000000000000000000e+00 -1.000000000000000000e+00 5.259999999999999787e+00 5.330000000000000071e+00
7.599999999999999645e+00 6.740000000000000213e+00 -1.000000000000000000e+00 4.669999999999999929e+00 4.099999999999999645e+00 1.020000000000000018e+00 -1.000000000000000000e+00 -1.000000000000000000e+00 5.269999999999999574e+00 5.280000000000000249e+00
7.669999999999999929e+00 6.740000000000000213e+00 -1.000000000000000000e+00 4.620000000000000107e+00 4.059999999999999609e+00 1.030000000000000027e+00 -1.000000000000000000e+00 -1.000000000000000000e+00 5.330000000000000071e+00 5.330000000000000071e+00
7.559999999999999609e+00 6.740000000000000213e+00 -1.000000000000000000e+00 4.679999999999999716e+00 4.089999999999999858e+00 1.020000000000000018e+00 -1.000000000000000000e+00 -1.000000000000000000e+00 5.259999999999999787e+00 5.330000000000000071e+00
7.559999999999999609e+00 6.730000000000000426e+00 -1.000000000000000000e+00 4.629999999999999893e+00 4.080000000000000071e+00 9.799999999999999822e-01 -1.000000000000000000e+00 -1.000000000000000000e+00 5.280000000000000249e+00 5.259999999999999787e+00
7.610000000000000320e+00 6.759999999999999787e+00 -1.000000000000000000e+00 4.559999999999999609e+00 4.080000000000000071e+00 1.010000000000000009e+00 -1.000000000000000000e+00 -1.000000000000000000e+00 5.280000000000000249e+00 5.280000000000000249e+00
7.570000000000000284e+00 6.790000000000000036e+00 -1.000000000000000000e+00 4.669999999999999929e+00 4.089999999999999858e+00 1.070000000000000062e+00 -1.000000000000000000e+00 -1.000000000000000000e+00 5.320000000000000284e+00 5.309999999999999609e+00
7.629999999999999893e+00 6.719999999999999751e+00 -1.000000000000000000e+00 4.629999999999999893e+00 4.099999999999999645e+00 1.050000000000000044e+00 -1.000000000000000000e+00 -1.000000000000000000e+00 5.219999999999999751e+00 5.280000000000000249e+00
7.599999999999999645e+00 6.690000000000000391e+00 -1.000000000000000000e+00 4.660000000000000142e+00 4.059999999999999609e+00 1.030000000000000027e+00 -1.000000000000000000e+00 -1.000000000000000000e+00 5.269999999999999574e+00 5.370000000000000107e+00
7.589999999999999858e+00 6.740000000000000213e+00 -1.000000000000000000e+00 4.639999999999999680e+00 4.080000000000000071e+00 1.050000000000000044e+00 -1.000000000000000000e+00 -1.000000000000000000e+00 5.290000000000000036e+00 5.299999999999999822e+00
7.610000000000000320e+00 6.700000000000000178e+00 -1.000000000000000000e+00 4.580000000000000071e+00 4.120000000000000107e+00 1.010000000000000009e+00 -1.000000000000000000e+00 -1.000000000000000000e+00 5.299999999999999822e+00 5.330000000000000071e+00
7.669999999999999929e+00 6.709999999999999964e+00 -1.000000000000000000e+00 4.620000000000000107e+00 4.070000000000000284e+00 1.020000000000000018e+00 -1.000000000000000000e+00 -1.000000000000000000e+00 5.240000000000000213e+00 5.339999999999999858e+00
7.650000000000000355e+00 6.780000000000000249e+00 -1.000000000000000000e+00 4.599999999999999645e+00 4.030000000000000249e+00 1.010000000000000009e+00 -1.000000000000000000e+00 -1.000000000000000000e+00 5.280000000000000249e+00 5.330000000000000071e+00
7.660000000000000142e+00 6.709999999999999964e+00 -1.000000000000000000e+00 4.669999999999999929e+00 4.110000000000000320e+00 9.200000000000000400e-01 -1.000000000000000000e+00 -1.000000000000000000e+00 5.240000000000000213e+00 5.349999999999999645e+00
7.639999999999999680e+00 6.690000000000000391e+00 -1.000000000000000000e+00 4.580000000000000071e+00 4.080000000000000071e+00 1.030000000000000027e+00 -1.000000000000000000e+00 -1.000000000000000000e+00 5.290000000000000036e+00 5.280000000000000249e+00
7.639999999999999680e+00 6.679999999999999716e+00 -1.000000000000000000e+00 4.620000000000000107e+00 4.099999999999999645e+00 1.040000000000000036e+00 -1.000000000000000000e+00 -1.000000000000000000e+00 -1.000000000000000000e+00 5.280000000000000249e+00
7.589999999999999858e+00 6.700000000000000178e+00 -1.000000000000000000e+00 4.599999999999999645e+00 4.099999999999999645e+00 1.030000000000000027e+00 -1.000000000000000000e+00 -1.000000000000000000e+00 5.330000000000000071e+00 5.290000000000000036e+00
7.610000000000000320e+00 6.730000000000000426e+00 -1.000000000000000000e+00 4.580000000000000071e+00 4.080000000000000071e+00 1.050000000000000044e+00 -1.000000000000000000e+00 -1.000000000000000000e+00 5.230000000000000426e+00 5.330000000000000071e+00
7.620000000000000107e+00 6.730000000000000426e+00 -1.000000000000000000e+00 4.580000000000000071e+00 4.080000000000000071e+00 1.010000000000000009e+00 -1.000000000000000000e+00 -1.000000000000000000e+00 5.280000000000000249e+00 5.280000000000000249e+00
7.589999999999999858e+00 6.750000000000000000e+00 -1.000000000000000000e+00 4.610000000000000320e+00 4.080000000000000071e+00 1.010000000000000009e+00 -1.000000000000000000e+00 -1.000000000000000000e+00 5.240000000000000213e+00 5.299999999999999822e+00
7.639999999999999680e+00 6.759999999999999787e+00 -1.000000000000000000e+00 4.610000000000000320e+00 4.059999999999999609e+00 9.899999999999999911e-01 -1.000000000000000000e+00 -1.000000000000000000e+00 5.280000000000000249e+00 5.330000000000000071e+00
7.559999999999999609e+00 6.769999999999999574e+00 -1.000000000000000000e+00 4.620000000000000107e+00 4.080000000000000071e+00 1.030000000000000027e+00 -1.000000000000000000e+00 -1.000000000000000000e+00 5.290000000000000036e+00 5.320000000000000284e+00
7.660000000000000142e+00 6.709999999999999964e+00 -1.000000000000000000e+00 4.650000000000000355e+00 4.099999999999999645e+00 1.080000000000000071e+00 -1.000000000000000000e+00 -1.000000000000000000e+00 5.250000000000000000e+00 5.290000000000000036e+00
7.599999999999999645e+00 6.700000000000000178e+00 -1.000000000000000000e+00 4.580000000000000071e+00 4.080000000000000071e+00 1.010000000000000009e+00 -1.000000000000000000e+00 -1.000000000000000000e+00 5.240000000000000213e+00 5.309999999999999609e+00
7.589999999999999858e+00 6.709999999999999964e+00 -1.000000000000000000e+00 4.599999999999999645e+00 4.099999999999999645e+00 9.899999999999999911e-01 -1.000000000000000000e+00 -1.000000000000000000e+00 5.219999999999999751e+00 5.339999999999999858e+00
7.690000000000000391e+00 6.740000000000000213e+00 -1.000000000000000000e+00 4.589999999999999858e+00 4.049999999999999822e+00 1.010000000000000009e+00 -1.000000000000000000e+00 -1.000000000000000000e+00 5.269999999999999574e+00 5.299999999999999822e+00
7.650000000000000355e+00 6.719999999999999751e+00 -1.000000000000000000e+00 4.639999999999999680e+00 4.059999999999999609e+00 1.030000000000000027e+00 -1.000000000000000000e+00 -1.000000000000000000e+00 5.250000000000000000e+00 5.349999999999999645e+00
7.629999999999999893e+00 6.679999999999999716e+00 -1.000000000000000000e+00 4.629999999999999893e+00 3.990000000000000213e+00 1.060000000000000053e+00 -1.000000000000000000e+00 -1.000000000000000000e+00 5.280000000000000249e+00 5.309999999999999609e+00
7.610000000000000320e+00 6.730000000000000426e+00 -1.000000000000000000e+00 4.639999999999999680e+00 4.070000000000000284e+00 1.040000000000000036e+00 -1.000000000000000000e+00 -1.000000000000000000e+00 5.280000000000000249e+00 5.309999999999999609e+00
7.650000000000000355e+00 6.639999999999999680e+00 -1.000000000000000000e+00 4.610000000000000320e+00 4.099999999999999645e+00 9.899999999999999911e-01 -1.000000000000000000e+00 -1.000000000000000000e+00 5.280000000000000249e+00 5.330000000000000071e+00
7.589999999999999858e+00 6.730000000000000426e+00 -1.000000000000000000e+00 4.589999999999999858e+00 4.049999999999999822e+00 1.020000000000000018e+00 -1.000000000000000000e+00 -1.000000000000000000e+00 5.250000000000000000e+00 5.349999999999999645e+00
7.620000000000000107e+00 6.679999999999999716e+00 -1.000000000000000000e+00 4.599999999999999645e+00 4.019999999999999574e+00 1.010000000000000009e+00 -1.000000000000000000e+00 -1.000000000000000000e+00 5.219999999999999751e+00 5.299999999999999822e+00
7.580000000000000071e+00 6.740000000000000213e+00 -1.000000000000000000e+00 4.629999999999999893e+00 3.990000000000000213e+00 9.799999999999999822e-01 -1.000000000000000000e+00 -1.000000000000000000e+00 5.280000000000000249e+00 5.330000000000000071e+00
7.589999999999999858e+00 6.709999999999999964e+00 -1.000000000000000000e+00 4.610000000000000320e+00 4.080000000000000071e+00 1.030000000000000027e+00 -1.000000000000000000e+00 -1.000000000000000000e+00 5.259999999999999787e+00 5.309999999999999609e+00
7.589999999999999858e+00 6.700000000000000178e+00 -1.000000000000000000e+00 4.599999999999999645e+00 4.070000000000000284e+00 9.799999999999999822e-01 -1.000000000000000000e+00 -1.000000000000000000e+00 5.230000000000000426e+00 5.320000000000000284e+00
7.629999999999999893e+00 6.730000000000000426e+00 -1.000000000000000000e+00 4.610000000000000320e+00 4.089999999999999858e+00 9.799999999999999822e-01 -1.000000000000000000e+00 -1.000000000000000000e+00 5.240000000000000213e+00 5.320000000000000284e+00
7.679999999999999716e+00 6.719999999999999751e+00 -1.000000000000000000e+00 4.629999999999999893e+00 4.059999999999999609e+00 9.899999999999999911e-01 -1.000000000000000000e+00 -1.000000000000000000e+00 5.280000000000000249e+00 5.309999999999999609e+00
7.660000000000000142e+00 6.730000000000000426e+00 -1.000000000000000000e+00 4.650000000000000355e+00 4.049999999999999822e+00 1.010000000000000009e+00 -1.000000000000000000e+00 -1.000000000000000000e+00 5.290000000000000036e+00 5.339999999999999858e+00
7.599999999999999645e+00 6.769999999999999574e+00 -1.000000000000000000e+00 4.589999999999999858e+00 4.080000000000000071e+00 1.000000000000000000e+00 -1.000000000000000000e+00 -1.000000000000000000e+00 5.259999999999999787e+00 5.330000000000000071e+00
7.639999999999999680e+00 6.730000000000000426e+00 -1.000000000000000000e+00 4.639999999999999680e+00 4.059999999999999609e+00 1.000000000000000000e+00 -1.000000000000000000e+00 -1.000000000000000000e+00 5.290000000000000036e+00 5.299999999999999822e+00
7.669999999999999929e+00 6.719999999999999751e+00 -1.000000000000000000e+00 4.570000000000000284e+00 4.059999999999999609e+00 1.000000000000000000e+00 -1.000000000000000000e+00 -1.000000000000000000e+00 5.280000000000000249e+00 5.339999999999999858e+00
7.650000000000000355e+00 6.769999999999999574e+00 -1.000000000000000000e+00 4.660000000000000142e+00 4.080000000000000071e+00 1.040000000000000036e+00 -1.000000000000000000e+00 -1.000000000000000000e+00 5.230000000000000426e+00 5.320000000000000284e+00
7.690000000000000391e+00 6.750000000000000000e+00 -1.000000000000000000e+00 4.629999999999999893e+00 4.040000000000000036e+00 -1.000000000000000000e+00 -1.000000000000000000e+00 -1.000000000000000000e+00 5.320000000000000284e+00 5.339999999999999858e+00
7.589999999999999858e+00 6.719999999999999751e+00 -1.000000000000000000e+00 4.580000000000000071e+00 4.070000000000000284e+00 -1.000000000000000000e+00 -1.000000000000000000e+00 7.709999999999999964e+00 5.330000000000000071e+00 5.330000000000000071e+00
7.620000000000000107e+00 6.709999999999999964e+00 -1.000000000000000000e+00 4.620000000000000107e+00 4.089999999999999858e+00 -1.000000000000000000e+00 -1.000000000000000000e+00 7.709999999999999964e+00 5.290000000000000036e+00 5.339999999999999858e+00
7.599999999999999645e+00 6.690000000000000391e+00 -1.000000000000000000e+00 4.629999999999999893e+00 4.099999999999999645e+00 -1.000000000000000000e+00 -1.000000000000000000e+00 7.759999999999999787e+00 5.240000000000000213e+00 5.330000000000000071e+00
7.589999999999999858e+00 6.719999999999999751e+00 -1.000000000000000000e+00 4.570000000000000284e+00 4.070000000000000284e+00 -1.000000000000000000e+00 -1.000000000000000000e+00 7.759999999999999787e+00 5.309999999999999609e+00 5.320000000000000284e+00
7.669999999999999929e+00 6.740000000000000213e+00 -1.000000000000000000e+00 4.639999999999999680e+00 4.070000000000000284e+00 -1.000000000000000000e+00 -1.000000000000000000e+00 7.820000000000000284e+00 5.330000000000000071e+00 5.349999999999999645e+00
7.700000000000000178e+00 6.759999999999999787e+00 -1.000000000000000000e+00 4.669999999999999929e+00 4.019999999999999574e+00 -1.000000000000000000e+00 -1.000000000000000000e+00 7.759999999999999787e+00 5.330000000000000071e+00 5.330000000000000071e+00
7.620000000000000107e+00 6.769999999999999574e+00 -1.000000000000000000e+00 4.629999999999999893e+00 4.030000000000000249e+00 -1.000000000000000000e+00 -1.000000000000000000e+00 7.889999999999999680e+00 5.320000000000000284e+00 5.330000000000000071e+00
7.669999999999999929e+00 6.679999999999999716e+00 -1.000000000000000000e+00 4.580000000000000071e+00 4.070000000000000284e+00 -1.000000000000000000e+00 -1.000000000000000000e+00 7.849999999999999645e+00 5.269999999999999574e+00 5.280000000000000249e+00
7.589999999999999858e+00 6.700000000000000178e+00 -1.000000000000000000e+00 4.599999999999999645e+00 4.059999999999999609e+00 -1.000000000000000000e+00 -1.000000000000000000e+00 7.849999999999999645e+00 5.299999999999999822e+00 5.309999999999999609e+00
7.629999999999999893e+00 6.769999999999999574e+00 -1.000000000000000000e+00 4.599999999999999645e+00 4.089999999999999858e+00 -1.000000000000000000e+00 -1.000000000000000000e+00 8.230000000000000426e+00 5.290000000000000036e+00 5.360000000000000320e+00
7.589999999999999858e+00 6.740000000000000213e+00 -1.000000000000000000e+00 4.660000000000000142e+00 4.019999999999999574e+00 -1.000000000000000000e+00 -1.000000000000000000e+00 7.940000000000000391e+00 5.299999999999999822e+00 5.330000000000000071e+00
7.589999999999999858e+00 6.700000000000000178e+00 -1.000000000000000000e+00 4.580000000000000071e+00 4.049999999999999822e+00 -1.000000000000000000e+00 -1.000000000000000000e+00 7.870000000000000107e+00 5.290000000000000036e+00 5.320000000000000284e+00
7.589999999999999858e+00 6.700000000000000178e+00 -1.000000000000000000e+00 4.599999999999999645e+00 4.089999999999999858e+00 -1.000000000000000000e+00 -1.000000000000000000e+00 7.860000000000000320e+00 5.269999999999999574e+00 5.339999999999999858e+00
7.650000000000000355e+00 6.719999999999999751e+00 -1.000000000000000000e+00 4.650000000000000355e+00 4.049999999999999822e+00 -1.000000000000000000e+00 -1.000000000000000000e+00 7.849999999999999645e+00 5.309999999999999609e+00 5.320000000000000284e+00
7.690000000000000391e+00 6.679999999999999716e+00 -1.000000000000000000e+00 4.669999999999999929e+00 4.059999999999999609e+00 -1.000000000000000000e+00 -1.000000000000000000e+00 7.879999999999999893e+00 5.230000000000000426e+00 5.320000000000000284e+00
7.570000000000000284e+00 6.759999999999999787e+00 -1.000000000000000000e+00 4.639999999999999680e+00 4.049999999999999822e+00 -1.000000000000000000e+00 -1.000000000000000000e+00 7.690000000000000391e+00 5.240000000000000213e+00 5.299999999999999822e+00
7.629999999999999893e+00 6.719999999999999751e+00 -1.000000000000000000e+00 4.610000000000000320e+00 4.049999999999999822e+00 -1.000000000000000000e+00 -1.000000000000000000e+00 7.860000000000000320e+00 5.309999999999999609e+00 5.290000000000000036e+00
7.610000000000000320e+00 6.719999999999999751e+00 -1.000000000000000000e+00 4.669999999999999929e+00 4.070000000000000284e+00 -1.000000000000000000e+00 -1.000000000000000000e+00 7.860000000000000320e+00 5.299999999999999822e+00 5.339999999999999858e+00
7.599999999999999645e+00 6.759999999999999787e+00 -1.000000000000000000e+00 4.629999999999999893e+00 4.089999999999999858e+00 -1.000000000000000000e+00 -1.000000000000000000e+00 7.799999999999999822e+00 5.299999999999999822e+00 5.290000000000000036e+00
7.660000000000000142e+00 6.750000000000000000e+00 -1.000000000000000000e+00 4.650000000000000355e+00 4.040000000000000036e+00 -1.000000000000000000e+00 -1.000000000000000000e+00 7.839999999999999858e+00 5.290000000000000036e+00 5.309999999999999609e+00
7.570000000000000284e+00 6.780000000000000249e+00 -1.000000000000000000e+00 4.669999999999999929e+00 4.110000000000000320e+00 -1.000000000000000000e+00 -1.000000000000000000e+00 7.870000000000000107e+00 5.320000000000000284e+00 5.330000000000000071e+00
7.599999999999999645e+00 6.719999999999999751e+00 -1.000000000000000000e+00 4.639999999999999680e+00 4.059999999999999609e+00 -1.000000000000000000e+00 -1.000000000000000000e+00 7.809999999999999609e+00 5.320000000000000284e+00 5.290000000000000036e+00
7.599999999999999645e+00 6.780000000000000249e+00 -1.000000000000000000e+00 4.679999999999999716e+00 4.070000000000000284e+00 -1.000000000000000000e+00 -1.000000000000000000e+00 7.769999999999999574e+00 5.269999999999999574e+00 5.309999999999999609e+00
7.650000000000000355e+00 6.750000000000000000e+00 -1.000000000000000000e+00 4.639999999999999680e+00 -1.000000000000000000e+00 -1.000000000000000000e+00 -1.000000000000000000e+00 7.860000000000000320e+00 5.240000000000000213e+00 5.320000000000000284e+00
7.610000000000000320e+00 6.669999999999999929e+00 -1.000000000000000000e+00 4.629999999999999893e+00 4.049999999999999822e+00 -1.000000000000000000e+00 -1.000000000000000000e+00 7.849999999999999645e+00 5.259999999999999787e+00 5.330000000000000071e+00
7.589999999999999858e+00 6.740000000000000213e+00 -1.000000000000000000e+00 4.660000000000000142e+00 4.089999999999999858e+00 -1.000000000000000000e+00 -1.000000000000000000e+00 7.860000000000000320e+00 5.290000000000000036e+00 5.339999999999999858e+00
7.559999999999999609e+00 6.700000000000000178e+00 -1.000000000000000000e+00 4.629999999999999893e+00 4.040000000000000036e+00 -1.000000000000000000e+00 -1.000000000000000000e+00 7.849999999999999645e+00 5.250000000000000000e+00 5.299999999999999822e+00
7.660000000000000142e+00 6.750000000000000000e+00 -1.000000000000000000e+00 4.610000000000000320e+00 4.030000000000000249e+00 -1.000000000000000000e+00 -1.000000000000000000e+00 7.730000000000000426e+00 5.360000000000000320e+00 5.330000000000000071e+00
7.639999999999999680e+00 6.709999999999999964e+00 -1.000000000000000000e+00 4.620000000000000107e+00 4.080000000000000071e+00 -1.000000000000000000e+00 -1.000000000000000000e+00 7.799999999999999822e+00 5.309999999999999609e+00 5.330000000000000071e+00
7.650000000000000355e+00 6.769999999999999574e+00 -1.000000000000000000e+00 4.599999999999999645e+00 4.030000000000000249e+00 -1.000000000000000000e+00 -1.000000000000000000e+00 7.790000000000000036e+00 5.299999999999999822e+00 5.370000000000000107e+00
7.610000000000000320e+00 6.719999999999999751e+00 -1.000000000000000000e+00 4.639999999999999680e+00 4.030000000000000249e+00 -1.000000000000000000e+00 -1.000000000000000000e+00 7.820000000000000284e+00 5.259999999999999787e+00 5.299999999999999822e+00
7.570000000000000284e+00 6.769999999999999574e+00 -1.000000000000000000e+00 4.669999999999999929e+00 4.080000000000000071e+00 -1.000000000000000000e+00 -1.000000000000000000e+00 7.709999999999999964e+00 5.330000000000000071e+00 5.320000000000000284e+00
7.650000000000000355e+00 6.709999999999999964e+00 -1.000000000000000000e+00 4.620000000000000107e+00 4.059999999999999609e+00 -1.000000000000000000e+00 -1.000000000000000000e+00 7.940000000000000391e+00 5.280000000000000249e+00 5.290000000000000036e+00
7.650000000000000355e+00 6.780000000000000249e+00 -1.000000000000000000e+00 4.589999999999999858e+00 4.080000000000000071e+00 -1.000000000000000000e+00 -1.000000000000000000e+00 7.709999999999999964e+00 5.299999999999999822e+00 5.299999999999999822e+00
7.629999999999999893e+00 6.690000000000000391e+00 -1.000000000000000000e+00 4.580000000000000071e+00 4.080000000000000071e+00 -1.000000000000000000e+00 -1.000000000000000000e+00 7.769999999999999574e+00 5.320000000000000284e+00 5.330000000000000071e+00
7.650000000000000355e+00 6.780000000000000249e+00 -1.000000000000000000e+00 4.620000000000000107e+00 4.049999999999999822e+00 -1.000000000000000000e+00 -1.000000000000000000e+00 7.759999999999999787e+00 5.280000000000000249e+00 5.320000000000000284e+00
7.580000000000000071e+00 6.759999999999999787e+00 -1.000000000000000000e+00 4.629999999999999893e+00 4.080000000000000071e+00 -1.000000000000000000e+00 -1.000000000000000000e+00 7.780000000000000249e+00 5.269999999999999574e+00 5.320000000000000284e+00
7.629999999999999893e+00 6.719999999999999751e+00 -1.000000000000000000e+00 4.610000000000000320e+00 4.080000000000000071e+00 -1.000000000000000000e+00 -1.000000000000000000e+00 7.799999999999999822e+00 5.280000000000000249e+00 5.280000000000000249e+00
7.650000000000000355e+00 6.709999999999999964e+00 -1.000000000000000000e+00 4.570000000000000284e+00 4.110000000000000320e+00 -1.000000000000000000e+00 -1.000000000000000000e+00 7.790000000000000036e+00 5.320000000000000284e+00 5.309999999999999609e+00
7.639999999999999680e+00 6.759999999999999787e+00 -1.000000000000000000e+00 4.709999999999999964e+00 4.110000000000000320e+00 -1.000000000000000000e+00 -1.000000000000000000e+00 7.780000000000000249e+00 5.309999999999999609e+00 5.330000000000000071e+00
7.570000000000000284e+00 6.730000000000000426e+00 -1.000000000000000000e+00 4.599999999999999645e+00 4.049999999999999822e+00 -1.000000000000000000e+00 -1.000000000000000000e+00 7.799999999999999822e+00 5.280000000000000249e+00 5.240000000000000213e+00
7.629999999999999893e+00 6.740000000000000213e+00 -1.000000000000000000e+00 4.629999999999999893e+00 4.080000000000000071e+00 -1.000000000000000000e+00 -1.000000000000000000e+00 7.820000000000000284e+00 5.280000000000000249e+00 5.320000000000000284e+00
7.620000000000000107e+00 6.769999999999999574e+00 -1.000000000000000000e+00 4.610000000000000320e+00 4.080000000000000071e+00 -1.000000000000000000e+00 -1.000000000000000000e+00 7.809999999999999609e+00 5.290000000000000036e+00 5.280000000000000249e+00
7.650000000000000355e+00 6.709999999999999964e+00 -1.000000000000000000e+00 4.660000000000000142e+00 4.030000000000000249e+00 -1.000000000000000000e+00 -1.000000000000000000e+00 7.849999999999999645e+00 5.280000000000000249e+00 5.330000000000000071e+00
7.639999999999999680e+00 6.709999999999999964e+00 -1.000000000000000000e+00 4.669999999999999929e+00 4.089999999999999858e+00 -1.000000000000000000e+00 -1.000000000000000000e+00 7.790000000000000036e+00 5.339999999999999858e+00 5.360000000000000320e+00
7.599999999999999645e+00 6.709999999999999964e+00 -1.000000000000000000e+00 4.620000000000000107e+00 4.070000000000000284e+00 -1.000000000000000000e+00 -1.000000000000000000e+00 7.740000000000000213e+00 5.219999999999999751e+00 5.360000000000000320e+00
7.620000000000000107e+00 6.740000000000000213e+00 -1.000000000000000000e+00 4.570000000000000284e+00 4.120000000000000107e+00 -1.000000000000000000e+00 -1.000000000000000000e+00 7.980000000000000426e+00 5.320000000000000284e+00 5.330000000000000071e+00
7.660000000000000142e+00 6.750000000000000000e+00 -1.000000000000000000e+00 4.639999999999999680e+00 4.070000000000000284e+00 -1.000000000000000000e+00 -1.000000000000000000e+00 7.799999999999999822e+00 5.290000000000000036e+00 5.290000000000000036e+00
7.629999999999999893e+00 6.769999999999999574e+00 -1.000000000000000000e+00 4.650000000000000355e+00 4.059999999999999609e+00 -1.000000000000000000e+00 -1.000000000000000000e+00 7.900000000000000355e+00 5.309999999999999609e+00 5.339999999999999858e+00
7.580000000000000071e+00 6.740000000000000213e+00 -1.000000000000000000e+00 4.669999999999999929e+00 4.059999999999999609e+00 -1.000000000000000000e+00 -1.000000000000000000e+00 7.730000000000000426e+00 5.299999999999999822e+00 5.299999999999999822e+00
