-1.000000000000000000e+00 -1.000000000000000000e+00 -1.000000000000000000e+00 -1.000000000000000000e+00 -1.000000000000000000e+00 -1.000000000000000000e+00 -1.000000000000000000e+00 -1.000000000000000000e+00 -1.000000000000000000e+00 -1.000000000000000000e+00
7.799999999999999822e+00 6.469999999999999751e+00 1.060000000000000053e+00 3.950000000000000178e+00 4.599999999999999645e+00 -1.000000000000000000e+00 -1.000000000000000000e+00 7.509999999999999787e+00 5.610000000000000320e+00 4.969999999999999751e+00
7.900000000000000355e+00 6.440000000000000391e+00 1.050000000000000044e+00 3.930000000000000160e+00 4.599999999999999645e+00 -1.000000000000000000e+00 -1.000000000000000000e+00 8.750000000000000000e+00 5.620000000000000107e+00 4.980000000000000426e+00
7.879999999999999893e+00 6.450000000000000178e+00 1.070000000000000062e+00 3.930000000000000160e+00 4.559999999999999609e+00 -1.000000000000000000e+00 -1.000000000000000000e+00 7.410000000000000142e+00 5.620000000000000107e+00 4.950000000000000178e+00
7.990000000000000213e+00 6.459999999999999964e+00 1.050000000000000044e+00 3.930000000000000160e+00 4.589999999999999858e+00 -1.000000000000000000e+00 -1.000000000000000000e+00 7.549999999999999822e+00 5.610000000000000320e+00 5.000000000000000000e+00
8.029999999999999361e+00 6.450000000000000178e+00 1.080000000000000071e+00 3.870000000000000107e+00 4.599999999999999645e+00 -1.000000000000000000e+00 -1.000000000000000000e+00 7.250000000000000000e+00 5.639999999999999680e+00 4.980000000000000426e+00
7.980000000000000426e+00 6.509999999999999787e+00 1.070000000000000062e+00 3.930000000000000160e+00 4.589999999999999858e+00 -1.000000000000000000e+00 -1.000000000000000000e+00 7.580000000000000071e+00 5.639999999999999680e+00 4.969999999999999751e+00
7.919999999999999929e+00 6.549999999999999822e+00 1.080000000000000071e+00 3.890000000000000124e+00 4.589999999999999858e+00 -1.000000000000000000e+00 -1.000000000000000000e+00 7.559999999999999609e+00 5.639999999999999680e+00 4.959999999999999964e+00
7.830000000000000071e+00 6.459999999999999964e+00 1.120000000000000107e+00 3.930000000000000160e+00 4.599999999999999645e+00 -1.000000000000000000e+00 -1.000000000000000000e+00 7.509999999999999787e+00 5.570000000000000284e+00 4.950000000000000178e+00
7.799999999999999822e+00 6.440000000000000391e+00 1.050000000000000044e+00 3.879999999999999893e+00 4.629999999999999893e+00 -1.000000000000000000e+00 -1.000000000000000000e+00 7.509999999999999787e+00 5.599999999999999645e+00 4.950000000000000178e+00
7.870000000000000107e+00 6.429999999999999716e+00 1.080000000000000071e+00 3.919999999999999929e+00 4.580000000000000071e+00 -1.000000000000000000e+00 -1.000000000000000000e+00 7.500000000000000000e+00 5.650000000000000355e+00 4.969999999999999751e+00
7.950000000000000178e+00 6.400000000000000355e+00 1.070000000000000062e+00 3.979999999999999982e+00 4.559999999999999609e+00 -1.000000000000000000e+00 -1.000000000000000000e+00 7.469999999999999751e+00 5.580000000000000071e+00 4.929999999999999716e+00
7.870000000000000107e+00 6.440000000000000391e+00 1.060000000000000053e+00 3.919999999999999929e+00 4.570000000000000284e+00 -1.000000000000000000e+00 -1.000000000000000000e+00 7.730000000000000426e+00 5.660000000000000142e+00 4.990000000000000213e+00
7.830000000000000071e+00 6.389999999999999680e+00 1.070000000000000062e+00 3.899999999999999911e+00 4.580000000000000071e+00 -1.000000000000000000e+00 -1.000000000000000000e+00 7.660000000000000142e+00 5.629999999999999893e+00 4.969999999999999751e+00
7.900000000000000355e+00 6.459999999999999964e+00 1.060000000000000053e+00 3.899999999999999911e+00 4.580000000000000071e+00 -1.000000000000000000e+00 -1.000000000000000000e+00 7.559999999999999609e+00 5.639999999999999680e+00 4.940000000000000391e+00
7.900000000000000355e+00 6.440000000000000391e+00 1.100000000000000089e+00 3.899999999999999911e+00 4.549999999999999822e+00 -1.000000000000000000e+00 -1.000000000000000000e+00 7.490000000000000213e+00 5.629999999999999893e+00 4.959999999999999964e+00
7.820000000000000284e+00 6.480000000000000426e+00 1.000000000000000000e+00 3.939999999999999947e+00 4.549999999999999822e+00 -1.000000000000000000e+00 -1.000000000000000000e+00 7.519999999999999574e+00 5.589999999999999858e+00 5.000000000000000000e+00
7.889999999999999680e+00 6.459999999999999964e+00 1.080000000000000071e+00 3.919999999999999929e+00 4.549999999999999822e+00 -1.000000000000000000e+00 -1.000000000000000000e+00 7.459999999999999964e+00 5.610000000000000320e+00 4.959999999999999964e+00
7.879999999999999893e+00 6.419999999999999929e+00 1.090000000000000080e+00 3.959999999999999964e+00 4.580000000000000071e+00 -1.000000000000000000e+00 -1.000000000000000000e+00 7.580000000000000071e+00 5.580000000000000071e+00 4.940000000000000391e+00
7.870000000000000107e+00 6.440000000000000391e+00 1.040000000000000036e+00 4.019999999999999574e+00 4.599999999999999645e+00 -1.000000000000000000e+00 -1.000000000000000000e+00 7.429999999999999716e+00 5.599999999999999645e+00 5.009999999999999787e+00
7.929999999999999716e+00 6.469999999999999751e+00 1.070000000000000062e+00 3.930000000000000160e+00 4.570000000000000284e+00 -1.000000000000000000e+00 -1.000000000000000000e+00 9.019999999999999574e+00 5.559999999999999609e+00 4.959999999999999964e+00
7.830000000000000071e+00 6.429999999999999716e+00 1.060000000000000053e+00 3.859999999999999876e+00 4.580000000000000071e+00 -1.000000000000000000e+00 -1.000000000000000000e+00 7.540000000000000036e+00 5.639999999999999680e+00 4.990000000000000213e+00
7.790000000000000036e+00 6.419999999999999929e+00 1.070000000000000062e+00 3.910000000000000142e+00 4.580000000000000071e+00 -1.000000000000000000e+00 -1.000000000000000000e+00 7.639999999999999680e+00 5.599999999999999645e+00 4.959999999999999964e+00
7.820000000000000284e+00 6.450000000000000178e+00 1.050000000000000044e+00 3.899999999999999911e+00 4.580000000000000071e+00 -1.000000000000000000e+00 -1.000000000000000000e+00 7.580000000000000071e+00 5.650000000000000355e+00 4.959999999999999964e+00
7.780000000000000249e+00 6.490000000000000213e+00 1.050000000000000044e+00 3.890000000000000124e+00 4.559999999999999609e+00 -1.000000000000000000e+00 -1.000000000000000000e+00 8.960000000000000853e+00 5.639999999999999680e+00 4.969999999999999751e+00
7.799999999999999822e+00 6.450000000000000178e+00 1.040000000000000036e+00 3.899999999999999911e+00 4.559999999999999609e+00 -1.000000000000000000e+00 -1.000000000000000000e+00 7.570000000000000284e+00 5.639999999999999680e+00 5.000000000000000000e+00
7.790000000000000036e+00 6.429999999999999716e+00 1.100000000000000089e+00 3.899999999999999911e+00 4.580000000000000071e+00 -1.000000000000000000e+00 -1.000000000000000000e+00 8.769999999999999574e+00 5.650000000000000355e+00 4.980000000000000426e+00
7.799999999999999822e+00 6.519999999999999574e+00 1.040000000000000036e+00 3.959999999999999964e+00 4.599999999999999645e+00 -1.000000000000000000e+00 -1.000000000000000000e+00 7.459999999999999964e+00 5.599999999999999645e+00 4.980000000000000426e+00
7.750000000000000000e+00 6.459999999999999964e+00 1.080000000000000071e+00 3.950000000000000178e+00 4.549999999999999822e+00 -1.000000000000000000e+00 -1.000000000000000000e+00 7.540000000000000036e+00 5.580000000000000071e+00 4.959999999999999964e+00
7.750000000000000000e+00 6.440000000000000391e+00 1.070000000000000062e+00 3.930000000000000160e+00 4.570000000000000284e+00 -1.000000000000000000e+00 -1.000000000000000000e+00 7.469999999999999751e+00 5.570000000000000284e+00 5.000000000000000000e+00
7.860000000000000320e+00 6.410000000000000142e+00 1.070000000000000062e+00 3.919999999999999929e+00 4.570000000000000284e+00 -1.000000000000000000e+00 -1.000000000000000000e+00 7.419999999999999929e+00 5.599999999999999645e+00 4.959999999999999964e+00
7.799999999999999822e+00 6.459999999999999964e+00 1.040000000000000036e+00 3.899999999999999911e+00 4.599999999999999645e+00 -1.000000000000000000e+00 -1.000000000000000000e+00 7.559999999999999609e+00 5.559999999999999609e+00 4.969999999999999751e+00
7.809999999999999609e+00 6.459999999999999964e+00 1.080000000000000071e+00 3.939999999999999947e+00 4.580000000000000071e+00 -1.000000000000000000e+00 -1.000000000000000000e+00 7.559999999999999609e+00 5.629999999999999893e+00 4.969999999999999751e+00
7.900000000000000355e+00 6.469999999999999751e+00 1.070000000000000062e+00 3.990000000000000213e+00 4.580000000000000071e+00 -1.000000000000000000e+00 -1.000000000000000000e+00 8.669999999999999929e+00 5.620000000000000107e+00 4.940000000000000391e+00
7.740000000000000213e+00 6.469999999999999751e+00 1.070000000000000062e+00 3.890000000000000124e+00 4.589999999999999858e+00 -1.000000000000000000e+00 -1.000000000000000000e+00 7.500000000000000000e+00 5.639999999999999680e+00 4.919999999999999929e+00
7.919999999999999929e+00 6.389999999999999680e+00 1.120000000000000107e+00 -1.000000000000000000e+00 4.580000000000000071e+00 -1.000000000000000000e+00 -1.000000000000000000e+00 7.690000000000000391e+00 5.610000000000000320e+00 4.959999999999999964e+00
7.959999999999999964e+00 6.469999999999999751e+00 1.070000000000000062e+00 3.930000000000000160e+00 4.530000000000000249e+00 -1.000000000000000000e+00 -1.000000000000000000e+00 7.709999999999999964e+00 5.620000000000000107e+00 4.969999999999999751e+00
7.879999999999999893e+00 6.459999999999999964e+00 1.080000000000000071e+00 3.890000000000000124e+00 4.570000000000000284e+00 -1.000000000000000000e+00 -1.000000000000000000e+00 7.480000000000000426e+00 5.589999999999999858e+00 4.980000000000000426e+00
7.860000000000000320e+00 6.469999999999999751e+00 1.080000000000000071e+00 3.970000000000000195e+00 4.559999999999999609e+00 -1.000000000000000000e+00 -1.000000000000000000e+00 7.469999999999999751e+00 5.669999999999999929e+00 4.969999999999999751e+00
7.889999999999999680e+00 6.440000000000000391e+00 1.070000000000000062e+00 3.979999999999999982e+00 4.570000000000000284e+00 -1.000000000000000000e+00 -1.000000000000000000e+00 7.459999999999999964e+00 5.610000000000000320e+00 4.969999999999999751e+00
7.860000000000000320e+00 6.450000000000000178e+00 1.040000000000000036e+00 3.919999999999999929e+00 4.570000000000000284e+00 -1.000000000000000000e+00 -1.000000000000000000e+00 7.459999999999999964e+00 5.589999999999999858e+00 4.969999999999999751e+00
7.820000000000000284e+00 6.450000000000000178e+00 1.110000000000000098e+00 3.930000000000000160e+00 4.580000000000000071e+00 -1.000000000000000000e+00 -1.000000000000000000e+00 7.389999999999999680e+00 5.639999999999999680e+00 4.980000000000000426e+00
7.980000000000000426e+00 6.469999999999999751e+00 1.040000000000000036e+00 3.959999999999999964e+00 4.580000000000000071e+00 -1.000000000000000000e+00 -1.000000000000000000e+00 8.730000000000000426e+00 5.620000000000000107e+00 4.950000000000000178e+00
7.839999999999999858e+00 6.400000000000000355e+00 1.060000000000000053e+00 3.950000000000000178e+00 4.580000000000000071e+00 -1.000000000000000000e+00 -1.000000000000000000e+00 7.509999999999999787e+00 5.650000000000000355e+00 4.969999999999999751e+00
7.799999999999999822e+00 6.500000000000000000e+00 1.070000000000000062e+00 3.919999999999999929e+00 4.589999999999999858e+00 -1.000000000000000000e+00 -1.000000000000000000e+00 7.549999999999999822e+00 5.650000000000000355e+00 4.969999999999999751e+00
7.889999999999999680e+00 6.400000000000000355e+00 1.070000000000000062e+00 4.000000000000000000e+00 4.599999999999999645e+00 -1.000000000000000000e+00 -1.000000000000000000e+00 7.549999999999999822e+00 5.580000000000000071e+00 4.969999999999999751e+00
7.879999999999999893e+00 6.410000000000000142e+00 1.080000000000000071e+00 3.919999999999999929e+00 4.570000000000000284e+00 -1.000000000000000000e+00 -1.000000000000000000e+00 7.820000000000000284e+00 5.599999999999999645e+00 4.990000000000000213e+00
7.889999999999999680e+00 6.429999999999999716e+00 1.060000000000000053e+00 3.979999999999999982e+00 4.599999999999999645e+00 -1.000000000000000000e+00 -1.000000000000000000e+00 7.879999999999999893e+00 5.559999999999999609e+00 4.950000000000000178e+00
7.919999999999999929e+00 6.440000000000000391e+00 1.080000000000000071e+00 3.930000000000000160e+00 4.589999999999999858e+00 -1.000000000000000000e+00 -1.000000000000000000e+00 7.509999999999999787e+00 5.629999999999999893e+00 4.959999999999999964e+00
7.809999999999999609e+00 6.469999999999999751e+00 1.100000000000000089e+00 3.970000000000000195e+00 4.589999999999999858e+00 -1.000000000000000000e+00 -1.000000000000000000e+00 7.620000000000000107e+00 5.599999999999999645e+00 4.980000000000000426e+00
7.849999999999999645e+00 6.429999999999999716e+00 1.100000000000000089e+00 3.899999999999999911e+00 4.589999999999999858e+00 -1.000000000000000000e+00 -1.000000000000000000e+00 8.619999999999999218e+00 5.629999999999999893e+00 4.980000000000000426e+00
7.849999999999999645e+00 6.419999999999999929e+00 1.060000000000000053e+00 3.939999999999999947e+00 4.580000000000000071e+00 -1.000000000000000000e+00 -1.000000000000000000e+00 7.610000000000000320e+00 5.610000000000000320e+00 4.969999999999999751e+00
7.799999999999999822e+00 6.440000000000000391e+00 1.050000000000000044e+00 3.919999999999999929e+00 4.559999999999999609e+00 -1.000000000000000000e+00 -1.000000000000000000e+00 7.730000000000000426e+00 5.639999999999999680e+00 5.019999999999999574e+00
7.889999999999999680e+00 6.469999999999999751e+00 1.070000000000000062e+00 3.939999999999999947e+00 4.580000000000000071e+00 -1.000000000000000000e+00 -1.000000000000000000e+00 8.759999999999999787e+00 5.669999999999999929e+00 4.969999999999999751e+00
7.839999999999999858e+00 6.459999999999999964e+00 1.050000000000000044e+00 3.910000000000000142e+00 4.589999999999999858e+00 -1.000000000000000000e+00 -1.000000000000000000e+00 7.500000000000000000e+00 5.639999999999999680e+00 4.940000000000000391e+00
7.870000000000000107e+00 6.429999999999999716e+00 1.070000000000000062e+00 3.939999999999999947e+00 4.580000000000000071e+00 -1.000000000000000000e+00 -1.000000000000000000e+00 7.379999999999999893e+00 5.620000000000000107e+00 5.019999999999999574e+00
7.849999999999999645e+00 6.440000000000000391e+00 1.090000000000000080e+00 3.959999999999999964e+00 4.559999999999999609e+00 -1.000000000000000000e+00 -1.000000000000000000e+00 -1.000000000000000000e+00 5.639999999999999680e+00 4.959999999999999964e+00
7.860000000000000320e+00 6.450000000000000178e+00 1.050000000000000044e+00 3.959999999999999964e+00 4.589999999999999858e+00 -1.000000000000000000e+00 -1.000000000000000000e+00 8.789999999999999147e+00 5.570000000000000284e+00 5.019999999999999574e+00
7.839999999999999858e+00 6.459999999999999964e+00 1.080000000000000071e+00 3.859999999999999876e+00 4.570000000000000284e+00 -1.000000000000000000e+00 -1.000000000000000000e+00 7.490000000000000213e+00 5.660000000000000142e+00 5.009999999999999787e+00
7.889999999999999680e+00 6.469999999999999751e+00 1.090000000000000080e+00 3.879999999999999893e+00 4.599999999999999645e+00 -1.000000000000000000e+00 -1.000000000000000000e+00 7.719999999999999751e+00 5.580000000000000071e+00 5.009999999999999787e+00
7.929999999999999716e+00 6.519999999999999574e+00 1.050000000000000044e+00 3.950000000000000178e+00 4.610000000000000320e+00 -1.000000000000000000e+00 -1.000000000000000000e+00 7.500000000000000000e+00 5.629999999999999893e+00 4.980000000000000426e+00
7.910000000000000142e+00 6.440000000000000391e+00 1.050000000000000044e+00 3.959999999999999964e+00 4.570000000000000284e+00 -1.000000000000000000e+00 -1.000000000000000000e+00 7.480000000000000426e+00 5.589999999999999858e+00 4.980000000000000426e+00
7.879999999999999893e+00 6.459999999999999964e+00 1.060000000000000053e+00 3.990000000000000213e+00 4.580000000000000071e+00 -1.000000000000000000e+00 -1.000000000000000000e+00 7.459999999999999964e+00 5.580000000000000071e+00 4.940000000000000391e+00
7.889999999999999680e+00 6.410000000000000142e+00 1.129999999999999893e+00 3.970000000000000195e+00 4.580000000000000071e+00 -1.000000000000000000e+00 -1.000000000000000000e+00 7.540000000000000036e+00 5.639999999999999680e+00 4.990000000000000213e+00
7.860000000000000320e+00 6.459999999999999964e+00 1.070000000000000062e+00 3.950000000000000178e+00 4.610000000000000320e+00 -1.000000000000000000e+00 -1.000000000000000000e+00 7.459999999999999964e+00 5.599999999999999645e+00 4.959999999999999964e+00
7.889999999999999680e+00 6.440000000000000391e+00 1.060000000000000053e+00 3.950000000000000178e+00 4.599999999999999645e+00 -1.000000000000000000e+00 -1.000000000000000000e+00 7.799999999999999822e+00 5.580000000000000071e+00 4.950000000000000178e+00
7.969999999999999751e+00 6.469999999999999751e+00 1.060000000000000053e+00 3.930000000000000160e+00 4.570000000000000284e+00 -1.000000000000000000e+00 -1.000000000000000000e+00 7.830000000000000071e+00 5.650000000000000355e+00 4.950000000000000178e+00
7.879999999999999893e+00 6.419999999999999929e+00 1.090000000000000080e+00 3.939999999999999947e+00 4.540000000000000036e+00 -1.000000000000000000e+00 -1.000000000000000000e+00 7.540000000000000036e+00 5.580000000000000071e+00 4.959999999999999964e+00
7.820000000000000284e+00 6.419999999999999929e+00 1.110000000000000098e+00 3.939999999999999947e+00 4.589999999999999858e+00 -1.000000000000000000e+00 -1.000000000000000000e+00 7.690000000000000391e+00 5.629999999999999893e+00 4.959999999999999964e+00
7.950000000000000178e+00 6.480000000000000426e+00 1.100000000000000089e+00 3.930000000000000160e+00 4.599999999999999645e+00 -1.000000000000000000e+00 -1.000000000000000000e+00 7.509999999999999787e+00 5.660000000000000142e+00 4.969999999999999751e+00
7.860000000000000320e+00 6.450000000000000178e+00 1.080000000000000071e+00 3.990000000000000213e+00 4.549999999999999822e+00 -1.000000000000000000e+00 -1.000000000000000000e+00 7.440000000000000391e+00 5.629999999999999893e+00 4.959999999999999964e+00
7.910000000000000142e+00 6.370000000000000107e+00 1.030000000000000027e+00 3.859999999999999876e+00 4.580000000000000071e+00 -1.000000000000000000e+00 -1.000000000000000000e+00 7.469999999999999751e+00 5.620000000000000107e+00 4.959999999999999964e+00
7.860000000000000320e+00 6.400000000000000355e+00 1.050000000000000044e+00 3.919999999999999929e+00 4.570000000000000284e+00 -1.000000000000000000e+00 -1.000000000000000000e+00 7.679999999999999716e+00 5.620000000000000107e+00 4.940000000000000391e+00
7.830000000000000071e+00 6.480000000000000426e+00 1.080000000000000071e+00 3.850000000000000089e+00 4.580000000000000071e+00 -1.000000000000000000e+00 -1.000000000000000000e+00 7.639999999999999680e+00 5.610000000000000320e+00 4.969999999999999751e+00
7.780000000000000249e+00 6.450000000000000178e+00 1.060000000000000053e+00 3.950000000000000178e+00 4.580000000000000071e+00 -1.000000000000000000e+00 -1.000000000000000000e+00 7.450000000000000178e+00 5.589999999999999858e+00 4.959999999999999964e+00
7.799999999999999822e+00 6.500000000000000000e+00 1.080000000000000071e+00 3.890000000000000124e+00 4.599999999999999645e+00 -1.000000000000000000e+00 -1.000000000000000000e+00 8.859999999999999432e+00 5.589999999999999858e+00 4.969999999999999751e+00
7.830000000000000071e+00 6.459999999999999964e+00 1.040000000000000036e+00 3.890000000000000124e+00 4.570000000000000284e+00 -1.000000000000000000e+00 -1.000000000000000000e+00 7.580000000000000071e+00 5.639999999999999680e+00 4.980000000000000426e+00
7.910000000000000142e+00 6.480000000000000426e+00 1.020000000000000018e+00 3.910000000000000142e+00 4.570000000000000284e+00 -1.000000000000000000e+00 -1.000000000000000000e+00 7.429999999999999716e+00 5.580000000000000071e+00 4.959999999999999964e+00
7.889999999999999680e+00 6.459999999999999964e+00 1.139999999999999902e+00 3.959999999999999964e+00 4.589999999999999858e+00 -1.000000000000000000e+00 -1.000000000000000000e+00 7.429999999999999716e+00 5.650000000000000355e+00 4.959999999999999964e+00
7.929999999999999716e+00 6.509999999999999787e+00 1.080000000000000071e+00 3.899999999999999911e+00 4.549999999999999822e+00 -1.000000000000000000e+00 -1.000000000000000000e+00 7.700000000000000178e+00 5.639999999999999680e+00 4.959999999999999964e+00
7.780000000000000249e+00 6.450000000000000178e+00 1.090000000000000080e+00 3.959999999999999964e+00 4.559999999999999609e+00 -1.000000000000000000e+00 -1.000000000000000000e+00 7.469999999999999751e+00 5.589999999999999858e+00 4.929999999999999716e+00
7.830000000000000071e+00 6.450000000000000178e+00 1.050000000000000044e+00 3.939999999999999947e+00 4.589999999999999858e+00 -1.000000000000000000e+00 -1.000000000000000000e+00 7.580000000000000071e+00 5.660000000000000142e+00 4.959999999999999964e+00
7.860000000000000320e+00 6.429999999999999716e+00 1.090000000000000080e+00 3.930000000000000160e+00 4.589999999999999858e+00 -1.000000000000000000e+00 -1.000000000000000000e+00 7.709999999999999964e+00 5.570000000000000284e+00 4.910000000000000142e+00
7.929999999999999716e+00 6.469999999999999751e+00 1.100000000000000089e+00 3.970000000000000195e+00 4.580000000000000071e+00 -1.000000000000000000e+00 -1.000000000000000000e+00 7.500000000000000000e+00 5.589999999999999858e+00 4.969999999999999751e+00
7.929999999999999716e+00 6.459999999999999964e+00 1.070000000000000062e+00 3.979999999999999982e+00 4.570000000000000284e+00 -1.000000000000000000e+00 -1.000000000000000000e+00 7.519999999999999574e+00 5.589999999999999858e+00 4.969999999999999751e+00
7.879999999999999893e+00 6.429999999999999716e+00 1.080000000000000071e+00 3.959999999999999964e+00 4.620000000000000107e+00 -1.000000000000000000e+00 -1.000000000000000000e+00 7.780000000000000249e+00 5.610000000000000320e+00 4.940000000000000391e+00
7.900000000000000355e+00 6.500000000000000000e+00 1.110000000000000098e+00 4.000000000000000000e+00 4.580000000000000071e+00 -1.000000000000000000e+00 -1.000000000000000000e+00 8.789999999999999147e+00 5.629999999999999893e+00 5.009999999999999787e+00
7.900000000000000355e+00 6.440000000000000391e+00 1.090000000000000080e+00 3.950000000000000178e+00 4.589999999999999858e+00 -1.000000000000000000e+00 -1.000000000000000000e+00 7.879999999999999893e+00 5.589999999999999858e+00 4.969999999999999751e+00
7.790000000000000036e+00 6.419999999999999929e+00 1.060000000000000053e+00 3.990000000000000213e+00 4.549999999999999822e+00 -1.000000000000000000e+00 -1.000000000000000000e+00 7.809999999999999609e+00 5.589999999999999858e+00 4.969999999999999751e+00
7.849999999999999645e+00 6.429999999999999716e+00 1.050000000000000044e+00 3.859999999999999876e+00 4.589999999999999858e+00 -1.000000000000000000e+00 -1.000000000000000000e+00 7.570000000000000284e+00 5.629999999999999893e+00 4.969999999999999751e+00
7.809999999999999609e+00 6.459999999999999964e+00 1.050000000000000044e+00 3.930000000000000160e+00 4.559999999999999609e+00 -1.000000000000000000e+00 -1.000000000000000000e+00 7.490000000000000213e+00 5.580000000000000071e+00 5.030000000000000249e+00
7.809999999999999609e+00 6.440000000000000391e+00 1.070000000000000062e+00 3.870000000000000107e+00 4.540000000000000036e+00 -1.000000000000000000e+00 -1.000000000000000000e+00 7.799999999999999822e+00 5.639999999999999680e+00 4.990000000000000213e+00
7.809999999999999609e+00 6.459999999999999964e+00 1.070000000000000062e+00 3.939999999999999947e+00 4.589999999999999858e+00 -1.000000000000000000e+00 -1.000000000000000000e+00 7.429999999999999716e+00 5.599999999999999645e+00 4.950000000000000178e+00
7.830000000000000071e+00 6.429999999999999716e+00 1.090000000000000080e+00 3.890000000000000124e+00 4.570000000000000284e+00 -1.000000000000000000e+00 -1.000000000000000000e+00 7.429999999999999716e+00 5.599999999999999645e+00 4.900000000000000355e+00
7.759999999999999787e+00 6.450000000000000178e+00 1.040000000000000036e+00 3.930000000000000160e+00 4.580000000000000071e+00 -1.000000000000000000e+00 -1.000000000000000000e+00 9.089999999999999858e+00 5.660000000000000142e+00 4.950000000000000178e+00
7.799999999999999822e+00 6.450000000000000178e+00 1.080000000000000071e+00 3.910000000000000142e+00 4.599999999999999645e+00 -1.000000000000000000e+00 -1.000000000000000000e+00 7.469999999999999751e+00 5.599999999999999645e+00 4.980000000000000426e+00
7.750000000000000000e+00 6.450000000000000178e+00 1.040000000000000036e+00 3.850000000000000089e+00 4.540000000000000036e+00 -1.000000000000000000e+00 -1.000000000000000000e+00 8.759999999999999787e+00 5.620000000000000107e+00 4.959999999999999964e+00
7.870000000000000107e+00 6.419999999999999929e+00 1.090000000000000080e+00 3.959999999999999964e+00 4.570000000000000284e+00 -1.000000000000000000e+00 -1.000000000000000000e+00 8.710000000000000853e+00 5.629999999999999893e+00 4.969999999999999751e+00
7.820000000000000284e+00 6.450000000000000178e+00 1.070000000000000062e+00 4.000000000000000000e+00 4.599999999999999645e+00 -1.000000000000000000e+00 -1.000000000000000000e+00 7.490000000000000213e+00 5.610000000000000320e+00 4.980000000000000426e+00
7.799999999999999822e+00 6.440000000000000391e+00 1.040000000000000036e+00 3.930000000000000160e+00 4.570000000000000284e+00 -1.000000000000000000e+00 -1.000000000000000000e+00 7.530000000000000249e+00 5.629999999999999893e+00 4.980000000000000426e+00
