-1.000000000000000000e+00 -1.000000000000000000e+00 -1.000000000000000000e+00 -1.000000000000000000e+00 -1.000000000000000000e+00 -1.000000000000000000e+00 -1.000000000000000000e+00 -1.000000000000000000e+00 -1.000000000000000000e+00 -1.000000000000000000e+00
4.889999999999999680e+00 5.799999999999999822e+00 3.120000000000000107e+00 -1.000000000000000000e+00 2.250000000000000000e+00 -1.000000000000000000e+00 1.050000000000000044e+00 6.620000000000000107e+00 7.290000000000000036e+00 4.309999999999999609e+00
4.969999999999999751e+00 5.730000000000000426e+00 3.069999999999999840e+00 -1.000000000000000000e+00 2.259999999999999787e+00 -1.000000000000000000e+00 1.030000000000000027e+00 6.639999999999999680e+00 7.269999999999999574e+00 4.719999999999999751e+00
5.019999999999999574e+00 5.790000000000000036e+00 3.129999999999999893e+00 -1.000000000000000000e+00 2.220000000000000195e+00 -1.000000000000000000e+00 1.030000000000000027e+00 6.629999999999999893e+00 7.370000000000000107e+00 3.939999999999999947e+00
4.969999999999999751e+00 5.790000000000000036e+00 3.160000000000000142e+00 -1.000000000000000000e+00 2.259999999999999787e+00 -1.000000000000000000e+00 1.000000000000000000e+00 6.650000000000000355e+00 7.269999999999999574e+00 4.009999999999999787e+00
5.000000000000000000e+00 5.780000000000000249e+00 3.100000000000000089e+00 -1.000000000000000000e+00 2.270000000000000018e+00 -1.000000000000000000e+00 1.070000000000000062e+00 6.570000000000000284e+00 7.299999999999999822e+00 4.339999999999999858e+00
4.900000000000000355e+00 5.799999999999999822e+00 3.120000000000000107e+00 -1.000000000000000000e+00 2.250000000000000000e+00 -1.000000000000000000e+00 1.030000000000000027e+00 6.690000000000000391e+00 7.299999999999999822e+00 3.970000000000000195e+00
5.049999999999999822e+00 5.769999999999999574e+00 3.089999999999999858e+00 -1.000000000000000000e+00 2.290000000000000036e+00 -1.000000000000000000e+00 1.000000000000000000e+00 6.580000000000000071e+00 7.320000000000000284e+00 3.930000000000000160e+00
4.940000000000000391e+00 5.740000000000000213e+00 3.109999999999999876e+00 -1.000000000000000000e+00 2.250000000000000000e+00 -1.000000000000000000e+00 1.060000000000000053e+00 6.589999999999999858e+00 7.280000000000000249e+00 4.309999999999999609e+00
4.950000000000000178e+00 5.759999999999999787e+00 3.160000000000000142e+00 -1.000000000000000000e+00 2.240000000000000213e+00 -1.000000000000000000e+00 1.040000000000000036e+00 6.679999999999999716e+00 7.290000000000000036e+00 4.419999999999999929e+00
4.919999999999999929e+00 5.769999999999999574e+00 3.089999999999999858e+00 -1.000000000000000000e+00 2.259999999999999787e+00 -1.000000000000000000e+00 9.799999999999999822e-01 6.719999999999999751e+00 7.290000000000000036e+00 4.719999999999999751e+00
5.019999999999999574e+00 5.690000000000000391e+00 3.120000000000000107e+00 -1.000000000000000000e+00 2.189999999999999947e+00 -1.000000000000000000e+00 1.060000000000000053e+00 6.599999999999999645e+00 7.280000000000000249e+00 4.410000000000000142e+00
5.000000000000000000e+00 5.809999999999999609e+00 3.120000000000000107e+00 -1.000000000000000000e+00 2.279999999999999805e+00 -1.000000000000000000e+00 1.110000000000000098e+00 6.650000000000000355e+00 7.320000000000000284e+00 3.910000000000000142e+00
4.940000000000000391e+00 5.709999999999999964e+00 3.129999999999999893e+00 -1.000000000000000000e+00 2.229999999999999982e+00 -1.000000000000000000e+00 1.060000000000000053e+00 6.620000000000000107e+00 7.230000000000000426e+00 4.450000000000000178e+00
4.910000000000000142e+00 5.790000000000000036e+00 3.140000000000000124e+00 -1.000000000000000000e+00 2.240000000000000213e+00 -1.000000000000000000e+00 1.020000000000000018e+00 6.589999999999999858e+00 7.299999999999999822e+00 3.959999999999999964e+00
4.980000000000000426e+00 5.809999999999999609e+00 3.109999999999999876e+00 -1.000000000000000000e+00 2.319999999999999840e+00 -1.000000000000000000e+00 1.050000000000000044e+00 6.639999999999999680e+00 7.330000000000000071e+00 3.930000000000000160e+00
4.910000000000000142e+00 5.809999999999999609e+00 3.129999999999999893e+00 -1.000000000000000000e+00 2.299999999999999822e+00 -1.000000000000000000e+00 1.100000000000000089e+00 6.690000000000000391e+00 7.299999999999999822e+00 3.910000000000000142e+00
5.000000000000000000e+00 5.769999999999999574e+00 3.169999999999999929e+00 -1.000000000000000000e+00 2.229999999999999982e+00 -1.000000000000000000e+00 1.050000000000000044e+00 6.580000000000000071e+00 7.320000000000000284e+00 4.320000000000000284e+00
4.900000000000000355e+00 5.769999999999999574e+00 3.149999999999999911e+00 -1.000000000000000000e+00 2.259999999999999787e+00 -1.000000000000000000e+00 1.060000000000000053e+00 6.679999999999999716e+00 7.309999999999999609e+00 3.919999999999999929e+00
4.980000000000000426e+00 5.740000000000000213e+00 3.100000000000000089e+00 -1.000000000000000000e+00 2.290000000000000036e+00 -1.000000000000000000e+00 1.070000000000000062e+00 6.669999999999999929e+00 7.280000000000000249e+00 4.410000000000000142e+00
4.959999999999999964e+00 5.790000000000000036e+00 3.129999999999999893e+00 -1.000000000000000000e+00 2.270000000000000018e+00 -1.000000000000000000e+00 1.090000000000000080e+00 6.639999999999999680e+00 7.250000000000000000e+00 4.309999999999999609e+00
4.950000000000000178e+00 5.820000000000000284e+00 3.149999999999999911e+00 -1.000000000000000000e+00 2.259999999999999787e+00 -1.000000000000000000e+00 1.110000000000000098e+00 6.639999999999999680e+00 7.370000000000000107e+00 3.919999999999999929e+00
4.959999999999999964e+00 5.799999999999999822e+00 3.100000000000000089e+00 -1.000000000000000000e+00 2.220000000000000195e+00 -1.000000000000000000e+00 1.090000000000000080e+00 6.570000000000000284e+00 7.280000000000000249e+00 4.009999999999999787e+00
4.959999999999999964e+00 5.769999999999999574e+00 3.120000000000000107e+00 -1.000000000000000000e+00 2.250000000000000000e+00 -1.000000000000000000e+00 1.090000000000000080e+00 6.580000000000000071e+00 7.290000000000000036e+00 3.930000000000000160e+00
4.919999999999999929e+00 5.790000000000000036e+00 3.149999999999999911e+00 -1.000000000000000000e+00 2.240000000000000213e+00 -1.000000000000000000e+00 1.070000000000000062e+00 6.629999999999999893e+00 7.349999999999999645e+00 3.839999999999999858e+00
5.049999999999999822e+00 5.809999999999999609e+00 3.089999999999999858e+00 -1.000000000000000000e+00 2.229999999999999982e+00 -1.000000000000000000e+00 1.050000000000000044e+00 6.709999999999999964e+00 7.330000000000000071e+00 4.320000000000000284e+00
5.009999999999999787e+00 5.750000000000000000e+00 3.100000000000000089e+00 -1.000000000000000000e+00 2.270000000000000018e+00 -1.000000000000000000e+00 1.080000000000000071e+00 6.660000000000000142e+00 7.299999999999999822e+00 3.979999999999999982e+00
4.990000000000000213e+00 5.799999999999999822e+00 3.129999999999999893e+00 -1.000000000000000000e+00 2.279999999999999805e+00 -1.000000000000000000e+00 1.080000000000000071e+00 6.610000000000000320e+00 7.309999999999999609e+00 3.939999999999999947e+00
4.879999999999999893e+00 5.870000000000000107e+00 3.140000000000000124e+00 -1.000000000000000000e+00 2.310000000000000053e+00 -1.000000000000000000e+00 1.040000000000000036e+00 6.559999999999999609e+00 7.280000000000000249e+00 4.320000000000000284e+00
4.910000000000000142e+00 5.790000000000000036e+00 3.100000000000000089e+00 -1.000000000000000000e+00 2.279999999999999805e+00 -1.000000000000000000e+00 1.020000000000000018e+00 6.599999999999999645e+00 7.299999999999999822e+00 3.930000000000000160e+00
5.000000000000000000e+00 5.750000000000000000e+00 3.109999999999999876e+00 -1.000000000000000000e+00 2.220000000000000195e+00 -1.000000000000000000e+00 1.070000000000000062e+00 6.679999999999999716e+00 7.309999999999999609e+00 4.730000000000000426e+00
4.969999999999999751e+00 5.740000000000000213e+00 3.100000000000000089e+00 -1.000000000000000000e+00 2.229999999999999982e+00 -1.000000000000000000e+00 1.090000000000000080e+00 6.589999999999999858e+00 7.259999999999999787e+00 4.000000000000000000e+00
4.910000000000000142e+00 5.809999999999999609e+00 3.149999999999999911e+00 -1.000000000000000000e+00 2.270000000000000018e+00 -1.000000000000000000e+00 1.050000000000000044e+00 6.639999999999999680e+00 7.360000000000000320e+00 4.429999999999999716e+00
4.910000000000000142e+00 5.799999999999999822e+00 3.149999999999999911e+00 -1.000000000000000000e+00 2.240000000000000213e+00 -1.000000000000000000e+00 1.050000000000000044e+00 6.679999999999999716e+00 7.280000000000000249e+00 4.750000000000000000e+00
4.919999999999999929e+00 5.759999999999999787e+00 3.120000000000000107e+00 -1.000000000000000000e+00 2.229999999999999982e+00 -1.000000000000000000e+00 1.070000000000000062e+00 6.690000000000000391e+00 7.269999999999999574e+00 3.970000000000000195e+00
4.919999999999999929e+00 5.700000000000000178e+00 3.109999999999999876e+00 -1.000000000000000000e+00 2.240000000000000213e+00 -1.000000000000000000e+00 1.110000000000000098e+00 6.629999999999999893e+00 7.320000000000000284e+00 4.320000000000000284e+00
4.980000000000000426e+00 5.780000000000000249e+00 3.080000000000000071e+00 -1.000000000000000000e+00 2.220000000000000195e+00 -1.000000000000000000e+00 1.020000000000000018e+00 6.639999999999999680e+00 7.290000000000000036e+00 4.330000000000000071e+00
4.969999999999999751e+00 5.799999999999999822e+00 3.120000000000000107e+00 -1.000000000000000000e+00 2.250000000000000000e+00 -1.000000000000000000e+00 9.899999999999999911e-01 6.610000000000000320e+00 7.330000000000000071e+00 4.370000000000000107e+00
4.929999999999999716e+00 5.769999999999999574e+00 3.100000000000000089e+00 -1.000000000000000000e+00 2.259999999999999787e+00 -1.000000000000000000e+00 1.030000000000000027e+00 6.599999999999999645e+00 7.330000000000000071e+00 4.339999999999999858e+00
4.959999999999999964e+00 5.780000000000000249e+00 3.109999999999999876e+00 -1.000000000000000000e+00 2.279999999999999805e+00 -1.000000000000000000e+00 1.010000000000000009e+00 6.580000000000000071e+00 7.330000000000000071e+00 3.899999999999999911e+00
4.919999999999999929e+00 5.759999999999999787e+00 3.109999999999999876e+00 -1.000000000000000000e+00 2.250000000000000000e+00 -1.000000000000000000e+00 1.070000000000000062e+00 6.690000000000000391e+00 7.330000000000000071e+00 3.970000000000000195e+00
4.980000000000000426e+00 5.860000000000000320e+00 3.120000000000000107e+00 -1.000000000000000000e+00 2.270000000000000018e+00 -1.000000000000000000e+00 1.020000000000000018e+00 6.679999999999999716e+00 7.320000000000000284e+00 3.890000000000000124e+00
4.969999999999999751e+00 5.759999999999999787e+00 3.100000000000000089e+00 -1.000000000000000000e+00 2.229999999999999982e+00 -1.000000000000000000e+00 1.100000000000000089e+00 6.610000000000000320e+00 7.360000000000000320e+00 4.750000000000000000e+00
4.910000000000000142e+00 5.719999999999999751e+00 3.180000000000000160e+00 -1.000000000000000000e+00 2.259999999999999787e+00 -1.000000000000000000e+00 1.080000000000000071e+00 6.660000000000000142e+00 7.290000000000000036e+00 3.919999999999999929e+00
5.000000000000000000e+00 5.830000000000000071e+00 3.160000000000000142e+00 -1.000000000000000000e+00 2.279999999999999805e+00 -1.000000000000000000e+00 1.040000000000000036e+00 6.629999999999999893e+00 7.339999999999999858e+00 4.280000000000000249e+00
4.969999999999999751e+00 5.719999999999999751e+00 3.100000000000000089e+00 -1.000000000000000000e+00 2.240000000000000213e+00 -1.000000000000000000e+00 1.050000000000000044e+00 6.660000000000000142e+00 7.370000000000000107e+00 4.030000000000000249e+00
4.940000000000000391e+00 5.799999999999999822e+00 3.120000000000000107e+00 -1.000000000000000000e+00 2.250000000000000000e+00 -1.000000000000000000e+00 1.050000000000000044e+00 6.660000000000000142e+00 7.290000000000000036e+00 3.959999999999999964e+00
4.969999999999999751e+00 5.759999999999999787e+00 3.120000000000000107e+00 -1.000000000000000000e+00 2.229999999999999982e+00 -1.000000000000000000e+00 1.010000000000000009e+00 6.589999999999999858e+00 7.259999999999999787e+00 4.000000000000000000e+00
4.940000000000000391e+00 5.759999999999999787e+00 3.109999999999999876e+00 -1.000000000000000000e+00 2.259999999999999787e+00 -1.000000000000000000e+00 1.050000000000000044e+00 6.610000000000000320e+00 7.230000000000000426e+00 4.320000000000000284e+00
-1.000000000000000000e+00 5.790000000000000036e+00 3.100000000000000089e+00 -1.000000000000000000e+00 2.250000000000000000e+00 -1.000000000000000000e+00 1.030000000000000027e+00 6.669999999999999929e+00 7.299999999999999822e+00 3.930000000000000160e+00
4.959999999999999964e+00 5.799999999999999822e+00 3.120000000000000107e+00 -1.000000000000000000e+00 2.240000000000000213e+00 -1.000000000000000000e+00 1.100000000000000089e+00 6.679999999999999716e+00 7.309999999999999609e+00 3.919999999999999929e+00
4.980000000000000426e+00 5.769999999999999574e+00 3.109999999999999876e+00 -1.000000000000000000e+00 2.259999999999999787e+00 -1.000000000000000000e+00 1.030000000000000027e+00 6.639999999999999680e+00 7.320000000000000284e+00 4.360000000000000320e+00
4.980000000000000426e+00 5.799999999999999822e+00 3.109999999999999876e+00 -1.000000000000000000e+00 2.229999999999999982e+00 -1.000000000000000000e+00 1.060000000000000053e+00 6.620000000000000107e+00 7.309999999999999609e+00 3.979999999999999982e+00
4.959999999999999964e+00 5.799999999999999822e+00 3.089999999999999858e+00 -1.000000000000000000e+00 2.259999999999999787e+00 -1.000000000000000000e+00 1.040000000000000036e+00 6.679999999999999716e+00 7.299999999999999822e+00 4.309999999999999609e+00
4.969999999999999751e+00 5.740000000000000213e+00 3.120000000000000107e+00 -1.000000000000000000e+00 2.220000000000000195e+00 -1.000000000000000000e+00 1.030000000000000027e+00 6.610000000000000320e+00 7.240000000000000213e+00 3.990000000000000213e+00
4.990000000000000213e+00 5.769999999999999574e+00 3.100000000000000089e+00 -1.000000000000000000e+00 2.270000000000000018e+00 -1.000000000000000000e+00 1.020000000000000018e+00 6.679999999999999716e+00 7.259999999999999787e+00 3.930000000000000160e+00
4.980000000000000426e+00 5.799999999999999822e+00 3.109999999999999876e+00 -1.000000000000000000e+00 2.240000000000000213e+00 -1.000000000000000000e+00 1.050000000000000044e+00 6.599999999999999645e+00 7.320000000000000284e+00 3.890000000000000124e+00
4.959999999999999964e+00 5.769999999999999574e+00 3.080000000000000071e+00 -1.000000000000000000e+00 2.290000000000000036e+00 -1.000000000000000000e+00 1.050000000000000044e+00 6.589999999999999858e+00 7.290000000000000036e+00 4.299999999999999822e+00
4.959999999999999964e+00 5.780000000000000249e+00 3.129999999999999893e+00 -1.000000000000000000e+00 2.299999999999999822e+00 -1.000000000000000000e+00 9.699999999999999734e-01 6.599999999999999645e+00 7.269999999999999574e+00 4.019999999999999574e+00
4.959999999999999964e+00 5.759999999999999787e+00 3.140000000000000124e+00 -1.000000000000000000e+00 2.250000000000000000e+00 -1.000000000000000000e+00 1.080000000000000071e+00 6.610000000000000320e+00 7.299999999999999822e+00 3.959999999999999964e+00
4.969999999999999751e+00 5.740000000000000213e+00 3.120000000000000107e+00 -1.000000000000000000e+00 2.279999999999999805e+00 -1.000000000000000000e+00 1.040000000000000036e+00 6.650000000000000355e+00 7.339999999999999858e+00 3.850000000000000089e+00
4.940000000000000391e+00 5.750000000000000000e+00 3.109999999999999876e+00 -1.000000000000000000e+00 2.220000000000000195e+00 -1.000000000000000000e+00 1.050000000000000044e+00 6.639999999999999680e+00 7.320000000000000284e+00 3.970000000000000195e+00
5.000000000000000000e+00 5.809999999999999609e+00 3.140000000000000124e+00 -1.000000000000000000e+00 2.250000000000000000e+00 -1.000000000000000000e+00 1.020000000000000018e+00 6.650000000000000355e+00 7.299999999999999822e+00 4.299999999999999822e+00
5.030000000000000249e+00 5.790000000000000036e+00 3.129999999999999893e+00 -1.000000000000000000e+00 2.240000000000000213e+00 -1.000000000000000000e+00 1.060000000000000053e+00 6.639999999999999680e+00 7.290000000000000036e+00 4.330000000000000071e+00
5.009999999999999787e+00 5.780000000000000249e+00 3.120000000000000107e+00 -1.000000000000000000e+00 2.209999999999999964e+00 -1.000000000000000000e+00 1.060000000000000053e+00 6.589999999999999858e+00 7.290000000000000036e+00 3.879999999999999893e+00
4.969999999999999751e+00 5.750000000000000000e+00 3.109999999999999876e+00 -1.000000000000000000e+00 2.220000000000000195e+00 -1.000000000000000000e+00 1.050000000000000044e+00 6.660000000000000142e+00 7.280000000000000249e+00 3.930000000000000160e+00
4.950000000000000178e+00 5.780000000000000249e+00 3.140000000000000124e+00 -1.000000000000000000e+00 2.270000000000000018e+00 -1.000000000000000000e+00 1.040000000000000036e+00 6.610000000000000320e+00 7.280000000000000249e+00 3.919999999999999929e+00
4.959999999999999964e+00 5.769999999999999574e+00 3.109999999999999876e+00 -1.000000000000000000e+00 2.220000000000000195e+00 -1.000000000000000000e+00 1.030000000000000027e+00 6.599999999999999645e+00 7.250000000000000000e+00 4.330000000000000071e+00
4.940000000000000391e+00 5.740000000000000213e+00 3.100000000000000089e+00 -1.000000000000000000e+00 2.250000000000000000e+00 -1.000000000000000000e+00 1.060000000000000053e+00 6.650000000000000355e+00 7.269999999999999574e+00 3.930000000000000160e+00
4.980000000000000426e+00 5.780000000000000249e+00 3.109999999999999876e+00 -1.000000000000000000e+00 2.290000000000000036e+00 -1.000000000000000000e+00 1.020000000000000018e+00 6.719999999999999751e+00 7.269999999999999574e+00 3.879999999999999893e+00
4.940000000000000391e+00 5.790000000000000036e+00 3.120000000000000107e+00 -1.000000000000000000e+00 2.270000000000000018e+00 -1.000000000000000000e+00 1.060000000000000053e+00 6.639999999999999680e+00 7.280000000000000249e+00 3.959999999999999964e+00
4.910000000000000142e+00 5.790000000000000036e+00 3.149999999999999911e+00 -1.000000000000000000e+00 2.270000000000000018e+00 -1.000000000000000000e+00 1.030000000000000027e+00 6.570000000000000284e+00 7.240000000000000213e+00 4.330000000000000071e+00
4.980000000000000426e+00 5.799999999999999822e+00 3.109999999999999876e+00 -1.000000000000000000e+00 2.250000000000000000e+00 -1.000000000000000000e+00 1.110000000000000098e+00 6.639999999999999680e+00 7.299999999999999822e+00 4.040000000000000036e+00
4.969999999999999751e+00 5.750000000000000000e+00 3.129999999999999893e+00 -1.000000000000000000e+00 2.270000000000000018e+00 -1.000000000000000000e+00 1.070000000000000062e+00 6.620000000000000107e+00 7.349999999999999645e+00 3.970000000000000195e+00
5.000000000000000000e+00 5.809999999999999609e+00 3.109999999999999876e+00 -1.000000000000000000e+00 2.229999999999999982e+00 -1.000000000000000000e+00 1.040000000000000036e+00 6.679999999999999716e+00 7.280000000000000249e+00 3.899999999999999911e+00
4.980000000000000426e+00 5.780000000000000249e+00 3.100000000000000089e+00 -1.000000000000000000e+00 2.240000000000000213e+00 -1.000000000000000000e+00 1.050000000000000044e+00 6.610000000000000320e+00 7.309999999999999609e+00 3.930000000000000160e+00
4.969999999999999751e+00 5.809999999999999609e+00 3.169999999999999929e+00 -1.000000000000000000e+00 2.200000000000000178e+00 -1.000000000000000000e+00 1.060000000000000053e+00 6.580000000000000071e+00 7.280000000000000249e+00 3.990000000000000213e+00
4.950000000000000178e+00 5.750000000000000000e+00 3.140000000000000124e+00 -1.000000000000000000e+00 2.310000000000000053e+00 -1.000000000000000000e+00 1.070000000000000062e+00 6.650000000000000355e+00 7.370000000000000107e+00 4.349999999999999645e+00
5.000000000000000000e+00 5.750000000000000000e+00 3.160000000000000142e+00 -1.000000000000000000e+00 2.290000000000000036e+00 -1.000000000000000000e+00 1.060000000000000053e+00 6.679999999999999716e+00 7.330000000000000071e+00 4.400000000000000355e+00
4.969999999999999751e+00 5.809999999999999609e+00 3.109999999999999876e+00 -1.000000000000000000e+00 2.270000000000000018e+00 -1.000000000000000000e+00 1.090000000000000080e+00 6.639999999999999680e+00 7.299999999999999822e+00 3.930000000000000160e+00
4.969999999999999751e+00 5.809999999999999609e+00 3.140000000000000124e+00 -1.000000000000000000e+00 2.220000000000000195e+00 -1.000000000000000000e+00 1.060000000000000053e+00 6.610000000000000320e+00 7.339999999999999858e+00 3.970000000000000195e+00
5.000000000000000000e+00 5.780000000000000249e+00 3.060000000000000053e+00 -1.000000000000000000e+00 2.240000000000000213e+00 -1.000000000000000000e+00 1.000000000000000000e+00 6.589999999999999858e+00 7.349999999999999645e+00 3.930000000000000160e+00
4.959999999999999964e+00 5.780000000000000249e+00 3.160000000000000142e+00 -1.000000000000000000e+00 2.240000000000000213e+00 -1.000000000000000000e+00 1.050000000000000044e+00 6.599999999999999645e+00 7.339999999999999858e+00 3.950000000000000178e+00
4.940000000000000391e+00 5.809999999999999609e+00 3.129999999999999893e+00 -1.000000000000000000e+00 2.259999999999999787e+00 -1.000000000000000000e+00 1.060000000000000053e+00 6.610000000000000320e+00 7.259999999999999787e+00 4.009999999999999787e+00
4.950000000000000178e+00 5.750000000000000000e+00 3.160000000000000142e+00 -1.000000000000000000e+00 2.229999999999999982e+00 -1.000000000000000000e+00 1.080000000000000071e+00 6.709999999999999964e+00 7.320000000000000284e+00 3.910000000000000142e+00
4.969999999999999751e+00 5.809999999999999609e+00 3.109999999999999876e+00 -1.000000000000000000e+00 2.259999999999999787e+00 -1.000000000000000000e+00 1.050000000000000044e+00 6.610000000000000320e+00 7.309999999999999609e+00 3.890000000000000124e+00
5.059999999999999609e+00 5.780000000000000249e+00 3.100000000000000089e+00 -1.000000000000000000e+00 2.240000000000000213e+00 -1.000000000000000000e+00 1.050000000000000044e+00 6.679999999999999716e+00 7.280000000000000249e+00 4.400000000000000355e+00
4.950000000000000178e+00 5.820000000000000284e+00 3.109999999999999876e+00 -1.000000000000000000e+00 2.220000000000000195e+00 -1.000000000000000000e+00 1.090000000000000080e+00 6.620000000000000107e+00 7.280000000000000249e+00 4.049999999999999822e+00
4.959999999999999964e+00 5.799999999999999822e+00 3.160000000000000142e+00 -1.000000000000000000e+00 2.250000000000000000e+00 -1.000000000000000000e+00 1.030000000000000027e+00 6.620000000000000107e+00 7.269999999999999574e+00 4.740000000000000213e+00
4.929999999999999716e+00 5.780000000000000249e+00 3.129999999999999893e+00 -1.000000000000000000e+00 2.240000000000000213e+00 -1.000000000000000000e+00 1.020000000000000018e+00 6.669999999999999929e+00 7.290000000000000036e+00 3.930000000000000160e+00
4.879999999999999893e+00 5.769999999999999574e+00 3.100000000000000089e+00 -1.000000000000000000e+00 2.240000000000000213e+00 -1.000000000000000000e+00 1.030000000000000027e+00 6.639999999999999680e+00 7.259999999999999787e+00 4.009999999999999787e+00
5.000000000000000000e+00 5.750000000000000000e+00 3.129999999999999893e+00 -1.000000000000000000e+00 2.270000000000000018e+00 -1.000000000000000000e+00 1.030000000000000027e+00 6.589999999999999858e+00 7.280000000000000249e+00 3.990000000000000213e+00
4.969999999999999751e+00 5.799999999999999822e+00 3.229999999999999982e+00 -1.000000000000000000e+00 2.259999999999999787e+00 -1.000000000000000000e+00 1.060000000000000053e+00 6.610000000000000320e+00 7.280000000000000249e+00 3.890000000000000124e+00
4.940000000000000391e+00 5.769999999999999574e+00 3.180000000000000160e+00 -1.000000000000000000e+00 2.220000000000000195e+00 -1.000000000000000000e+00 1.050000000000000044e+00 6.639999999999999680e+00 7.259999999999999787e+00 4.309999999999999609e+00
5.000000000000000000e+00 5.740000000000000213e+00 3.149999999999999911e+00 -1.000000000000000000e+00 2.290000000000000036e+00 -1.000000000000000000e+00 1.030000000000000027e+00 6.700000000000000178e+00 7.290000000000000036e+00 3.899999999999999911e+00
4.959999999999999964e+00 5.730000000000000426e+00 3.120000000000000107e+00 -1.000000000000000000e+00 2.270000000000000018e+00 -1.000000000000000000e+00 1.050000000000000044e+00 6.700000000000000178e+00 7.339999999999999858e+00 4.719999999999999751e+00
4.969999999999999751e+00 5.769999999999999574e+00 3.100000000000000089e+00 -1.000000000000000000e+00 2.279999999999999805e+00 -1.000000000000000000e+00 9.599999999999999645e-01 6.700000000000000178e+00 7.280000000000000249e+00 4.009999999999999787e+00
4.900000000000000355e+00 5.740000000000000213e+00 3.109999999999999876e+00 -1.000000000000000000e+00 2.240000000000000213e+00 -1.000000000000000000e+00 1.070000000000000062e+00 6.610000000000000320e+00 7.290000000000000036e+00 3.959999999999999964e+00
4.940000000000000391e+00 5.769999999999999574e+00 3.109999999999999876e+00 -1.000000000000000000e+00 2.250000000000000000e+00 -1.000000000000000000e+00 1.090000000000000080e+00 6.650000000000000355e+00 7.290000000000000036e+00 3.979999999999999982e+00
4.980000000000000426e+00 5.809999999999999609e+00 3.109999999999999876e+00 -1.000000000000000000e+00 2.279999999999999805e+00 -1.000000000000000000e+00 1.060000000000000053e+00 6.679999999999999716e+00 7.290000000000000036e+00 4.299999999999999822e+00
