-1.000000000000000000e+00 -1.000000000000000000e+00 -1.000000000000000000e+00 -1.000000000000000000e+00 -1.000000000000000000e+00 -1.000000000000000000e+00 -1.000000000000000000e+00 -1.000000000000000000e+00 -1.000000000000000000e+00 -1.000000000000000000e+00
3.189999999999999947e+00 -1.000000000000000000e+00 -1.000000000000000000e+00 5.860000000000000320e+00 4.030000000000000249e+00 6.160000000000000142e+00 6.870000000000000107e+00 -1.000000000000000000e+00 1.800000000000000044e+00 2.509999999999999787e+00
3.209999999999999964e+00 -1.000000000000000000e+00 -1.000000000000000000e+00 5.839999999999999858e+00 4.019999999999999574e+00 6.129999999999999893e+00 6.870000000000000107e+00 -1.000000000000000000e+00 1.800000000000000044e+00 2.490000000000000213e+00
3.169999999999999929e+00 -1.000000000000000000e+00 -1.000000000000000000e+00 5.839999999999999858e+00 4.000000000000000000e+00 6.179999999999999716e+00 6.860000000000000320e+00 -1.000000000000000000e+00 1.800000000000000044e+00 2.479999999999999982e+00
3.160000000000000142e+00 -1.000000000000000000e+00 -1.000000000000000000e+00 5.879999999999999893e+00 4.030000000000000249e+00 6.230000000000000426e+00 6.860000000000000320e+00 -1.000000000000000000e+00 1.820000000000000062e+00 2.459999999999999964e+00
3.180000000000000160e+00 -1.000000000000000000e+00 -1.000000000000000000e+00 5.870000000000000107e+00 3.959999999999999964e+00 6.209999999999999964e+00 6.849999999999999645e+00 -1.000000000000000000e+00 1.800000000000000044e+00 2.470000000000000195e+00
3.209999999999999964e+00 -1.000000000000000000e+00 -1.000000000000000000e+00 5.879999999999999893e+00 4.009999999999999787e+00 6.230000000000000426e+00 6.940000000000000391e+00 -1.000000000000000000e+00 1.879999999999999893e+00 2.450000000000000178e+00
3.160000000000000142e+00 -1.000000000000000000e+00 -1.000000000000000000e+00 5.929999999999999716e+00 3.959999999999999964e+00 6.179999999999999716e+00 6.910000000000000142e+00 -1.000000000000000000e+00 1.840000000000000080e+00 2.439999999999999947e+00
3.140000000000000124e+00 -1.000000000000000000e+00 -1.000000000000000000e+00 5.860000000000000320e+00 3.950000000000000178e+00 6.190000000000000391e+00 6.849999999999999645e+00 -1.000000000000000000e+00 1.790000000000000036e+00 2.479999999999999982e+00
3.229999999999999982e+00 -1.000000000000000000e+00 -1.000000000000000000e+00 5.889999999999999680e+00 4.000000000000000000e+00 6.209999999999999964e+00 6.839999999999999858e+00 -1.000000000000000000e+00 1.790000000000000036e+00 2.490000000000000213e+00
3.160000000000000142e+00 -1.000000000000000000e+00 -1.000000000000000000e+00 5.910000000000000142e+00 3.970000000000000195e+00 6.179999999999999716e+00 -1.000000000000000000e+00 -1.000000000000000000e+00 1.860000000000000098e+00 2.439999999999999947e+00
3.189999999999999947e+00 -1.000000000000000000e+00 -1.000000000000000000e+00 5.799999999999999822e+00 3.979999999999999982e+00 -1.000000000000000000e+00 6.870000000000000107e+00 3.459999999999999964e+00 1.820000000000000062e+00 2.470000000000000195e+00
3.180000000000000160e+00 -1.000000000000000000e+00 -1.000000000000000000e+00 5.799999999999999822e+00 4.000000000000000000e+00 -1.000000000000000000e+00 6.870000000000000107e+00 3.359999999999999876e+00 1.810000000000000053e+00 2.430000000000000160e+00
3.169999999999999929e+00 -1.000000000000000000e+00 -1.000000000000000000e+00 5.830000000000000071e+00 3.939999999999999947e+00 -1.000000000000000000e+00 6.849999999999999645e+00 3.490000000000000213e+00 1.879999999999999893e+00 2.450000000000000178e+00
3.200000000000000178e+00 -1.000000000000000000e+00 -1.000000000000000000e+00 5.809999999999999609e+00 4.139999999999999680e+00 -1.000000000000000000e+00 6.889999999999999680e+00 3.410000000000000142e+00 1.760000000000000009e+00 2.500000000000000000e+00
3.180000000000000160e+00 -1.000000000000000000e+00 -1.000000000000000000e+00 5.860000000000000320e+00 3.950000000000000178e+00 -1.000000000000000000e+00 6.830000000000000071e+00 3.419999999999999929e+00 1.790000000000000036e+00 2.470000000000000195e+00
3.189999999999999947e+00 -1.000000000000000000e+00 -1.000000000000000000e+00 5.750000000000000000e+00 3.970000000000000195e+00 -1.000000000000000000e+00 6.849999999999999645e+00 3.390000000000000124e+00 1.840000000000000080e+00 2.450000000000000178e+00
3.229999999999999982e+00 -1.000000000000000000e+00 -1.000000000000000000e+00 5.769999999999999574e+00 3.950000000000000178e+00 -1.000000000000000000e+00 6.860000000000000320e+00 3.339999999999999858e+00 1.780000000000000027e+00 2.509999999999999787e+00
3.189999999999999947e+00 -1.000000000000000000e+00 -1.000000000000000000e+00 5.830000000000000071e+00 4.009999999999999787e+00 -1.000000000000000000e+00 6.849999999999999645e+00 3.359999999999999876e+00 1.780000000000000027e+00 2.459999999999999964e+00
3.200000000000000178e+00 -1.000000000000000000e+00 -1.000000000000000000e+00 5.780000000000000249e+00 4.030000000000000249e+00 -1.000000000000000000e+00 6.860000000000000320e+00 3.419999999999999929e+00 1.820000000000000062e+00 2.439999999999999947e+00
3.240000000000000213e+00 -1.000000000000000000e+00 -1.000000000000000000e+00 5.809999999999999609e+00 3.979999999999999982e+00 -1.000000000000000000e+00 6.799999999999999822e+00 3.490000000000000213e+00 1.830000000000000071e+00 2.459999999999999964e+00
3.189999999999999947e+00 -1.000000000000000000e+00 -1.000000000000000000e+00 5.849999999999999645e+00 3.950000000000000178e+00 -1.000000000000000000e+00 6.879999999999999893e+00 3.399999999999999911e+00 1.790000000000000036e+00 2.419999999999999929e+00
3.180000000000000160e+00 -1.000000000000000000e+00 -1.000000000000000000e+00 5.799999999999999822e+00 3.990000000000000213e+00 -1.000000000000000000e+00 6.769999999999999574e+00 3.350000000000000089e+00 1.800000000000000044e+00 2.500000000000000000e+00
3.160000000000000142e+00 -1.000000000000000000e+00 -1.000000000000000000e+00 5.799999999999999822e+00 4.030000000000000249e+00 -1.000000000000000000e+00 6.799999999999999822e+00 3.399999999999999911e+00 1.810000000000000053e+00 2.490000000000000213e+00
3.169999999999999929e+00 -1.000000000000000000e+00 -1.000000000000000000e+00 5.839999999999999858e+00 3.990000000000000213e+00 -1.000000000000000000e+00 6.839999999999999858e+00 3.450000000000000178e+00 1.850000000000000089e+00 2.470000000000000195e+00
3.169999999999999929e+00 -1.000000000000000000e+00 -1.000000000000000000e+00 5.809999999999999609e+00 3.979999999999999982e+00 -1.000000000000000000e+00 6.870000000000000107e+00 3.450000000000000178e+00 1.820000000000000062e+00 2.459999999999999964e+00
3.189999999999999947e+00 -1.000000000000000000e+00 -1.000000000000000000e+00 5.809999999999999609e+00 3.959999999999999964e+00 -1.000000000000000000e+00 6.830000000000000071e+00 3.439999999999999947e+00 1.830000000000000071e+00 2.520000000000000018e+00
3.209999999999999964e+00 -1.000000000000000000e+00 -1.000000000000000000e+00 5.809999999999999609e+00 4.009999999999999787e+00 -1.000000000000000000e+00 6.879999999999999893e+00 3.549999999999999822e+00 1.820000000000000062e+00 2.439999999999999947e+00
3.180000000000000160e+00 -1.000000000000000000e+00 -1.000000000000000000e+00 5.799999999999999822e+00 4.000000000000000000e+00 -1.000000000000000000e+00 6.809999999999999609e+00 3.390000000000000124e+00 1.780000000000000027e+00 2.459999999999999964e+00
3.200000000000000178e+00 -1.000000000000000000e+00 -1.000000000000000000e+00 5.780000000000000249e+00 3.979999999999999982e+00 -1.000000000000000000e+00 6.730000000000000426e+00 3.430000000000000160e+00 1.820000000000000062e+00 2.430000000000000160e+00
3.220000000000000195e+00 -1.000000000000000000e+00 -1.000000000000000000e+00 5.740000000000000213e+00 4.009999999999999787e+00 -1.000000000000000000e+00 6.780000000000000249e+00 3.470000000000000195e+00 1.770000000000000018e+00 2.430000000000000160e+00
3.259999999999999787e+00 -1.000000000000000000e+00 -1.000000000000000000e+00 5.799999999999999822e+00 3.959999999999999964e+00 -1.000000000000000000e+00 6.790000000000000036e+00 3.410000000000000142e+00 1.850000000000000089e+00 2.430000000000000160e+00
3.220000000000000195e+00 -1.000000000000000000e+00 -1.000000000000000000e+00 5.860000000000000320e+00 4.049999999999999822e+00 -1.000000000000000000e+00 6.759999999999999787e+00 3.439999999999999947e+00 1.770000000000000018e+00 2.459999999999999964e+00
3.200000000000000178e+00 -1.000000000000000000e+00 -1.000000000000000000e+00 5.839999999999999858e+00 4.040000000000000036e+00 -1.000000000000000000e+00 6.830000000000000071e+00 3.390000000000000124e+00 1.760000000000000009e+00 2.490000000000000213e+00
3.220000000000000195e+00 -1.000000000000000000e+00 -1.000000000000000000e+00 5.799999999999999822e+00 4.000000000000000000e+00 -1.000000000000000000e+00 6.830000000000000071e+00 3.419999999999999929e+00 1.810000000000000053e+00 2.470000000000000195e+00
3.209999999999999964e+00 -1.000000000000000000e+00 -1.000000000000000000e+00 5.820000000000000284e+00 4.019999999999999574e+00 -1.000000000000000000e+00 6.820000000000000284e+00 3.419999999999999929e+00 1.860000000000000098e+00 2.490000000000000213e+00
3.259999999999999787e+00 -1.000000000000000000e+00 -1.000000000000000000e+00 5.849999999999999645e+00 3.990000000000000213e+00 -1.000000000000000000e+00 6.799999999999999822e+00 3.410000000000000142e+00 1.830000000000000071e+00 2.450000000000000178e+00
3.200000000000000178e+00 -1.000000000000000000e+00 -1.000000000000000000e+00 5.849999999999999645e+00 3.950000000000000178e+00 -1.000000000000000000e+00 6.820000000000000284e+00 3.419999999999999929e+00 1.810000000000000053e+00 2.459999999999999964e+00
3.229999999999999982e+00 -1.000000000000000000e+00 -1.000000000000000000e+00 5.830000000000000071e+00 4.009999999999999787e+00 -1.000000000000000000e+00 6.809999999999999609e+00 3.419999999999999929e+00 1.790000000000000036e+00 2.459999999999999964e+00
3.229999999999999982e+00 -1.000000000000000000e+00 -1.000000000000000000e+00 5.849999999999999645e+00 4.000000000000000000e+00 -1.000000000000000000e+00 6.830000000000000071e+00 3.370000000000000107e+00 1.719999999999999973e+00 2.470000000000000195e+00
3.160000000000000142e+00 -1.000000000000000000e+00 -1.000000000000000000e+00 5.839999999999999858e+00 3.959999999999999964e+00 -1.000000000000000000e+00 6.889999999999999680e+00 3.500000000000000000e+00 1.840000000000000080e+00 2.450000000000000178e+00
3.220000000000000195e+00 -1.000000000000000000e+00 -1.000000000000000000e+00 5.860000000000000320e+00 4.009999999999999787e+00 -1.000000000000000000e+00 6.860000000000000320e+00 3.490000000000000213e+00 1.870000000000000107e+00 2.439999999999999947e+00
3.160000000000000142e+00 -1.000000000000000000e+00 -1.000000000000000000e+00 5.799999999999999822e+00 3.970000000000000195e+00 -1.000000000000000000e+00 6.839999999999999858e+00 3.430000000000000160e+00 1.770000000000000018e+00 2.459999999999999964e+00
3.169999999999999929e+00 -1.000000000000000000e+00 -1.000000000000000000e+00 5.809999999999999609e+00 3.970000000000000195e+00 -1.000000000000000000e+00 6.860000000000000320e+00 3.450000000000000178e+00 1.820000000000000062e+00 2.459999999999999964e+00
3.169999999999999929e+00 -1.000000000000000000e+00 -1.000000000000000000e+00 5.790000000000000036e+00 4.019999999999999574e+00 -1.000000000000000000e+00 6.799999999999999822e+00 3.399999999999999911e+00 1.800000000000000044e+00 2.459999999999999964e+00
3.200000000000000178e+00 -1.000000000000000000e+00 -1.000000000000000000e+00 5.799999999999999822e+00 4.009999999999999787e+00 -1.000000000000000000e+00 6.900000000000000355e+00 3.500000000000000000e+00 1.760000000000000009e+00 2.450000000000000178e+00
3.149999999999999911e+00 -1.000000000000000000e+00 -1.000000000000000000e+00 5.849999999999999645e+00 3.990000000000000213e+00 -1.000000000000000000e+00 6.849999999999999645e+00 3.479999999999999982e+00 -1.000000000000000000e+00 2.459999999999999964e+00
3.220000000000000195e+00 -1.000000000000000000e+00 -1.000000000000000000e+00 5.910000000000000142e+00 4.009999999999999787e+00 -1.000000000000000000e+00 6.830000000000000071e+00 3.350000000000000089e+00 1.770000000000000018e+00 2.439999999999999947e+00
3.200000000000000178e+00 -1.000000000000000000e+00 -1.000000000000000000e+00 5.870000000000000107e+00 3.970000000000000195e+00 -1.000000000000000000e+00 6.790000000000000036e+00 3.399999999999999911e+00 1.780000000000000027e+00 2.500000000000000000e+00
3.180000000000000160e+00 -1.000000000000000000e+00 -1.000000000000000000e+00 5.809999999999999609e+00 3.990000000000000213e+00 -1.000000000000000000e+00 -1.000000000000000000e+00 3.490000000000000213e+00 1.800000000000000044e+00 2.450000000000000178e+00
3.209999999999999964e+00 -1.000000000000000000e+00 -1.000000000000000000e+00 5.849999999999999645e+00 3.979999999999999982e+00 -1.000000000000000000e+00 6.809999999999999609e+00 3.459999999999999964e+00 1.830000000000000071e+00 2.520000000000000018e+00
3.149999999999999911e+00 -1.000000000000000000e+00 -1.000000000000000000e+00 5.830000000000000071e+00 3.959999999999999964e+00 -1.000000000000000000e+00 6.830000000000000071e+00 3.459999999999999964e+00 1.820000000000000062e+00 2.439999999999999947e+00
3.240000000000000213e+00 -1.000000000000000000e+00 -1.000000000000000000e+00 5.809999999999999609e+00 4.000000000000000000e+00 -1.000000000000000000e+00 6.910000000000000142e+00 3.490000000000000213e+00 1.820000000000000062e+00 2.450000000000000178e+00
3.189999999999999947e+00 -1.000000000000000000e+00 -1.000000000000000000e+00 5.820000000000000284e+00 3.990000000000000213e+00 -1.000000000000000000e+00 6.860000000000000320e+00 3.399999999999999911e+00 1.840000000000000080e+00 2.459999999999999964e+00
3.220000000000000195e+00 -1.000000000000000000e+00 -1.000000000000000000e+00 5.799999999999999822e+00 3.990000000000000213e+00 -1.000000000000000000e+00 6.769999999999999574e+00 3.430000000000000160e+00 1.870000000000000107e+00 2.450000000000000178e+00
3.209999999999999964e+00 -1.000000000000000000e+00 -1.000000000000000000e+00 5.849999999999999645e+00 4.040000000000000036e+00 -1.000000000000000000e+00 6.830000000000000071e+00 3.419999999999999929e+00 1.820000000000000062e+00 2.470000000000000195e+00
3.220000000000000195e+00 -1.000000000000000000e+00 -1.000000000000000000e+00 5.809999999999999609e+00 3.990000000000000213e+00 -1.000000000000000000e+00 6.870000000000000107e+00 3.430000000000000160e+00 1.810000000000000053e+00 2.450000000000000178e+00
3.160000000000000142e+00 -1.000000000000000000e+00 -1.000000000000000000e+00 5.820000000000000284e+00 3.970000000000000195e+00 -1.000000000000000000e+00 6.820000000000000284e+00 3.419999999999999929e+00 1.870000000000000107e+00 2.459999999999999964e+00
3.180000000000000160e+00 -1.000000000000000000e+00 -1.000000000000000000e+00 5.820000000000000284e+00 4.030000000000000249e+00 -1.000000000000000000e+00 6.759999999999999787e+00 3.410000000000000142e+00 1.850000000000000089e+00 2.490000000000000213e+00
3.220000000000000195e+00 -1.000000000000000000e+00 -1.000000000000000000e+00 5.849999999999999645e+00 4.019999999999999574e+00 -1.000000000000000000e+00 6.830000000000000071e+00 3.419999999999999929e+00 1.790000000000000036e+00 2.479999999999999982e+00
3.189999999999999947e+00 -1.000000000000000000e+00 -1.000000000000000000e+00 5.889999999999999680e+00 3.959999999999999964e+00 -1.000000000000000000e+00 -1.000000000000000000e+00 3.410000000000000142e+00 1.879999999999999893e+00 2.479999999999999982e+00
3.180000000000000160e+00 -1.000000000000000000e+00 -1.000000000000000000e+00 5.889999999999999680e+00 4.000000000000000000e+00 -1.000000000000000000e+00 6.759999999999999787e+00 3.470000000000000195e+00 1.800000000000000044e+00 2.379999999999999893e+00
3.160000000000000142e+00 -1.000000000000000000e+00 -1.000000000000000000e+00 5.879999999999999893e+00 3.979999999999999982e+00 -1.000000000000000000e+00 6.820000000000000284e+00 3.470000000000000195e+00 1.820000000000000062e+00 2.450000000000000178e+00
3.140000000000000124e+00 -1.000000000000000000e+00 -1.000000000000000000e+00 5.839999999999999858e+00 3.979999999999999982e+00 -1.000000000000000000e+00 6.780000000000000249e+00 3.459999999999999964e+00 1.800000000000000044e+00 2.450000000000000178e+00
3.189999999999999947e+00 -1.000000000000000000e+00 -1.000000000000000000e+00 5.830000000000000071e+00 3.979999999999999982e+00 -1.000000000000000000e+00 6.870000000000000107e+00 3.439999999999999947e+00 1.850000000000000089e+00 2.450000000000000178e+00
3.160000000000000142e+00 -1.000000000000000000e+00 -1.000000000000000000e+00 5.830000000000000071e+00 4.019999999999999574e+00 -1.000000000000000000e+00 6.919999999999999929e+00 3.430000000000000160e+00 1.840000000000000080e+00 2.439999999999999947e+00
3.169999999999999929e+00 -1.000000000000000000e+00 -1.000000000000000000e+00 5.849999999999999645e+00 3.970000000000000195e+00 -1.000000000000000000e+00 6.809999999999999609e+00 3.459999999999999964e+00 1.790000000000000036e+00 2.450000000000000178e+00
3.200000000000000178e+00 -1.000000000000000000e+00 -1.000000000000000000e+00 5.919999999999999929e+00 3.970000000000000195e+00 -1.000000000000000000e+00 6.879999999999999893e+00 3.410000000000000142e+00 1.850000000000000089e+00 2.459999999999999964e+00
3.180000000000000160e+00 -1.000000000000000000e+00 -1.000000000000000000e+00 5.860000000000000320e+00 4.019999999999999574e+00 -1.000000000000000000e+00 6.900000000000000355e+00 3.470000000000000195e+00 1.830000000000000071e+00 2.410000000000000142e+00
3.220000000000000195e+00 -1.000000000000000000e+00 -1.000000000000000000e+00 5.820000000000000284e+00 3.990000000000000213e+00 -1.000000000000000000e+00 6.820000000000000284e+00 3.500000000000000000e+00 1.810000000000000053e+00 2.450000000000000178e+00
3.250000000000000000e+00 -1.000000000000000000e+00 -1.000000000000000000e+00 5.839999999999999858e+00 4.009999999999999787e+00 -1.000000000000000000e+00 6.830000000000000071e+00 3.439999999999999947e+00 1.810000000000000053e+00 2.439999999999999947e+00
3.180000000000000160e+00 -1.000000000000000000e+00 -1.000000000000000000e+00 5.799999999999999822e+00 3.959999999999999964e+00 -1.000000000000000000e+00 6.809999999999999609e+00 3.419999999999999929e+00 1.860000000000000098e+00 2.500000000000000000e+00
3.180000000000000160e+00 -1.000000000000000000e+00 -1.000000000000000000e+00 5.799999999999999822e+00 3.939999999999999947e+00 -1.000000000000000000e+00 6.780000000000000249e+00 3.390000000000000124e+00 1.840000000000000080e+00 2.500000000000000000e+00
3.200000000000000178e+00 -1.000000000000000000e+00 -1.000000000000000000e+00 5.849999999999999645e+00 3.950000000000000178e+00 -1.000000000000000000e+00 6.849999999999999645e+00 3.410000000000000142e+00 1.860000000000000098e+00 -1.000000000000000000e+00
3.169999999999999929e+00 -1.000000000000000000e+00 -1.000000000000000000e+00 5.830000000000000071e+00 3.970000000000000195e+00 -1.000000000000000000e+00 6.799999999999999822e+00 3.459999999999999964e+00 1.820000000000000062e+00 2.439999999999999947e+00
3.180000000000000160e+00 -1.000000000000000000e+00 -1.000000000000000000e+00 5.849999999999999645e+00 4.000000000000000000e+00 -1.000000000000000000e+00 6.780000000000000249e+00 3.479999999999999982e+00 1.820000000000000062e+00 2.439999999999999947e+00
3.160000000000000142e+00 -1.000000000000000000e+00 -1.000000000000000000e+00 5.849999999999999645e+00 3.990000000000000213e+00 -1.000000000000000000e+00 6.830000000000000071e+00 3.459999999999999964e+00 1.820000000000000062e+00 2.490000000000000213e+00
3.180000000000000160e+00 -1.000000000000000000e+00 -1.000000000000000000e+00 5.830000000000000071e+00 3.990000000000000213e+00 -1.000000000000000000e+00 6.870000000000000107e+00 3.509999999999999787e+00 1.850000000000000089e+00 2.509999999999999787e+00
3.180000000000000160e+00 -1.000000000000000000e+00 -1.000000000000000000e+00 5.799999999999999822e+00 3.919999999999999929e+00 -1.000000000000000000e+00 6.809999999999999609e+00 3.410000000000000142e+00 1.840000000000000080e+00 2.439999999999999947e+00
3.189999999999999947e+00 -1.000000000000000000e+00 -1.000000000000000000e+00 5.830000000000000071e+00 4.000000000000000000e+00 -1.000000000000000000e+00 6.830000000000000071e+00 3.410000000000000142e+00 1.770000000000000018e+00 2.509999999999999787e+00
3.169999999999999929e+00 -1.000000000000000000e+00 -1.000000000000000000e+00 5.799999999999999822e+00 3.970000000000000195e+00 -1.000000000000000000e+00 6.849999999999999645e+00 3.470000000000000195e+00 1.850000000000000089e+00 2.450000000000000178e+00
3.160000000000000142e+00 -1.000000000000000000e+00 -1.000000000000000000e+00 5.820000000000000284e+00 4.000000000000000000e+00 -1.000000000000000000e+00 6.830000000000000071e+00 3.419999999999999929e+00 1.820000000000000062e+00 2.479999999999999982e+00
3.229999999999999982e+00 -1.000000000000000000e+00 -1.000000000000000000e+00 5.830000000000000071e+00 3.959999999999999964e+00 -1.000000000000000000e+00 6.809999999999999609e+00 3.419999999999999929e+00 1.840000000000000080e+00 2.470000000000000195e+00
3.180000000000000160e+00 -1.000000000000000000e+00 -1.000000000000000000e+00 5.820000000000000284e+00 4.009999999999999787e+00 -1.000000000000000000e+00 6.870000000000000107e+00 3.399999999999999911e+00 1.840000000000000080e+00 2.470000000000000195e+00
3.189999999999999947e+00 -1.000000000000000000e+00 -1.000000000000000000e+00 5.860000000000000320e+00 4.030000000000000249e+00 -1.000000000000000000e+00 6.889999999999999680e+00 3.529999999999999805e+00 1.850000000000000089e+00 2.490000000000000213e+00
3.209999999999999964e+00 -1.000000000000000000e+00 -1.000000000000000000e+00 5.820000000000000284e+00 4.040000000000000036e+00 -1.000000000000000000e+00 6.870000000000000107e+00 3.450000000000000178e+00 1.830000000000000071e+00 2.479999999999999982e+00
3.169999999999999929e+00 -1.000000000000000000e+00 -1.000000000000000000e+00 5.790000000000000036e+00 4.009999999999999787e+00 -1.000000000000000000e+00 6.830000000000000071e+00 3.399999999999999911e+00 1.790000000000000036e+00 2.509999999999999787e+00
3.129999999999999893e+00 -1.000000000000000000e+00 -1.000000000000000000e+00 5.839999999999999858e+00 3.979999999999999982e+00 -1.000000000000000000e+00 6.900000000000000355e+00 3.359999999999999876e+00 1.810000000000000053e+00 2.450000000000000178e+00
3.189999999999999947e+00 -1.000000000000000000e+00 -1.000000000000000000e+00 5.839999999999999858e+00 3.979999999999999982e+00 -1.000000000000000000e+00 6.809999999999999609e+00 3.459999999999999964e+00 1.830000000000000071e+00 2.459999999999999964e+00
3.140000000000000124e+00 -1.000000000000000000e+00 -1.000000000000000000e+00 5.809999999999999609e+00 4.000000000000000000e+00 -1.000000000000000000e+00 6.900000000000000355e+00 3.470000000000000195e+00 1.879999999999999893e+00 2.430000000000000160e+00
3.180000000000000160e+00 -1.000000000000000000e+00 -1.000000000000000000e+00 5.799999999999999822e+00 3.950000000000000178e+00 -1.000000000000000000e+00 6.809999999999999609e+00 3.450000000000000178e+00 1.840000000000000080e+00 2.450000000000000178e+00
3.209999999999999964e+00 -1.000000000000000000e+00 -1.000000000000000000e+00 5.830000000000000071e+00 3.970000000000000195e+00 -1.000000000000000000e+00 6.870000000000000107e+00 3.419999999999999929e+00 1.850000000000000089e+00 2.450000000000000178e+00
3.180000000000000160e+00 -1.000000000000000000e+00 -1.000000000000000000e+00 5.790000000000000036e+00 3.950000000000000178e+00 -1.000000000000000000e+00 6.809999999999999609e+00 3.399999999999999911e+00 1.840000000000000080e+00 2.439999999999999947e+00
3.180000000000000160e+00 -1.000000000000000000e+00 -1.000000000000000000e+00 5.809999999999999609e+00 3.939999999999999947e+00 -1.000000000000000000e+00 6.799999999999999822e+00 3.430000000000000160e+00 1.790000000000000036e+00 2.459999999999999964e+00
3.189999999999999947e+00 -1.000000000000000000e+00 -1.000000000000000000e+00 5.820000000000000284e+00 3.950000000000000178e+00 -1.000000000000000000e+00 6.849999999999999645e+00 3.470000000000000195e+00 1.850000000000000089e+00 2.450000000000000178e+00
3.209999999999999964e+00 -1.000000000000000000e+00 -1.000000000000000000e+00 5.799999999999999822e+00 3.979999999999999982e+00 -1.000000000000000000e+00 6.740000000000000213e+00 3.390000000000000124e+00 1.780000000000000027e+00 2.520000000000000018e+00
3.189999999999999947e+00 -1.000000000000000000e+00 -1.000000000000000000e+00 5.809999999999999609e+00 3.939999999999999947e+00 -1.000000000000000000e+00 6.809999999999999609e+00 3.399999999999999911e+00 1.790000000000000036e+00 2.490000000000000213e+00
3.160000000000000142e+00 -1.000000000000000000e+00 -1.000000000000000000e+00 5.799999999999999822e+00 3.990000000000000213e+00 -1.000000000000000000e+00 6.769999999999999574e+00 3.430000000000000160e+00 1.830000000000000071e+00 2.450000000000000178e+00
3.200000000000000178e+00 -1.000000000000000000e+00 -1.000000000000000000e+00 5.790000000000000036e+00 4.019999999999999574e+00 -1.000000000000000000e+00 6.809999999999999609e+00 3.430000000000000160e+00 1.840000000000000080e+00 2.450000000000000178e+00
3.149999999999999911e+00 -1.000000000000000000e+00 -1.000000000000000000e+00 5.849999999999999645e+00 3.990000000000000213e+00 -1.000000000000000000e+00 6.799999999999999822e+00 3.479999999999999982e+00 1.870000000000000107e+00 2.450000000000000178e+00
