-1.000000000000000000e+00 -1.000000000000000000e+00 -1.000000000000000000e+00 -1.000000000000000000e+00 -1.000000000000000000e+00 -1.000000000000000000e+00 -1.000000000000000000e+00 -1.000000000000000000e+00 -1.000000000000000000e+00 -1.000000000000000000e+00
1.570000000000000062e+00 3.520000000000000018e+00 -1.000000000000000000e+00 6.660000000000000142e+00 4.660000000000000142e+00 9.070000000000000284e+00 7.990000000000000213e+00 -1.000000000000000000e+00 3.089999999999999858e+00 5.219999999999999751e+00
1.600000000000000089e+00 3.490000000000000213e+00 -1.000000000000000000e+00 6.650000000000000355e+00 4.660000000000000142e+00 9.009999999999999787e+00 8.000000000000000000e+00 -1.000000000000000000e+00 3.180000000000000160e+00 5.259999999999999787e+00
1.620000000000000107e+00 3.509999999999999787e+00 -1.000000000000000000e+00 6.719999999999999751e+00 4.650000000000000355e+00 9.070000000000000284e+00 7.990000000000000213e+00 -1.000000000000000000e+00 3.060000000000000053e+00 5.209999999999999964e+00
1.629999999999999893e+00 3.549999999999999822e+00 -1.000000000000000000e+00 6.690000000000000391e+00 4.650000000000000355e+00 9.050000000000000711e+00 8.009999999999999787e+00 -1.000000000000000000e+00 3.080000000000000071e+00 5.250000000000000000e+00
1.620000000000000107e+00 3.560000000000000053e+00 -1.000000000000000000e+00 6.740000000000000213e+00 4.660000000000000142e+00 8.660000000000000142e+00 7.950000000000000178e+00 -1.000000000000000000e+00 3.100000000000000089e+00 5.240000000000000213e+00
1.570000000000000062e+00 3.470000000000000195e+00 -1.000000000000000000e+00 6.679999999999999716e+00 4.629999999999999893e+00 9.099999999999999645e+00 8.050000000000000711e+00 -1.000000000000000000e+00 3.149999999999999911e+00 5.200000000000000178e+00
1.600000000000000089e+00 3.470000000000000195e+00 -1.000000000000000000e+00 6.650000000000000355e+00 4.679999999999999716e+00 8.990000000000000213e+00 7.969999999999999751e+00 -1.000000000000000000e+00 3.109999999999999876e+00 5.230000000000000426e+00
1.620000000000000107e+00 3.490000000000000213e+00 -1.000000000000000000e+00 6.700000000000000178e+00 4.650000000000000355e+00 9.070000000000000284e+00 8.019999999999999574e+00 -1.000000000000000000e+00 3.109999999999999876e+00 5.259999999999999787e+00
1.530000000000000027e+00 3.490000000000000213e+00 -1.000000000000000000e+00 6.690000000000000391e+00 4.660000000000000142e+00 9.000000000000000000e+00 8.009999999999999787e+00 -1.000000000000000000e+00 3.109999999999999876e+00 5.240000000000000213e+00
1.570000000000000062e+00 3.500000000000000000e+00 -1.000000000000000000e+00 6.669999999999999929e+00 4.669999999999999929e+00 9.029999999999999361e+00 8.060000000000000497e+00 -1.000000000000000000e+00 3.129999999999999893e+00 5.259999999999999787e+00
1.580000000000000071e+00 3.490000000000000213e+00 -1.000000000000000000e+00 6.669999999999999929e+00 4.650000000000000355e+00 9.060000000000000497e+00 8.019999999999999574e+00 -1.000000000000000000e+00 3.080000000000000071e+00 5.230000000000000426e+00
1.669999999999999929e+00 3.479999999999999982e+00 -1.000000000000000000e+00 6.660000000000000142e+00 4.650000000000000355e+00 9.009999999999999787e+00 7.969999999999999751e+00 -1.000000000000000000e+00 3.109999999999999876e+00 5.209999999999999964e+00
1.620000000000000107e+00 3.520000000000000018e+00 -1.000000000000000000e+00 6.669999999999999929e+00 4.669999999999999929e+00 9.070000000000000284e+00 8.000000000000000000e+00 -1.000000000000000000e+00 3.109999999999999876e+00 5.219999999999999751e+00
1.560000000000000053e+00 3.500000000000000000e+00 -1.000000000000000000e+00 6.709999999999999964e+00 4.650000000000000355e+00 8.980000000000000426e+00 8.029999999999999361e+00 -1.000000000000000000e+00 3.140000000000000124e+00 5.259999999999999787e+00
1.639999999999999902e+00 3.479999999999999982e+00 -1.000000000000000000e+00 6.719999999999999751e+00 4.650000000000000355e+00 8.980000000000000426e+00 7.980000000000000426e+00 -1.000000000000000000e+00 3.129999999999999893e+00 5.250000000000000000e+00
1.580000000000000071e+00 -1.000000000000000000e+00 -1.000000000000000000e+00 6.719999999999999751e+00 4.639999999999999680e+00 9.009999999999999787e+00 8.000000000000000000e+00 -1.000000000000000000e+00 3.120000000000000107e+00 5.280000000000000249e+00
1.600000000000000089e+00 3.529999999999999805e+00 -1.000000000000000000e+00 6.709999999999999964e+00 4.650000000000000355e+00 8.699999999999999289e+00 8.000000000000000000e+00 -1.000000000000000000e+00 3.080000000000000071e+00 5.280000000000000249e+00
1.590000000000000080e+00 3.490000000000000213e+00 -1.000000000000000000e+00 6.690000000000000391e+00 4.679999999999999716e+00 -1.000000000000000000e+00 8.000000000000000000e+00 -1.000000000000000000e+00 3.080000000000000071e+00 5.190000000000000391e+00
1.620000000000000107e+00 3.529999999999999805e+00 -1.000000000000000000e+00 6.719999999999999751e+00 4.660000000000000142e+00 9.019999999999999574e+00 7.990000000000000213e+00 -1.000000000000000000e+00 3.100000000000000089e+00 5.250000000000000000e+00
1.620000000000000107e+00 3.500000000000000000e+00 -1.000000000000000000e+00 6.759999999999999787e+00 4.650000000000000355e+00 9.009999999999999787e+00 7.950000000000000178e+00 -1.000000000000000000e+00 3.129999999999999893e+00 5.209999999999999964e+00
1.570000000000000062e+00 3.490000000000000213e+00 -1.000000000000000000e+00 6.690000000000000391e+00 4.660000000000000142e+00 8.660000000000000142e+00 8.039999999999999147e+00 -1.000000000000000000e+00 3.049999999999999822e+00 5.240000000000000213e+00
1.610000000000000098e+00 3.520000000000000018e+00 -1.000000000000000000e+00 6.700000000000000178e+00 4.740000000000000213e+00 9.029999999999999361e+00 8.009999999999999787e+00 -1.000000000000000000e+00 3.160000000000000142e+00 5.269999999999999574e+00
1.580000000000000071e+00 3.500000000000000000e+00 -1.000000000000000000e+00 6.709999999999999964e+00 4.669999999999999929e+00 9.009999999999999787e+00 7.959999999999999964e+00 -1.000000000000000000e+00 3.109999999999999876e+00 5.230000000000000426e+00
1.620000000000000107e+00 3.479999999999999982e+00 -1.000000000000000000e+00 6.679999999999999716e+00 4.650000000000000355e+00 9.099999999999999645e+00 8.009999999999999787e+00 -1.000000000000000000e+00 3.100000000000000089e+00 5.259999999999999787e+00
1.570000000000000062e+00 3.540000000000000036e+00 -1.000000000000000000e+00 6.740000000000000213e+00 4.650000000000000355e+00 9.019999999999999574e+00 7.990000000000000213e+00 -1.000000000000000000e+00 3.109999999999999876e+00 5.219999999999999751e+00
1.570000000000000062e+00 3.500000000000000000e+00 -1.000000000000000000e+00 6.709999999999999964e+00 4.639999999999999680e+00 9.019999999999999574e+00 8.029999999999999361e+00 -1.000000000000000000e+00 3.129999999999999893e+00 5.280000000000000249e+00
1.639999999999999902e+00 3.490000000000000213e+00 -1.000000000000000000e+00 6.690000000000000391e+00 4.679999999999999716e+00 9.050000000000000711e+00 7.950000000000000178e+00 -1.000000000000000000e+00 3.100000000000000089e+00 5.259999999999999787e+00
1.590000000000000080e+00 3.520000000000000018e+00 -1.000000000000000000e+00 6.690000000000000391e+00 4.639999999999999680e+00 8.980000000000000426e+00 8.019999999999999574e+00 -1.000000000000000000e+00 3.109999999999999876e+00 5.230000000000000426e+00
1.570000000000000062e+00 3.490000000000000213e+00 -1.000000000000000000e+00 6.700000000000000178e+00 4.650000000000000355e+00 9.050000000000000711e+00 8.019999999999999574e+00 -1.000000000000000000e+00 3.080000000000000071e+00 5.240000000000000213e+00
1.639999999999999902e+00 3.560000000000000053e+00 -1.000000000000000000e+00 6.740000000000000213e+00 4.660000000000000142e+00 9.000000000000000000e+00 7.950000000000000178e+00 -1.000000000000000000e+00 3.180000000000000160e+00 5.209999999999999964e+00
1.620000000000000107e+00 3.479999999999999982e+00 -1.000000000000000000e+00 6.740000000000000213e+00 4.639999999999999680e+00 8.990000000000000213e+00 7.969999999999999751e+00 -1.000000000000000000e+00 3.100000000000000089e+00 5.259999999999999787e+00
1.639999999999999902e+00 3.490000000000000213e+00 -1.000000000000000000e+00 6.679999999999999716e+00 4.650000000000000355e+00 8.980000000000000426e+00 8.000000000000000000e+00 -1.000000000000000000e+00 3.140000000000000124e+00 5.259999999999999787e+00
1.629999999999999893e+00 3.450000000000000178e+00 -1.000000000000000000e+00 6.700000000000000178e+00 4.639999999999999680e+00 9.050000000000000711e+00 8.029999999999999361e+00 -1.000000000000000000e+00 3.089999999999999858e+00 5.200000000000000178e+00
1.590000000000000080e+00 3.470000000000000195e+00 -1.000000000000000000e+00 6.730000000000000426e+00 4.629999999999999893e+00 9.039999999999999147e+00 8.029999999999999361e+00 -1.000000000000000000e+00 3.069999999999999840e+00 5.259999999999999787e+00
1.620000000000000107e+00 3.500000000000000000e+00 -1.000000000000000000e+00 6.700000000000000178e+00 4.650000000000000355e+00 8.990000000000000213e+00 7.980000000000000426e+00 -1.000000000000000000e+00 3.129999999999999893e+00 5.250000000000000000e+00
1.649999999999999911e+00 3.529999999999999805e+00 -1.000000000000000000e+00 6.709999999999999964e+00 4.679999999999999716e+00 9.099999999999999645e+00 8.039999999999999147e+00 -1.000000000000000000e+00 3.149999999999999911e+00 5.209999999999999964e+00
1.560000000000000053e+00 3.560000000000000053e+00 -1.000000000000000000e+00 6.690000000000000391e+00 4.660000000000000142e+00 8.949999999999999289e+00 8.009999999999999787e+00 -1.000000000000000000e+00 3.040000000000000036e+00 5.290000000000000036e+00
1.629999999999999893e+00 3.520000000000000018e+00 -1.000000000000000000e+00 6.690000000000000391e+00 4.469999999999999751e+00 9.000000000000000000e+00 8.000000000000000000e+00 -1.000000000000000000e+00 3.069999999999999840e+00 5.269999999999999574e+00
1.570000000000000062e+00 3.500000000000000000e+00 -1.000000000000000000e+00 6.719999999999999751e+00 4.660000000000000142e+00 9.029999999999999361e+00 8.050000000000000711e+00 -1.000000000000000000e+00 3.080000000000000071e+00 5.269999999999999574e+00
1.600000000000000089e+00 3.479999999999999982e+00 -1.000000000000000000e+00 6.709999999999999964e+00 4.679999999999999716e+00 8.970000000000000639e+00 7.990000000000000213e+00 -1.000000000000000000e+00 3.080000000000000071e+00 5.299999999999999822e+00
1.600000000000000089e+00 3.479999999999999982e+00 -1.000000000000000000e+00 6.730000000000000426e+00 4.660000000000000142e+00 8.960000000000000853e+00 7.969999999999999751e+00 -1.000000000000000000e+00 3.080000000000000071e+00 5.309999999999999609e+00
1.590000000000000080e+00 3.500000000000000000e+00 -1.000000000000000000e+00 6.700000000000000178e+00 4.650000000000000355e+00 8.960000000000000853e+00 8.050000000000000711e+00 -1.000000000000000000e+00 3.100000000000000089e+00 5.299999999999999822e+00
1.620000000000000107e+00 3.490000000000000213e+00 -1.000000000000000000e+00 6.730000000000000426e+00 4.669999999999999929e+00 8.599999999999999645e+00 8.060000000000000497e+00 -1.000000000000000000e+00 3.109999999999999876e+00 5.290000000000000036e+00
1.590000000000000080e+00 3.520000000000000018e+00 -1.000000000000000000e+00 6.669999999999999929e+00 4.669999999999999929e+00 9.050000000000000711e+00 7.969999999999999751e+00 -1.000000000000000000e+00 3.100000000000000089e+00 5.280000000000000249e+00
1.610000000000000098e+00 3.470000000000000195e+00 -1.000000000000000000e+00 6.679999999999999716e+00 4.639999999999999680e+00 9.050000000000000711e+00 8.039999999999999147e+00 -1.000000000000000000e+00 3.080000000000000071e+00 5.250000000000000000e+00
1.649999999999999911e+00 3.520000000000000018e+00 -1.000000000000000000e+00 6.730000000000000426e+00 4.700000000000000178e+00 8.949999999999999289e+00 8.019999999999999574e+00 -1.000000000000000000e+00 3.089999999999999858e+00 5.269999999999999574e+00
1.620000000000000107e+00 3.500000000000000000e+00 -1.000000000000000000e+00 6.719999999999999751e+00 4.480000000000000426e+00 8.960000000000000853e+00 8.000000000000000000e+00 -1.000000000000000000e+00 3.049999999999999822e+00 5.200000000000000178e+00
1.620000000000000107e+00 3.520000000000000018e+00 -1.000000000000000000e+00 6.679999999999999716e+00 4.660000000000000142e+00 8.970000000000000639e+00 7.969999999999999751e+00 -1.000000000000000000e+00 3.109999999999999876e+00 5.219999999999999751e+00
1.659999999999999920e+00 3.560000000000000053e+00 -1.000000000000000000e+00 6.679999999999999716e+00 4.679999999999999716e+00 8.970000000000000639e+00 8.050000000000000711e+00 -1.000000000000000000e+00 3.089999999999999858e+00 5.209999999999999964e+00
1.580000000000000071e+00 3.509999999999999787e+00 -1.000000000000000000e+00 6.719999999999999751e+00 4.690000000000000391e+00 9.000000000000000000e+00 7.990000000000000213e+00 -1.000000000000000000e+00 3.080000000000000071e+00 5.269999999999999574e+00
1.510000000000000009e+00 3.500000000000000000e+00 -1.000000000000000000e+00 6.719999999999999751e+00 4.599999999999999645e+00 8.970000000000000639e+00 8.039999999999999147e+00 -1.000000000000000000e+00 3.109999999999999876e+00 5.230000000000000426e+00
1.610000000000000098e+00 3.490000000000000213e+00 -1.000000000000000000e+00 6.709999999999999964e+00 4.660000000000000142e+00 9.000000000000000000e+00 8.029999999999999361e+00 -1.000000000000000000e+00 3.080000000000000071e+00 5.259999999999999787e+00
1.639999999999999902e+00 3.509999999999999787e+00 -1.000000000000000000e+00 6.719999999999999751e+00 4.660000000000000142e+00 8.890000000000000568e+00 8.029999999999999361e+00 -1.000000000000000000e+00 3.140000000000000124e+00 5.280000000000000249e+00
1.560000000000000053e+00 3.529999999999999805e+00 -1.000000000000000000e+00 6.709999999999999964e+00 4.660000000000000142e+00 9.000000000000000000e+00 8.060000000000000497e+00 -1.000000000000000000e+00 3.140000000000000124e+00 5.259999999999999787e+00
1.629999999999999893e+00 3.520000000000000018e+00 -1.000000000000000000e+00 6.690000000000000391e+00 4.669999999999999929e+00 9.000000000000000000e+00 8.039999999999999147e+00 -1.000000000000000000e+00 3.109999999999999876e+00 5.269999999999999574e+00
1.580000000000000071e+00 3.490000000000000213e+00 -1.000000000000000000e+00 6.660000000000000142e+00 4.639999999999999680e+00 8.730000000000000426e+00 8.009999999999999787e+00 -1.000000000000000000e+00 3.109999999999999876e+00 5.230000000000000426e+00
1.580000000000000071e+00 3.540000000000000036e+00 -1.000000000000000000e+00 6.740000000000000213e+00 4.730000000000000426e+00 8.679999999999999716e+00 7.990000000000000213e+00 -1.000000000000000000e+00 3.120000000000000107e+00 5.230000000000000426e+00
1.600000000000000089e+00 3.529999999999999805e+00 -1.000000000000000000e+00 6.700000000000000178e+00 4.650000000000000355e+00 8.919999999999999929e+00 8.050000000000000711e+00 -1.000000000000000000e+00 3.100000000000000089e+00 5.320000000000000284e+00
1.580000000000000071e+00 3.500000000000000000e+00 -1.000000000000000000e+00 6.700000000000000178e+00 4.679999999999999716e+00 9.029999999999999361e+00 7.990000000000000213e+00 -1.000000000000000000e+00 3.120000000000000107e+00 5.250000000000000000e+00
1.590000000000000080e+00 3.540000000000000036e+00 -1.000000000000000000e+00 6.709999999999999964e+00 4.660000000000000142e+00 9.000000000000000000e+00 8.060000000000000497e+00 -1.000000000000000000e+00 3.100000000000000089e+00 5.250000000000000000e+00
1.620000000000000107e+00 3.549999999999999822e+00 -1.000000000000000000e+00 6.709999999999999964e+00 4.660000000000000142e+00 8.689999999999999503e+00 8.019999999999999574e+00 -1.000000000000000000e+00 3.109999999999999876e+00 5.250000000000000000e+00
1.610000000000000098e+00 3.520000000000000018e+00 -1.000000000000000000e+00 6.690000000000000391e+00 4.660000000000000142e+00 9.029999999999999361e+00 8.000000000000000000e+00 -1.000000000000000000e+00 3.129999999999999893e+00 5.259999999999999787e+00
1.590000000000000080e+00 3.439999999999999947e+00 -1.000000000000000000e+00 6.690000000000000391e+00 4.660000000000000142e+00 8.669999999999999929e+00 8.060000000000000497e+00 -1.000000000000000000e+00 3.049999999999999822e+00 5.290000000000000036e+00
1.570000000000000062e+00 3.490000000000000213e+00 -1.000000000000000000e+00 6.679999999999999716e+00 4.660000000000000142e+00 9.009999999999999787e+00 8.060000000000000497e+00 -1.000000000000000000e+00 3.089999999999999858e+00 5.250000000000000000e+00
1.570000000000000062e+00 3.560000000000000053e+00 -1.000000000000000000e+00 6.690000000000000391e+00 4.650000000000000355e+00 9.000000000000000000e+00 8.000000000000000000e+00 -1.000000000000000000e+00 3.089999999999999858e+00 5.250000000000000000e+00
1.620000000000000107e+00 3.490000000000000213e+00 -1.000000000000000000e+00 6.719999999999999751e+00 4.620000000000000107e+00 9.039999999999999147e+00 7.980000000000000426e+00 -1.000000000000000000e+00 3.029999999999999805e+00 5.280000000000000249e+00
1.610000000000000098e+00 3.520000000000000018e+00 -1.000000000000000000e+00 6.690000000000000391e+00 4.660000000000000142e+00 8.689999999999999503e+00 7.969999999999999751e+00 -1.000000000000000000e+00 3.080000000000000071e+00 5.280000000000000249e+00
1.600000000000000089e+00 3.500000000000000000e+00 -1.000000000000000000e+00 6.719999999999999751e+00 4.660000000000000142e+00 8.949999999999999289e+00 7.969999999999999751e+00 -1.000000000000000000e+00 3.069999999999999840e+00 5.269999999999999574e+00
1.620000000000000107e+00 3.509999999999999787e+00 -1.000000000000000000e+00 6.719999999999999751e+00 4.660000000000000142e+00 9.009999999999999787e+00 8.000000000000000000e+00 -1.000000000000000000e+00 3.060000000000000053e+00 5.269999999999999574e+00
1.540000000000000036e+00 3.470000000000000195e+00 -1.000000000000000000e+00 6.700000000000000178e+00 4.669999999999999929e+00 8.910000000000000142e+00 7.990000000000000213e+00 -1.000000000000000000e+00 3.089999999999999858e+00 5.299999999999999822e+00
1.590000000000000080e+00 3.500000000000000000e+00 -1.000000000000000000e+00 6.650000000000000355e+00 4.620000000000000107e+00 8.619999999999999218e+00 7.980000000000000426e+00 -1.000000000000000000e+00 3.129999999999999893e+00 5.330000000000000071e+00
1.590000000000000080e+00 3.500000000000000000e+00 -1.000000000000000000e+00 6.740000000000000213e+00 4.660000000000000142e+00 8.980000000000000426e+00 8.009999999999999787e+00 -1.000000000000000000e+00 3.120000000000000107e+00 5.250000000000000000e+00
1.639999999999999902e+00 3.479999999999999982e+00 -1.000000000000000000e+00 6.709999999999999964e+00 4.599999999999999645e+00 9.070000000000000284e+00 8.000000000000000000e+00 -1.000000000000000000e+00 3.040000000000000036e+00 5.259999999999999787e+00
1.610000000000000098e+00 3.470000000000000195e+00 -1.000000000000000000e+00 6.700000000000000178e+00 4.639999999999999680e+00 8.949999999999999289e+00 7.950000000000000178e+00 -1.000000000000000000e+00 3.069999999999999840e+00 5.259999999999999787e+00
1.600000000000000089e+00 3.479999999999999982e+00 -1.000000000000000000e+00 6.690000000000000391e+00 4.599999999999999645e+00 9.029999999999999361e+00 8.009999999999999787e+00 -1.000000000000000000e+00 3.089999999999999858e+00 5.269999999999999574e+00
1.590000000000000080e+00 3.459999999999999964e+00 -1.000000000000000000e+00 6.709999999999999964e+00 4.650000000000000355e+00 9.029999999999999361e+00 8.000000000000000000e+00 -1.000000000000000000e+00 3.069999999999999840e+00 5.320000000000000284e+00
1.620000000000000107e+00 3.500000000000000000e+00 -1.000000000000000000e+00 6.690000000000000391e+00 4.660000000000000142e+00 8.929999999999999716e+00 7.959999999999999964e+00 -1.000000000000000000e+00 3.060000000000000053e+00 5.280000000000000249e+00
1.620000000000000107e+00 3.549999999999999822e+00 -1.000000000000000000e+00 6.679999999999999716e+00 4.650000000000000355e+00 9.000000000000000000e+00 8.029999999999999361e+00 -1.000000000000000000e+00 3.080000000000000071e+00 5.269999999999999574e+00
1.649999999999999911e+00 3.470000000000000195e+00 -1.000000000000000000e+00 6.690000000000000391e+00 4.660000000000000142e+00 8.970000000000000639e+00 7.950000000000000178e+00 -1.000000000000000000e+00 3.080000000000000071e+00 5.280000000000000249e+00
1.530000000000000027e+00 3.540000000000000036e+00 -1.000000000000000000e+00 6.650000000000000355e+00 4.639999999999999680e+00 9.000000000000000000e+00 7.980000000000000426e+00 -1.000000000000000000e+00 3.040000000000000036e+00 5.320000000000000284e+00
1.620000000000000107e+00 3.549999999999999822e+00 -1.000000000000000000e+00 6.700000000000000178e+00 4.629999999999999893e+00 8.890000000000000568e+00 8.000000000000000000e+00 -1.000000000000000000e+00 3.089999999999999858e+00 5.320000000000000284e+00
1.540000000000000036e+00 3.490000000000000213e+00 -1.000000000000000000e+00 6.709999999999999964e+00 4.650000000000000355e+00 9.009999999999999787e+00 7.990000000000000213e+00 -1.000000000000000000e+00 3.069999999999999840e+00 5.339999999999999858e+00
1.620000000000000107e+00 3.529999999999999805e+00 -1.000000000000000000e+00 6.719999999999999751e+00 4.639999999999999680e+00 8.970000000000000639e+00 8.019999999999999574e+00 -1.000000000000000000e+00 3.109999999999999876e+00 5.280000000000000249e+00
1.570000000000000062e+00 3.509999999999999787e+00 -1.000000000000000000e+00 6.669999999999999929e+00 4.629999999999999893e+00 8.949999999999999289e+00 8.009999999999999787e+00 -1.000000000000000000e+00 3.109999999999999876e+00 5.320000000000000284e+00
1.600000000000000089e+00 3.479999999999999982e+00 -1.000000000000000000e+00 6.690000000000000391e+00 4.669999999999999929e+00 8.679999999999999716e+00 7.990000000000000213e+00 -1.000000000000000000e+00 3.120000000000000107e+00 5.250000000000000000e+00
1.560000000000000053e+00 3.549999999999999822e+00 -1.000000000000000000e+00 6.709999999999999964e+00 4.629999999999999893e+00 8.580000000000000071e+00 7.950000000000000178e+00 -1.000000000000000000e+00 3.029999999999999805e+00 5.290000000000000036e+00
1.510000000000000009e+00 3.549999999999999822e+00 -1.000000000000000000e+00 6.669999999999999929e+00 4.660000000000000142e+00 8.980000000000000426e+00 7.950000000000000178e+00 -1.000000000000000000e+00 3.060000000000000053e+00 5.280000000000000249e+00
1.560000000000000053e+00 3.540000000000000036e+00 -1.000000000000000000e+00 6.700000000000000178e+00 4.650000000000000355e+00 9.000000000000000000e+00 8.029999999999999361e+00 -1.000000000000000000e+00 3.120000000000000107e+00 5.240000000000000213e+00
1.580000000000000071e+00 3.500000000000000000e+00 -1.000000000000000000e+00 6.709999999999999964e+00 4.639999999999999680e+00 9.000000000000000000e+00 8.029999999999999361e+00 -1.000000000000000000e+00 3.109999999999999876e+00 5.280000000000000249e+00
1.570000000000000062e+00 3.529999999999999805e+00 -1.000000000000000000e+00 6.730000000000000426e+00 4.690000000000000391e+00 8.949999999999999289e+00 7.969999999999999751e+00 -1.000000000000000000e+00 3.049999999999999822e+00 5.280000000000000249e+00
1.540000000000000036e+00 3.560000000000000053e+00 -1.000000000000000000e+00 6.700000000000000178e+00 4.639999999999999680e+00 9.000000000000000000e+00 7.990000000000000213e+00 -1.000000000000000000e+00 3.109999999999999876e+00 5.299999999999999822e+00
1.590000000000000080e+00 3.500000000000000000e+00 -1.000000000000000000e+00 6.690000000000000391e+00 4.639999999999999680e+00 9.029999999999999361e+00 8.080000000000000071e+00 -1.000000000000000000e+00 3.109999999999999876e+00 5.259999999999999787e+00
1.570000000000000062e+00 3.509999999999999787e+00 -1.000000000000000000e+00 6.690000000000000391e+00 4.660000000000000142e+00 9.089999999999999858e+00 8.019999999999999574e+00 -1.000000000000000000e+00 3.109999999999999876e+00 5.280000000000000249e+00
1.600000000000000089e+00 3.479999999999999982e+00 -1.000000000000000000e+00 6.669999999999999929e+00 4.750000000000000000e+00 8.929999999999999716e+00 8.009999999999999787e+00 -1.000000000000000000e+00 3.069999999999999840e+00 5.269999999999999574e+00
1.590000000000000080e+00 3.500000000000000000e+00 -1.000000000000000000e+00 6.690000000000000391e+00 4.629999999999999893e+00 9.029999999999999361e+00 8.029999999999999361e+00 -1.000000000000000000e+00 3.129999999999999893e+00 5.250000000000000000e+00
1.590000000000000080e+00 3.450000000000000178e+00 -1.000000000000000000e+00 6.690000000000000391e+00 4.660000000000000142e+00 8.990000000000000213e+00 8.029999999999999361e+00 -1.000000000000000000e+00 3.100000000000000089e+00 5.290000000000000036e+00
1.590000000000000080e+00 3.520000000000000018e+00 -1.000000000000000000e+00 6.679999999999999716e+00 4.639999999999999680e+00 8.939999999999999503e+00 8.009999999999999787e+00 -1.000000000000000000e+00 3.100000000000000089e+00 5.280000000000000249e+00
1.669999999999999929e+00 3.529999999999999805e+00 -1.000000000000000000e+00 6.639999999999999680e+00 4.629999999999999893e+00 9.039999999999999147e+00 8.000000000000000000e+00 -1.000000000000000000e+00 3.089999999999999858e+00 5.299999999999999822e+00
1.580000000000000071e+00 3.560000000000000053e+00 -1.000000000000000000e+00 6.679999999999999716e+00 4.639999999999999680e+00 8.970000000000000639e+00 8.060000000000000497e+00 -1.000000000000000000e+00 3.049999999999999822e+00 5.330000000000000071e+00
