-1.000000000000000000e+00 -1.000000000000000000e+00 -1.000000000000000000e+00 -1.000000000000000000e+00 -1.000000000000000000e+00 -1.000000000000000000e+00 -1.000000000000000000e+00 -1.000000000000000000e+00 -1.000000000000000000e+00 -1.000000000000000000e+00
4.929999999999999716e+00 5.759999999999999787e+00 3.180000000000000160e+00 -1.000000000000000000e+00 2.270000000000000018e+00 3.490000000000000213e+00 1.050000000000000044e+00 -1.000000000000000000e+00 7.440000000000000391e+00 3.870000000000000107e+00
4.900000000000000355e+00 5.750000000000000000e+00 3.189999999999999947e+00 -1.000000000000000000e+00 2.290000000000000036e+00 3.560000000000000053e+00 1.100000000000000089e+00 -1.000000000000000000e+00 7.360000000000000320e+00 3.850000000000000089e+00
4.919999999999999929e+00 5.780000000000000249e+00 3.160000000000000142e+00 -1.000000000000000000e+00 2.250000000000000000e+00 3.500000000000000000e+00 1.090000000000000080e+00 -1.000000000000000000e+00 7.400000000000000355e+00 3.879999999999999893e+00
4.910000000000000142e+00 5.790000000000000036e+00 3.189999999999999947e+00 -1.000000000000000000e+00 2.259999999999999787e+00 3.509999999999999787e+00 1.010000000000000009e+00 -1.000000000000000000e+00 7.370000000000000107e+00 3.870000000000000107e+00
4.929999999999999716e+00 5.740000000000000213e+00 3.180000000000000160e+00 -1.000000000000000000e+00 2.229999999999999982e+00 3.520000000000000018e+00 1.060000000000000053e+00 -1.000000000000000000e+00 7.360000000000000320e+00 3.850000000000000089e+00
4.889999999999999680e+00 5.769999999999999574e+00 3.189999999999999947e+00 -1.000000000000000000e+00 2.270000000000000018e+00 3.540000000000000036e+00 1.030000000000000027e+00 -1.000000000000000000e+00 7.419999999999999929e+00 3.890000000000000124e+00
4.870000000000000107e+00 5.719999999999999751e+00 3.169999999999999929e+00 -1.000000000000000000e+00 2.299999999999999822e+00 3.549999999999999822e+00 1.080000000000000071e+00 -1.000000000000000000e+00 7.339999999999999858e+00 3.859999999999999876e+00
4.849999999999999645e+00 5.769999999999999574e+00 3.229999999999999982e+00 -1.000000000000000000e+00 2.240000000000000213e+00 3.500000000000000000e+00 1.050000000000000044e+00 -1.000000000000000000e+00 7.389999999999999680e+00 3.890000000000000124e+00
4.900000000000000355e+00 5.790000000000000036e+00 3.200000000000000178e+00 -1.000000000000000000e+00 2.250000000000000000e+00 3.509999999999999787e+00 1.050000000000000044e+00 -1.000000000000000000e+00 7.509999999999999787e+00 3.859999999999999876e+00
4.879999999999999893e+00 5.799999999999999822e+00 3.189999999999999947e+00 -1.000000000000000000e+00 2.290000000000000036e+00 3.529999999999999805e+00 1.060000000000000053e+00 -1.000000000000000000e+00 7.370000000000000107e+00 3.890000000000000124e+00
4.889999999999999680e+00 5.740000000000000213e+00 3.220000000000000195e+00 -1.000000000000000000e+00 2.310000000000000053e+00 3.529999999999999805e+00 1.050000000000000044e+00 -1.000000000000000000e+00 7.450000000000000178e+00 3.899999999999999911e+00
4.830000000000000071e+00 5.719999999999999751e+00 3.200000000000000178e+00 -1.000000000000000000e+00 -1.000000000000000000e+00 3.419999999999999929e+00 1.010000000000000009e+00 -1.000000000000000000e+00 7.410000000000000142e+00 3.919999999999999929e+00
4.900000000000000355e+00 5.730000000000000426e+00 3.189999999999999947e+00 -1.000000000000000000e+00 2.299999999999999822e+00 3.560000000000000053e+00 1.050000000000000044e+00 -1.000000000000000000e+00 7.339999999999999858e+00 3.919999999999999929e+00
4.919999999999999929e+00 5.830000000000000071e+00 3.220000000000000195e+00 -1.000000000000000000e+00 2.279999999999999805e+00 3.549999999999999822e+00 1.020000000000000018e+00 -1.000000000000000000e+00 7.360000000000000320e+00 3.870000000000000107e+00
4.889999999999999680e+00 5.740000000000000213e+00 3.229999999999999982e+00 -1.000000000000000000e+00 2.259999999999999787e+00 3.500000000000000000e+00 1.080000000000000071e+00 -1.000000000000000000e+00 7.400000000000000355e+00 3.859999999999999876e+00
4.870000000000000107e+00 5.730000000000000426e+00 3.209999999999999964e+00 -1.000000000000000000e+00 2.290000000000000036e+00 3.450000000000000178e+00 1.050000000000000044e+00 -1.000000000000000000e+00 7.370000000000000107e+00 3.899999999999999911e+00
4.910000000000000142e+00 5.709999999999999964e+00 3.189999999999999947e+00 -1.000000000000000000e+00 2.299999999999999822e+00 3.549999999999999822e+00 1.050000000000000044e+00 -1.000000000000000000e+00 7.330000000000000071e+00 3.850000000000000089e+00
4.900000000000000355e+00 5.790000000000000036e+00 3.209999999999999964e+00 -1.000000000000000000e+00 2.290000000000000036e+00 3.600000000000000089e+00 1.080000000000000071e+00 -1.000000000000000000e+00 7.429999999999999716e+00 3.879999999999999893e+00
4.900000000000000355e+00 5.750000000000000000e+00 3.209999999999999964e+00 -1.000000000000000000e+00 2.290000000000000036e+00 3.540000000000000036e+00 1.110000000000000098e+00 -1.000000000000000000e+00 7.469999999999999751e+00 3.879999999999999893e+00
4.929999999999999716e+00 5.759999999999999787e+00 3.189999999999999947e+00 -1.000000000000000000e+00 2.240000000000000213e+00 3.479999999999999982e+00 1.010000000000000009e+00 -1.000000000000000000e+00 7.349999999999999645e+00 3.890000000000000124e+00
4.889999999999999680e+00 5.719999999999999751e+00 3.189999999999999947e+00 -1.000000000000000000e+00 2.270000000000000018e+00 3.509999999999999787e+00 1.090000000000000080e+00 -1.000000000000000000e+00 7.370000000000000107e+00 3.910000000000000142e+00
4.910000000000000142e+00 5.750000000000000000e+00 3.189999999999999947e+00 -1.000000000000000000e+00 2.330000000000000071e+00 3.520000000000000018e+00 1.050000000000000044e+00 -1.000000000000000000e+00 7.360000000000000320e+00 3.850000000000000089e+00
4.830000000000000071e+00 5.759999999999999787e+00 3.220000000000000195e+00 -1.000000000000000000e+00 2.290000000000000036e+00 3.450000000000000178e+00 1.040000000000000036e+00 -1.000000000000000000e+00 7.400000000000000355e+00 3.859999999999999876e+00
4.879999999999999893e+00 5.769999999999999574e+00 3.189999999999999947e+00 -1.000000000000000000e+00 2.259999999999999787e+00 3.529999999999999805e+00 1.110000000000000098e+00 -1.000000000000000000e+00 7.379999999999999893e+00 3.859999999999999876e+00
4.910000000000000142e+00 5.780000000000000249e+00 3.209999999999999964e+00 -1.000000000000000000e+00 2.270000000000000018e+00 3.430000000000000160e+00 1.050000000000000044e+00 -1.000000000000000000e+00 7.429999999999999716e+00 3.899999999999999911e+00
4.809999999999999609e+00 5.759999999999999787e+00 3.200000000000000178e+00 -1.000000000000000000e+00 2.250000000000000000e+00 3.509999999999999787e+00 1.100000000000000089e+00 -1.000000000000000000e+00 7.400000000000000355e+00 3.850000000000000089e+00
4.860000000000000320e+00 5.799999999999999822e+00 3.220000000000000195e+00 -1.000000000000000000e+00 2.240000000000000213e+00 3.470000000000000195e+00 1.040000000000000036e+00 -1.000000000000000000e+00 7.419999999999999929e+00 3.859999999999999876e+00
4.910000000000000142e+00 5.679999999999999716e+00 3.160000000000000142e+00 -1.000000000000000000e+00 2.270000000000000018e+00 3.439999999999999947e+00 1.060000000000000053e+00 -1.000000000000000000e+00 7.349999999999999645e+00 3.859999999999999876e+00
4.860000000000000320e+00 5.799999999999999822e+00 3.200000000000000178e+00 -1.000000000000000000e+00 2.319999999999999840e+00 3.520000000000000018e+00 1.159999999999999920e+00 -1.000000000000000000e+00 7.379999999999999893e+00 3.890000000000000124e+00
4.929999999999999716e+00 5.769999999999999574e+00 3.209999999999999964e+00 -1.000000000000000000e+00 2.330000000000000071e+00 3.470000000000000195e+00 1.050000000000000044e+00 -1.000000000000000000e+00 7.349999999999999645e+00 3.850000000000000089e+00
4.900000000000000355e+00 5.799999999999999822e+00 3.180000000000000160e+00 -1.000000000000000000e+00 2.279999999999999805e+00 3.580000000000000071e+00 1.070000000000000062e+00 -1.000000000000000000e+00 7.440000000000000391e+00 3.919999999999999929e+00
4.830000000000000071e+00 5.719999999999999751e+00 3.220000000000000195e+00 -1.000000000000000000e+00 2.250000000000000000e+00 3.450000000000000178e+00 1.120000000000000107e+00 -1.000000000000000000e+00 7.320000000000000284e+00 3.910000000000000142e+00
4.860000000000000320e+00 5.769999999999999574e+00 3.189999999999999947e+00 -1.000000000000000000e+00 2.240000000000000213e+00 3.500000000000000000e+00 1.060000000000000053e+00 -1.000000000000000000e+00 7.379999999999999893e+00 3.930000000000000160e+00
4.959999999999999964e+00 5.740000000000000213e+00 3.189999999999999947e+00 -1.000000000000000000e+00 2.279999999999999805e+00 3.450000000000000178e+00 1.120000000000000107e+00 -1.000000000000000000e+00 7.410000000000000142e+00 3.890000000000000124e+00
4.940000000000000391e+00 5.740000000000000213e+00 3.189999999999999947e+00 -1.000000000000000000e+00 2.290000000000000036e+00 3.529999999999999805e+00 1.050000000000000044e+00 -1.000000000000000000e+00 7.370000000000000107e+00 3.839999999999999858e+00
4.849999999999999645e+00 5.799999999999999822e+00 3.169999999999999929e+00 -1.000000000000000000e+00 2.290000000000000036e+00 3.600000000000000089e+00 1.100000000000000089e+00 -1.000000000000000000e+00 7.480000000000000426e+00 3.859999999999999876e+00
4.839999999999999858e+00 5.809999999999999609e+00 3.229999999999999982e+00 -1.000000000000000000e+00 2.270000000000000018e+00 3.589999999999999858e+00 1.090000000000000080e+00 -1.000000000000000000e+00 7.379999999999999893e+00 3.850000000000000089e+00
4.910000000000000142e+00 5.719999999999999751e+00 3.189999999999999947e+00 -1.000000000000000000e+00 2.240000000000000213e+00 3.540000000000000036e+00 1.070000000000000062e+00 -1.000000000000000000e+00 7.450000000000000178e+00 3.850000000000000089e+00
4.910000000000000142e+00 5.740000000000000213e+00 3.180000000000000160e+00 -1.000000000000000000e+00 2.299999999999999822e+00 3.529999999999999805e+00 1.060000000000000053e+00 -1.000000000000000000e+00 7.339999999999999858e+00 3.859999999999999876e+00
4.940000000000000391e+00 5.730000000000000426e+00 3.180000000000000160e+00 -1.000000000000000000e+00 2.270000000000000018e+00 3.490000000000000213e+00 1.070000000000000062e+00 -1.000000000000000000e+00 7.370000000000000107e+00 3.859999999999999876e+00
4.910000000000000142e+00 5.759999999999999787e+00 3.200000000000000178e+00 -1.000000000000000000e+00 2.270000000000000018e+00 3.479999999999999982e+00 1.090000000000000080e+00 -1.000000000000000000e+00 7.400000000000000355e+00 3.890000000000000124e+00
4.870000000000000107e+00 5.740000000000000213e+00 3.209999999999999964e+00 -1.000000000000000000e+00 2.250000000000000000e+00 3.520000000000000018e+00 1.100000000000000089e+00 -1.000000000000000000e+00 7.429999999999999716e+00 3.859999999999999876e+00
4.910000000000000142e+00 5.780000000000000249e+00 3.209999999999999964e+00 -1.000000000000000000e+00 2.200000000000000178e+00 3.520000000000000018e+00 1.120000000000000107e+00 -1.000000000000000000e+00 -1.000000000000000000e+00 3.870000000000000107e+00
4.950000000000000178e+00 5.839999999999999858e+00 3.160000000000000142e+00 -1.000000000000000000e+00 2.240000000000000213e+00 3.490000000000000213e+00 1.090000000000000080e+00 -1.000000000000000000e+00 7.379999999999999893e+00 3.859999999999999876e+00
4.889999999999999680e+00 5.820000000000000284e+00 3.169999999999999929e+00 -1.000000000000000000e+00 2.279999999999999805e+00 3.529999999999999805e+00 1.080000000000000071e+00 -1.000000000000000000e+00 7.370000000000000107e+00 3.859999999999999876e+00
4.879999999999999893e+00 5.780000000000000249e+00 3.220000000000000195e+00 -1.000000000000000000e+00 2.240000000000000213e+00 3.459999999999999964e+00 1.100000000000000089e+00 -1.000000000000000000e+00 7.330000000000000071e+00 3.839999999999999858e+00
4.929999999999999716e+00 5.820000000000000284e+00 3.189999999999999947e+00 -1.000000000000000000e+00 2.270000000000000018e+00 3.459999999999999964e+00 1.040000000000000036e+00 -1.000000000000000000e+00 7.389999999999999680e+00 3.879999999999999893e+00
4.929999999999999716e+00 5.769999999999999574e+00 3.200000000000000178e+00 -1.000000000000000000e+00 2.270000000000000018e+00 3.430000000000000160e+00 1.110000000000000098e+00 -1.000000000000000000e+00 7.389999999999999680e+00 3.850000000000000089e+00
4.910000000000000142e+00 5.780000000000000249e+00 3.200000000000000178e+00 -1.000000000000000000e+00 2.250000000000000000e+00 3.520000000000000018e+00 1.120000000000000107e+00 -1.000000000000000000e+00 7.410000000000000142e+00 3.859999999999999876e+00
4.820000000000000284e+00 5.730000000000000426e+00 3.220000000000000195e+00 -1.000000000000000000e+00 2.279999999999999805e+00 3.589999999999999858e+00 1.100000000000000089e+00 -1.000000000000000000e+00 7.370000000000000107e+00 3.859999999999999876e+00
4.889999999999999680e+00 5.790000000000000036e+00 3.240000000000000213e+00 -1.000000000000000000e+00 2.200000000000000178e+00 3.479999999999999982e+00 1.070000000000000062e+00 -1.000000000000000000e+00 7.389999999999999680e+00 3.890000000000000124e+00
4.870000000000000107e+00 5.780000000000000249e+00 3.189999999999999947e+00 -1.000000000000000000e+00 2.270000000000000018e+00 3.479999999999999982e+00 1.100000000000000089e+00 -1.000000000000000000e+00 7.410000000000000142e+00 3.879999999999999893e+00
4.919999999999999929e+00 5.730000000000000426e+00 3.140000000000000124e+00 -1.000000000000000000e+00 2.209999999999999964e+00 3.540000000000000036e+00 1.050000000000000044e+00 -1.000000000000000000e+00 7.410000000000000142e+00 3.859999999999999876e+00
4.860000000000000320e+00 5.849999999999999645e+00 3.189999999999999947e+00 -1.000000000000000000e+00 2.250000000000000000e+00 3.419999999999999929e+00 1.080000000000000071e+00 -1.000000000000000000e+00 7.450000000000000178e+00 3.879999999999999893e+00
4.910000000000000142e+00 5.759999999999999787e+00 3.189999999999999947e+00 -1.000000000000000000e+00 2.259999999999999787e+00 3.509999999999999787e+00 1.070000000000000062e+00 -1.000000000000000000e+00 7.370000000000000107e+00 3.890000000000000124e+00
4.910000000000000142e+00 5.750000000000000000e+00 3.169999999999999929e+00 -1.000000000000000000e+00 2.259999999999999787e+00 3.490000000000000213e+00 1.050000000000000044e+00 -1.000000000000000000e+00 7.360000000000000320e+00 3.870000000000000107e+00
4.839999999999999858e+00 5.769999999999999574e+00 3.229999999999999982e+00 -1.000000000000000000e+00 2.279999999999999805e+00 3.430000000000000160e+00 1.080000000000000071e+00 -1.000000000000000000e+00 7.400000000000000355e+00 3.890000000000000124e+00
4.910000000000000142e+00 5.759999999999999787e+00 3.160000000000000142e+00 -1.000000000000000000e+00 2.290000000000000036e+00 3.560000000000000053e+00 1.120000000000000107e+00 -1.000000000000000000e+00 7.379999999999999893e+00 3.839999999999999858e+00
4.940000000000000391e+00 5.780000000000000249e+00 3.220000000000000195e+00 -1.000000000000000000e+00 2.259999999999999787e+00 3.450000000000000178e+00 1.080000000000000071e+00 -1.000000000000000000e+00 7.450000000000000178e+00 3.890000000000000124e+00
4.910000000000000142e+00 5.790000000000000036e+00 3.220000000000000195e+00 -1.000000000000000000e+00 2.270000000000000018e+00 3.500000000000000000e+00 1.120000000000000107e+00 -1.000000000000000000e+00 7.290000000000000036e+00 3.850000000000000089e+00
4.950000000000000178e+00 5.730000000000000426e+00 3.200000000000000178e+00 -1.000000000000000000e+00 2.259999999999999787e+00 3.490000000000000213e+00 1.070000000000000062e+00 -1.000000000000000000e+00 7.309999999999999609e+00 3.870000000000000107e+00
4.889999999999999680e+00 5.740000000000000213e+00 3.169999999999999929e+00 -1.000000000000000000e+00 2.279999999999999805e+00 3.459999999999999964e+00 1.060000000000000053e+00 -1.000000000000000000e+00 7.290000000000000036e+00 3.890000000000000124e+00
4.950000000000000178e+00 5.809999999999999609e+00 3.220000000000000195e+00 -1.000000000000000000e+00 2.250000000000000000e+00 3.479999999999999982e+00 1.070000000000000062e+00 -1.000000000000000000e+00 7.339999999999999858e+00 3.899999999999999911e+00
4.910000000000000142e+00 5.750000000000000000e+00 3.209999999999999964e+00 -1.000000000000000000e+00 2.279999999999999805e+00 3.479999999999999982e+00 1.110000000000000098e+00 -1.000000000000000000e+00 7.389999999999999680e+00 3.839999999999999858e+00
4.959999999999999964e+00 5.769999999999999574e+00 3.220000000000000195e+00 -1.000000000000000000e+00 2.299999999999999822e+00 3.490000000000000213e+00 1.100000000000000089e+00 -1.000000000000000000e+00 7.410000000000000142e+00 3.870000000000000107e+00
4.870000000000000107e+00 5.790000000000000036e+00 3.220000000000000195e+00 -1.000000000000000000e+00 2.229999999999999982e+00 3.459999999999999964e+00 1.060000000000000053e+00 -1.000000000000000000e+00 7.410000000000000142e+00 3.870000000000000107e+00
4.940000000000000391e+00 5.740000000000000213e+00 3.160000000000000142e+00 -1.000000000000000000e+00 2.299999999999999822e+00 3.490000000000000213e+00 1.080000000000000071e+00 -1.000000000000000000e+00 7.309999999999999609e+00 3.899999999999999911e+00
4.900000000000000355e+00 5.780000000000000249e+00 3.189999999999999947e+00 -1.000000000000000000e+00 2.290000000000000036e+00 3.500000000000000000e+00 1.090000000000000080e+00 -1.000000000000000000e+00 7.440000000000000391e+00 3.859999999999999876e+00
4.959999999999999964e+00 5.759999999999999787e+00 3.200000000000000178e+00 -1.000000000000000000e+00 2.270000000000000018e+00 3.490000000000000213e+00 1.090000000000000080e+00 -1.000000000000000000e+00 7.379999999999999893e+00 3.850000000000000089e+00
4.940000000000000391e+00 5.799999999999999822e+00 3.200000000000000178e+00 -1.000000000000000000e+00 2.259999999999999787e+00 3.500000000000000000e+00 1.070000000000000062e+00 -1.000000000000000000e+00 7.360000000000000320e+00 3.919999999999999929e+00
4.900000000000000355e+00 5.790000000000000036e+00 3.140000000000000124e+00 -1.000000000000000000e+00 2.270000000000000018e+00 3.580000000000000071e+00 1.080000000000000071e+00 -1.000000000000000000e+00 7.360000000000000320e+00 3.850000000000000089e+00
4.889999999999999680e+00 5.730000000000000426e+00 3.220000000000000195e+00 -1.000000000000000000e+00 2.279999999999999805e+00 3.500000000000000000e+00 1.080000000000000071e+00 -1.000000000000000000e+00 7.370000000000000107e+00 3.870000000000000107e+00
4.910000000000000142e+00 5.750000000000000000e+00 3.209999999999999964e+00 -1.000000000000000000e+00 2.250000000000000000e+00 3.520000000000000018e+00 1.050000000000000044e+00 -1.000000000000000000e+00 7.349999999999999645e+00 3.859999999999999876e+00
4.910000000000000142e+00 5.750000000000000000e+00 3.180000000000000160e+00 -1.000000000000000000e+00 2.299999999999999822e+00 3.399999999999999911e+00 1.090000000000000080e+00 -1.000000000000000000e+00 7.360000000000000320e+00 3.870000000000000107e+00
4.929999999999999716e+00 5.759999999999999787e+00 3.180000000000000160e+00 -1.000000000000000000e+00 2.229999999999999982e+00 3.540000000000000036e+00 1.090000000000000080e+00 -1.000000000000000000e+00 7.269999999999999574e+00 3.850000000000000089e+00
4.910000000000000142e+00 5.820000000000000284e+00 3.180000000000000160e+00 -1.000000000000000000e+00 2.250000000000000000e+00 3.490000000000000213e+00 1.080000000000000071e+00 -1.000000000000000000e+00 7.419999999999999929e+00 3.870000000000000107e+00
4.889999999999999680e+00 5.799999999999999822e+00 3.209999999999999964e+00 -1.000000000000000000e+00 2.250000000000000000e+00 3.390000000000000124e+00 1.110000000000000098e+00 -1.000000000000000000e+00 7.469999999999999751e+00 3.859999999999999876e+00
4.839999999999999858e+00 5.820000000000000284e+00 3.189999999999999947e+00 -1.000000000000000000e+00 2.229999999999999982e+00 3.509999999999999787e+00 1.120000000000000107e+00 -1.000000000000000000e+00 7.450000000000000178e+00 3.890000000000000124e+00
4.809999999999999609e+00 5.780000000000000249e+00 3.209999999999999964e+00 -1.000000000000000000e+00 2.240000000000000213e+00 3.490000000000000213e+00 1.080000000000000071e+00 -1.000000000000000000e+00 7.410000000000000142e+00 3.859999999999999876e+00
4.870000000000000107e+00 5.769999999999999574e+00 3.209999999999999964e+00 -1.000000000000000000e+00 2.270000000000000018e+00 3.500000000000000000e+00 1.090000000000000080e+00 -1.000000000000000000e+00 7.459999999999999964e+00 3.890000000000000124e+00
4.870000000000000107e+00 5.780000000000000249e+00 3.180000000000000160e+00 -1.000000000000000000e+00 2.270000000000000018e+00 3.410000000000000142e+00 1.090000000000000080e+00 -1.000000000000000000e+00 7.360000000000000320e+00 3.850000000000000089e+00
4.929999999999999716e+00 5.769999999999999574e+00 3.220000000000000195e+00 -1.000000000000000000e+00 2.279999999999999805e+00 3.470000000000000195e+00 1.080000000000000071e+00 -1.000000000000000000e+00 7.429999999999999716e+00 3.910000000000000142e+00
4.879999999999999893e+00 5.769999999999999574e+00 3.209999999999999964e+00 -1.000000000000000000e+00 2.279999999999999805e+00 3.520000000000000018e+00 1.129999999999999893e+00 -1.000000000000000000e+00 7.360000000000000320e+00 3.910000000000000142e+00
4.839999999999999858e+00 5.759999999999999787e+00 3.220000000000000195e+00 -1.000000000000000000e+00 2.279999999999999805e+00 3.560000000000000053e+00 1.120000000000000107e+00 -1.000000000000000000e+00 7.389999999999999680e+00 3.879999999999999893e+00
4.870000000000000107e+00 5.799999999999999822e+00 3.209999999999999964e+00 -1.000000000000000000e+00 2.270000000000000018e+00 3.479999999999999982e+00 1.080000000000000071e+00 -1.000000000000000000e+00 7.370000000000000107e+00 3.910000000000000142e+00
4.929999999999999716e+00 5.759999999999999787e+00 3.200000000000000178e+00 -1.000000000000000000e+00 2.310000000000000053e+00 3.520000000000000018e+00 1.040000000000000036e+00 -1.000000000000000000e+00 7.360000000000000320e+00 3.870000000000000107e+00
4.849999999999999645e+00 5.750000000000000000e+00 3.200000000000000178e+00 -1.000000000000000000e+00 2.330000000000000071e+00 3.509999999999999787e+00 1.090000000000000080e+00 -1.000000000000000000e+00 7.309999999999999609e+00 3.870000000000000107e+00
4.889999999999999680e+00 5.759999999999999787e+00 3.250000000000000000e+00 -1.000000000000000000e+00 2.299999999999999822e+00 3.569999999999999840e+00 1.060000000000000053e+00 -1.000000000000000000e+00 7.389999999999999680e+00 3.890000000000000124e+00
4.889999999999999680e+00 5.740000000000000213e+00 3.129999999999999893e+00 -1.000000000000000000e+00 2.299999999999999822e+00 3.419999999999999929e+00 1.020000000000000018e+00 -1.000000000000000000e+00 7.379999999999999893e+00 3.859999999999999876e+00
4.900000000000000355e+00 5.790000000000000036e+00 3.189999999999999947e+00 -1.000000000000000000e+00 2.259999999999999787e+00 3.419999999999999929e+00 1.060000000000000053e+00 -1.000000000000000000e+00 7.349999999999999645e+00 3.859999999999999876e+00
4.940000000000000391e+00 5.730000000000000426e+00 3.209999999999999964e+00 -1.000000000000000000e+00 2.299999999999999822e+00 3.450000000000000178e+00 1.000000000000000000e+00 -1.000000000000000000e+00 7.379999999999999893e+00 3.910000000000000142e+00
4.910000000000000142e+00 5.780000000000000249e+00 3.200000000000000178e+00 -1.000000000000000000e+00 2.229999999999999982e+00 3.490000000000000213e+00 1.030000000000000027e+00 -1.000000000000000000e+00 7.349999999999999645e+00 3.879999999999999893e+00
4.889999999999999680e+00 5.780000000000000249e+00 3.220000000000000195e+00 -1.000000000000000000e+00 2.290000000000000036e+00 3.490000000000000213e+00 1.050000000000000044e+00 -1.000000000000000000e+00 7.360000000000000320e+00 3.890000000000000124e+00
4.820000000000000284e+00 5.740000000000000213e+00 3.169999999999999929e+00 -1.000000000000000000e+00 2.290000000000000036e+00 3.520000000000000018e+00 1.070000000000000062e+00 -1.000000000000000000e+00 7.379999999999999893e+00 3.850000000000000089e+00
4.870000000000000107e+00 5.750000000000000000e+00 3.229999999999999982e+00 -1.000000000000000000e+00 2.259999999999999787e+00 3.479999999999999982e+00 1.070000000000000062e+00 -1.000000000000000000e+00 7.419999999999999929e+00 3.850000000000000089e+00
4.910000000000000142e+00 5.730000000000000426e+00 3.189999999999999947e+00 -1.000000000000000000e+00 2.259999999999999787e+00 3.470000000000000195e+00 1.070000000000000062e+00 -1.000000000000000000e+00 7.370000000000000107e+00 3.850000000000000089e+00
4.950000000000000178e+00 5.790000000000000036e+00 3.220000000000000195e+00 -1.000000000000000000e+00 2.279999999999999805e+00 3.470000000000000195e+00 1.080000000000000071e+00 -1.000000000000000000e+00 7.349999999999999645e+00 3.870000000000000107e+00
4.919999999999999929e+00 5.669999999999999929e+00 3.189999999999999947e+00 -1.000000000000000000e+00 2.299999999999999822e+00 3.490000000000000213e+00 1.100000000000000089e+00 -1.000000000000000000e+00 7.360000000000000320e+00 3.870000000000000107e+00
4.839999999999999858e+00 5.769999999999999574e+00 3.200000000000000178e+00 -1.000000000000000000e+00 2.259999999999999787e+00 3.439999999999999947e+00 1.100000000000000089e+00 -1.000000000000000000e+00 7.429999999999999716e+00 3.879999999999999893e+00
