-1.000000000000000000e+00 -1.000000000000000000e+00 -1.000000000000000000e+00 -1.000000000000000000e+00 -1.000000000000000000e+00 -1.000000000000000000e+00 -1.000000000000000000e+00 -1.000000000000000000e+00 -1.000000000000000000e+00 -1.000000000000000000e+00
-1.000000000000000000e+00 3.140000000000000124e+00 5.830000000000000071e+00 4.870000000000000107e+00 2.500000000000000000e+00 6.870000000000000107e+00 6.009999999999999787e+00 -1.000000000000000000e+00 3.350000000000000089e+00 4.190000000000000391e+00
-1.000000000000000000e+00 3.129999999999999893e+00 5.830000000000000071e+00 4.870000000000000107e+00 2.490000000000000213e+00 6.940000000000000391e+00 6.070000000000000284e+00 -1.000000000000000000e+00 3.339999999999999858e+00 4.200000000000000178e+00
-1.000000000000000000e+00 3.080000000000000071e+00 5.870000000000000107e+00 4.870000000000000107e+00 2.500000000000000000e+00 6.889999999999999680e+00 6.040000000000000036e+00 -1.000000000000000000e+00 3.379999999999999893e+00 4.200000000000000178e+00
-1.000000000000000000e+00 3.100000000000000089e+00 5.900000000000000355e+00 4.929999999999999716e+00 2.500000000000000000e+00 6.940000000000000391e+00 6.080000000000000071e+00 -1.000000000000000000e+00 3.359999999999999876e+00 4.150000000000000355e+00
-1.000000000000000000e+00 3.109999999999999876e+00 5.839999999999999858e+00 4.919999999999999929e+00 2.520000000000000018e+00 6.860000000000000320e+00 6.070000000000000284e+00 -1.000000000000000000e+00 3.390000000000000124e+00 4.190000000000000391e+00
-1.000000000000000000e+00 3.100000000000000089e+00 5.860000000000000320e+00 4.900000000000000355e+00 2.509999999999999787e+00 6.959999999999999964e+00 6.070000000000000284e+00 -1.000000000000000000e+00 3.310000000000000053e+00 4.190000000000000391e+00
-1.000000000000000000e+00 3.109999999999999876e+00 5.820000000000000284e+00 4.910000000000000142e+00 2.479999999999999982e+00 6.809999999999999609e+00 6.059999999999999609e+00 -1.000000000000000000e+00 3.359999999999999876e+00 4.150000000000000355e+00
-1.000000000000000000e+00 3.089999999999999858e+00 5.870000000000000107e+00 4.830000000000000071e+00 2.500000000000000000e+00 6.889999999999999680e+00 5.990000000000000213e+00 -1.000000000000000000e+00 3.399999999999999911e+00 4.129999999999999893e+00
-1.000000000000000000e+00 3.109999999999999876e+00 5.849999999999999645e+00 4.870000000000000107e+00 2.520000000000000018e+00 6.830000000000000071e+00 6.019999999999999574e+00 -1.000000000000000000e+00 3.410000000000000142e+00 4.179999999999999716e+00
-1.000000000000000000e+00 3.189999999999999947e+00 5.860000000000000320e+00 4.860000000000000320e+00 2.500000000000000000e+00 6.870000000000000107e+00 6.059999999999999609e+00 -1.000000000000000000e+00 3.399999999999999911e+00 4.150000000000000355e+00
-1.000000000000000000e+00 3.160000000000000142e+00 5.870000000000000107e+00 4.879999999999999893e+00 2.500000000000000000e+00 6.860000000000000320e+00 6.040000000000000036e+00 -1.000000000000000000e+00 3.370000000000000107e+00 4.169999999999999929e+00
-1.000000000000000000e+00 3.100000000000000089e+00 5.820000000000000284e+00 4.860000000000000320e+00 2.529999999999999805e+00 6.889999999999999680e+00 6.030000000000000249e+00 -1.000000000000000000e+00 3.330000000000000071e+00 4.150000000000000355e+00
-1.000000000000000000e+00 3.080000000000000071e+00 5.849999999999999645e+00 4.889999999999999680e+00 2.500000000000000000e+00 6.929999999999999716e+00 6.059999999999999609e+00 -1.000000000000000000e+00 3.459999999999999964e+00 4.179999999999999716e+00
-1.000000000000000000e+00 3.080000000000000071e+00 5.809999999999999609e+00 4.889999999999999680e+00 2.500000000000000000e+00 6.879999999999999893e+00 6.019999999999999574e+00 -1.000000000000000000e+00 3.359999999999999876e+00 4.169999999999999929e+00
-1.000000000000000000e+00 3.100000000000000089e+00 5.839999999999999858e+00 4.839999999999999858e+00 2.509999999999999787e+00 6.820000000000000284e+00 6.030000000000000249e+00 -1.000000000000000000e+00 3.319999999999999840e+00 4.169999999999999929e+00
-1.000000000000000000e+00 3.100000000000000089e+00 5.849999999999999645e+00 4.929999999999999716e+00 2.509999999999999787e+00 6.860000000000000320e+00 6.019999999999999574e+00 -1.000000000000000000e+00 3.359999999999999876e+00 4.150000000000000355e+00
-1.000000000000000000e+00 3.089999999999999858e+00 5.849999999999999645e+00 4.879999999999999893e+00 2.490000000000000213e+00 6.799999999999999822e+00 6.070000000000000284e+00 -1.000000000000000000e+00 3.399999999999999911e+00 4.150000000000000355e+00
-1.000000000000000000e+00 3.180000000000000160e+00 5.870000000000000107e+00 4.849999999999999645e+00 2.500000000000000000e+00 6.790000000000000036e+00 6.030000000000000249e+00 -1.000000000000000000e+00 3.370000000000000107e+00 4.129999999999999893e+00
-1.000000000000000000e+00 3.109999999999999876e+00 5.870000000000000107e+00 4.839999999999999858e+00 2.500000000000000000e+00 6.889999999999999680e+00 6.059999999999999609e+00 -1.000000000000000000e+00 3.339999999999999858e+00 4.190000000000000391e+00
-1.000000000000000000e+00 3.080000000000000071e+00 5.849999999999999645e+00 4.879999999999999893e+00 2.520000000000000018e+00 6.910000000000000142e+00 6.070000000000000284e+00 -1.000000000000000000e+00 3.419999999999999929e+00 4.169999999999999929e+00
-1.000000000000000000e+00 3.129999999999999893e+00 5.889999999999999680e+00 4.870000000000000107e+00 2.500000000000000000e+00 6.839999999999999858e+00 6.080000000000000071e+00 -1.000000000000000000e+00 3.379999999999999893e+00 4.169999999999999929e+00
-1.000000000000000000e+00 3.120000000000000107e+00 5.830000000000000071e+00 4.910000000000000142e+00 2.490000000000000213e+00 6.830000000000000071e+00 5.990000000000000213e+00 -1.000000000000000000e+00 3.399999999999999911e+00 4.129999999999999893e+00
-1.000000000000000000e+00 3.100000000000000089e+00 5.809999999999999609e+00 4.919999999999999929e+00 2.520000000000000018e+00 6.849999999999999645e+00 6.030000000000000249e+00 -1.000000000000000000e+00 3.410000000000000142e+00 4.139999999999999680e+00
-1.000000000000000000e+00 3.149999999999999911e+00 5.820000000000000284e+00 4.870000000000000107e+00 2.490000000000000213e+00 6.910000000000000142e+00 6.049999999999999822e+00 -1.000000000000000000e+00 3.370000000000000107e+00 4.200000000000000178e+00
-1.000000000000000000e+00 3.100000000000000089e+00 5.809999999999999609e+00 4.900000000000000355e+00 2.509999999999999787e+00 6.889999999999999680e+00 6.040000000000000036e+00 -1.000000000000000000e+00 3.370000000000000107e+00 4.150000000000000355e+00
-1.000000000000000000e+00 3.080000000000000071e+00 5.820000000000000284e+00 4.830000000000000071e+00 2.479999999999999982e+00 6.900000000000000355e+00 6.070000000000000284e+00 -1.000000000000000000e+00 3.410000000000000142e+00 4.179999999999999716e+00
-1.000000000000000000e+00 3.149999999999999911e+00 5.860000000000000320e+00 4.929999999999999716e+00 2.500000000000000000e+00 6.900000000000000355e+00 6.059999999999999609e+00 -1.000000000000000000e+00 3.520000000000000018e+00 4.139999999999999680e+00
-1.000000000000000000e+00 3.109999999999999876e+00 5.919999999999999929e+00 4.879999999999999893e+00 2.490000000000000213e+00 6.839999999999999858e+00 6.049999999999999822e+00 -1.000000000000000000e+00 3.540000000000000036e+00 4.150000000000000355e+00
-1.000000000000000000e+00 3.080000000000000071e+00 5.870000000000000107e+00 4.870000000000000107e+00 2.509999999999999787e+00 6.860000000000000320e+00 6.059999999999999609e+00 -1.000000000000000000e+00 3.370000000000000107e+00 4.179999999999999716e+00
-1.000000000000000000e+00 3.149999999999999911e+00 5.910000000000000142e+00 4.870000000000000107e+00 2.509999999999999787e+00 6.820000000000000284e+00 6.070000000000000284e+00 -1.000000000000000000e+00 3.770000000000000018e+00 4.200000000000000178e+00
-1.000000000000000000e+00 3.140000000000000124e+00 5.809999999999999609e+00 4.950000000000000178e+00 2.520000000000000018e+00 6.809999999999999609e+00 6.030000000000000249e+00 -1.000000000000000000e+00 3.410000000000000142e+00 4.169999999999999929e+00
-1.000000000000000000e+00 3.089999999999999858e+00 5.839999999999999858e+00 4.919999999999999929e+00 2.509999999999999787e+00 6.839999999999999858e+00 6.059999999999999609e+00 -1.000000000000000000e+00 3.339999999999999858e+00 4.169999999999999929e+00
-1.000000000000000000e+00 3.109999999999999876e+00 5.759999999999999787e+00 4.879999999999999893e+00 2.520000000000000018e+00 6.809999999999999609e+00 6.099999999999999645e+00 -1.000000000000000000e+00 3.379999999999999893e+00 4.139999999999999680e+00
-1.000000000000000000e+00 3.089999999999999858e+00 5.870000000000000107e+00 4.820000000000000284e+00 2.520000000000000018e+00 6.809999999999999609e+00 5.980000000000000426e+00 -1.000000000000000000e+00 3.399999999999999911e+00 4.150000000000000355e+00
-1.000000000000000000e+00 3.109999999999999876e+00 5.860000000000000320e+00 4.900000000000000355e+00 2.479999999999999982e+00 6.959999999999999964e+00 6.129999999999999893e+00 -1.000000000000000000e+00 3.330000000000000071e+00 4.179999999999999716e+00
-1.000000000000000000e+00 3.109999999999999876e+00 5.809999999999999609e+00 4.879999999999999893e+00 2.470000000000000195e+00 6.809999999999999609e+00 6.059999999999999609e+00 -1.000000000000000000e+00 3.359999999999999876e+00 4.219999999999999751e+00
-1.000000000000000000e+00 3.089999999999999858e+00 5.849999999999999645e+00 4.889999999999999680e+00 2.500000000000000000e+00 6.870000000000000107e+00 6.049999999999999822e+00 -1.000000000000000000e+00 3.350000000000000089e+00 4.160000000000000142e+00
-1.000000000000000000e+00 3.169999999999999929e+00 5.879999999999999893e+00 4.889999999999999680e+00 2.479999999999999982e+00 6.839999999999999858e+00 6.070000000000000284e+00 -1.000000000000000000e+00 3.339999999999999858e+00 4.190000000000000391e+00
-1.000000000000000000e+00 3.149999999999999911e+00 5.839999999999999858e+00 4.910000000000000142e+00 2.459999999999999964e+00 6.849999999999999645e+00 6.070000000000000284e+00 -1.000000000000000000e+00 3.410000000000000142e+00 4.150000000000000355e+00
-1.000000000000000000e+00 3.080000000000000071e+00 5.870000000000000107e+00 4.879999999999999893e+00 2.520000000000000018e+00 6.849999999999999645e+00 6.030000000000000249e+00 -1.000000000000000000e+00 3.339999999999999858e+00 4.169999999999999929e+00
-1.000000000000000000e+00 3.129999999999999893e+00 5.940000000000000391e+00 4.809999999999999609e+00 2.479999999999999982e+00 6.860000000000000320e+00 6.059999999999999609e+00 -1.000000000000000000e+00 3.350000000000000089e+00 4.160000000000000142e+00
-1.000000000000000000e+00 3.069999999999999840e+00 5.879999999999999893e+00 4.910000000000000142e+00 2.479999999999999982e+00 6.809999999999999609e+00 6.030000000000000249e+00 -1.000000000000000000e+00 3.339999999999999858e+00 4.150000000000000355e+00
-1.000000000000000000e+00 3.100000000000000089e+00 5.860000000000000320e+00 4.830000000000000071e+00 2.470000000000000195e+00 6.849999999999999645e+00 6.009999999999999787e+00 -1.000000000000000000e+00 3.390000000000000124e+00 4.150000000000000355e+00
-1.000000000000000000e+00 3.140000000000000124e+00 5.799999999999999822e+00 4.919999999999999929e+00 2.490000000000000213e+00 6.900000000000000355e+00 6.019999999999999574e+00 -1.000000000000000000e+00 3.379999999999999893e+00 4.179999999999999716e+00
-1.000000000000000000e+00 3.129999999999999893e+00 5.839999999999999858e+00 4.849999999999999645e+00 2.500000000000000000e+00 6.860000000000000320e+00 6.080000000000000071e+00 -1.000000000000000000e+00 3.339999999999999858e+00 4.190000000000000391e+00
-1.000000000000000000e+00 3.089999999999999858e+00 5.820000000000000284e+00 4.849999999999999645e+00 2.520000000000000018e+00 6.929999999999999716e+00 6.049999999999999822e+00 -1.000000000000000000e+00 3.379999999999999893e+00 4.150000000000000355e+00
-1.000000000000000000e+00 3.109999999999999876e+00 5.870000000000000107e+00 4.860000000000000320e+00 2.500000000000000000e+00 6.919999999999999929e+00 6.040000000000000036e+00 -1.000000000000000000e+00 3.479999999999999982e+00 4.169999999999999929e+00
-1.000000000000000000e+00 3.040000000000000036e+00 5.879999999999999893e+00 4.809999999999999609e+00 2.479999999999999982e+00 6.839999999999999858e+00 6.040000000000000036e+00 -1.000000000000000000e+00 3.390000000000000124e+00 4.190000000000000391e+00
-1.000000000000000000e+00 3.120000000000000107e+00 5.839999999999999858e+00 4.929999999999999716e+00 -1.000000000000000000e+00 6.940000000000000391e+00 6.040000000000000036e+00 -1.000000000000000000e+00 3.410000000000000142e+00 4.169999999999999929e+00
-1.000000000000000000e+00 3.109999999999999876e+00 5.860000000000000320e+00 4.830000000000000071e+00 2.479999999999999982e+00 6.910000000000000142e+00 6.080000000000000071e+00 -1.000000000000000000e+00 3.339999999999999858e+00 4.160000000000000142e+00
-1.000000000000000000e+00 3.140000000000000124e+00 5.900000000000000355e+00 4.929999999999999716e+00 2.509999999999999787e+00 6.900000000000000355e+00 6.019999999999999574e+00 -1.000000000000000000e+00 3.310000000000000053e+00 4.179999999999999716e+00
-1.000000000000000000e+00 3.129999999999999893e+00 5.919999999999999929e+00 4.919999999999999929e+00 2.479999999999999982e+00 6.769999999999999574e+00 6.070000000000000284e+00 -1.000000000000000000e+00 3.339999999999999858e+00 4.160000000000000142e+00
-1.000000000000000000e+00 3.140000000000000124e+00 -1.000000000000000000e+00 4.910000000000000142e+00 2.470000000000000195e+00 6.839999999999999858e+00 5.959999999999999964e+00 -1.000000000000000000e+00 3.339999999999999858e+00 4.160000000000000142e+00
-1.000000000000000000e+00 3.000000000000000000e+00 5.929999999999999716e+00 4.910000000000000142e+00 2.509999999999999787e+00 6.919999999999999929e+00 6.089999999999999858e+00 -1.000000000000000000e+00 3.350000000000000089e+00 4.169999999999999929e+00
-1.000000000000000000e+00 3.149999999999999911e+00 5.839999999999999858e+00 4.900000000000000355e+00 2.479999999999999982e+00 6.830000000000000071e+00 6.030000000000000249e+00 -1.000000000000000000e+00 3.379999999999999893e+00 4.139999999999999680e+00
-1.000000000000000000e+00 3.129999999999999893e+00 5.860000000000000320e+00 4.860000000000000320e+00 2.479999999999999982e+00 6.900000000000000355e+00 6.070000000000000284e+00 -1.000000000000000000e+00 3.419999999999999929e+00 4.160000000000000142e+00
-1.000000000000000000e+00 3.089999999999999858e+00 5.889999999999999680e+00 4.860000000000000320e+00 2.520000000000000018e+00 6.860000000000000320e+00 6.009999999999999787e+00 -1.000000000000000000e+00 3.359999999999999876e+00 4.129999999999999893e+00
-1.000000000000000000e+00 3.120000000000000107e+00 5.820000000000000284e+00 4.879999999999999893e+00 2.459999999999999964e+00 6.879999999999999893e+00 6.080000000000000071e+00 -1.000000000000000000e+00 3.399999999999999911e+00 4.150000000000000355e+00
-1.000000000000000000e+00 3.040000000000000036e+00 5.830000000000000071e+00 4.849999999999999645e+00 2.529999999999999805e+00 6.919999999999999929e+00 6.059999999999999609e+00 -1.000000000000000000e+00 3.370000000000000107e+00 4.129999999999999893e+00
-1.000000000000000000e+00 3.100000000000000089e+00 5.870000000000000107e+00 4.940000000000000391e+00 2.520000000000000018e+00 6.849999999999999645e+00 6.080000000000000071e+00 -1.000000000000000000e+00 3.560000000000000053e+00 4.179999999999999716e+00
-1.000000000000000000e+00 3.060000000000000053e+00 5.860000000000000320e+00 4.860000000000000320e+00 2.520000000000000018e+00 6.799999999999999822e+00 6.019999999999999574e+00 -1.000000000000000000e+00 3.479999999999999982e+00 4.129999999999999893e+00
-1.000000000000000000e+00 3.069999999999999840e+00 5.839999999999999858e+00 4.889999999999999680e+00 2.490000000000000213e+00 6.830000000000000071e+00 6.009999999999999787e+00 -1.000000000000000000e+00 3.430000000000000160e+00 4.190000000000000391e+00
-1.000000000000000000e+00 3.120000000000000107e+00 5.860000000000000320e+00 4.910000000000000142e+00 2.479999999999999982e+00 6.830000000000000071e+00 6.070000000000000284e+00 -1.000000000000000000e+00 3.490000000000000213e+00 4.169999999999999929e+00
-1.000000000000000000e+00 3.089999999999999858e+00 5.870000000000000107e+00 4.879999999999999893e+00 2.500000000000000000e+00 6.929999999999999716e+00 6.120000000000000107e+00 -1.000000000000000000e+00 3.779999999999999805e+00 4.099999999999999645e+00
-1.000000000000000000e+00 3.129999999999999893e+00 5.860000000000000320e+00 4.860000000000000320e+00 2.490000000000000213e+00 6.870000000000000107e+00 6.009999999999999787e+00 -1.000000000000000000e+00 3.359999999999999876e+00 4.160000000000000142e+00
-1.000000000000000000e+00 3.100000000000000089e+00 5.860000000000000320e+00 4.879999999999999893e+00 2.520000000000000018e+00 6.910000000000000142e+00 6.000000000000000000e+00 -1.000000000000000000e+00 3.290000000000000036e+00 4.169999999999999929e+00
-1.000000000000000000e+00 3.109999999999999876e+00 5.820000000000000284e+00 4.879999999999999893e+00 2.509999999999999787e+00 6.900000000000000355e+00 6.160000000000000142e+00 -1.000000000000000000e+00 3.339999999999999858e+00 4.209999999999999964e+00
-1.000000000000000000e+00 3.089999999999999858e+00 5.849999999999999645e+00 4.870000000000000107e+00 2.500000000000000000e+00 6.929999999999999716e+00 6.030000000000000249e+00 -1.000000000000000000e+00 3.350000000000000089e+00 4.200000000000000178e+00
-1.000000000000000000e+00 3.120000000000000107e+00 5.919999999999999929e+00 4.900000000000000355e+00 2.509999999999999787e+00 6.879999999999999893e+00 6.040000000000000036e+00 -1.000000000000000000e+00 3.370000000000000107e+00 4.200000000000000178e+00
-1.000000000000000000e+00 3.140000000000000124e+00 5.849999999999999645e+00 4.870000000000000107e+00 2.490000000000000213e+00 6.889999999999999680e+00 6.049999999999999822e+00 -1.000000000000000000e+00 3.399999999999999911e+00 4.150000000000000355e+00
-1.000000000000000000e+00 3.200000000000000178e+00 5.870000000000000107e+00 4.910000000000000142e+00 2.509999999999999787e+00 6.839999999999999858e+00 6.070000000000000284e+00 -1.000000000000000000e+00 3.359999999999999876e+00 4.169999999999999929e+00
-1.000000000000000000e+00 3.040000000000000036e+00 5.849999999999999645e+00 4.919999999999999929e+00 2.549999999999999822e+00 6.790000000000000036e+00 6.030000000000000249e+00 -1.000000000000000000e+00 3.379999999999999893e+00 4.169999999999999929e+00
-1.000000000000000000e+00 3.160000000000000142e+00 5.849999999999999645e+00 4.809999999999999609e+00 2.509999999999999787e+00 6.900000000000000355e+00 6.000000000000000000e+00 -1.000000000000000000e+00 3.759999999999999787e+00 4.160000000000000142e+00
-1.000000000000000000e+00 3.120000000000000107e+00 5.799999999999999822e+00 4.809999999999999609e+00 2.520000000000000018e+00 6.889999999999999680e+00 6.070000000000000284e+00 -1.000000000000000000e+00 3.419999999999999929e+00 4.160000000000000142e+00
-1.000000000000000000e+00 3.060000000000000053e+00 5.910000000000000142e+00 4.910000000000000142e+00 2.490000000000000213e+00 6.860000000000000320e+00 6.070000000000000284e+00 -1.000000000000000000e+00 3.459999999999999964e+00 4.160000000000000142e+00
-1.000000000000000000e+00 3.089999999999999858e+00 5.830000000000000071e+00 4.870000000000000107e+00 2.500000000000000000e+00 6.919999999999999929e+00 6.030000000000000249e+00 -1.000000000000000000e+00 3.339999999999999858e+00 4.139999999999999680e+00
-1.000000000000000000e+00 3.120000000000000107e+00 5.830000000000000071e+00 4.809999999999999609e+00 2.500000000000000000e+00 6.849999999999999645e+00 5.990000000000000213e+00 -1.000000000000000000e+00 3.379999999999999893e+00 4.169999999999999929e+00
-1.000000000000000000e+00 3.180000000000000160e+00 5.860000000000000320e+00 4.889999999999999680e+00 2.520000000000000018e+00 6.849999999999999645e+00 6.019999999999999574e+00 -1.000000000000000000e+00 3.399999999999999911e+00 4.190000000000000391e+00
-1.000000000000000000e+00 3.140000000000000124e+00 5.889999999999999680e+00 4.889999999999999680e+00 2.470000000000000195e+00 6.900000000000000355e+00 6.049999999999999822e+00 -1.000000000000000000e+00 3.410000000000000142e+00 4.160000000000000142e+00
-1.000000000000000000e+00 3.109999999999999876e+00 5.839999999999999858e+00 4.879999999999999893e+00 2.479999999999999982e+00 6.830000000000000071e+00 6.080000000000000071e+00 -1.000000000000000000e+00 3.299999999999999822e+00 4.120000000000000107e+00
-1.000000000000000000e+00 3.069999999999999840e+00 5.839999999999999858e+00 4.839999999999999858e+00 2.529999999999999805e+00 6.879999999999999893e+00 6.030000000000000249e+00 -1.000000000000000000e+00 3.390000000000000124e+00 4.169999999999999929e+00
-1.000000000000000000e+00 3.049999999999999822e+00 5.889999999999999680e+00 4.919999999999999929e+00 2.500000000000000000e+00 6.910000000000000142e+00 6.009999999999999787e+00 -1.000000000000000000e+00 3.299999999999999822e+00 4.160000000000000142e+00
-1.000000000000000000e+00 3.100000000000000089e+00 5.860000000000000320e+00 4.879999999999999893e+00 2.529999999999999805e+00 6.910000000000000142e+00 6.030000000000000249e+00 -1.000000000000000000e+00 3.359999999999999876e+00 4.160000000000000142e+00
-1.000000000000000000e+00 3.040000000000000036e+00 5.799999999999999822e+00 4.870000000000000107e+00 2.500000000000000000e+00 6.870000000000000107e+00 6.019999999999999574e+00 -1.000000000000000000e+00 3.319999999999999840e+00 4.169999999999999929e+00
-1.000000000000000000e+00 3.129999999999999893e+00 5.919999999999999929e+00 4.849999999999999645e+00 2.500000000000000000e+00 6.900000000000000355e+00 6.049999999999999822e+00 -1.000000000000000000e+00 3.410000000000000142e+00 4.139999999999999680e+00
-1.000000000000000000e+00 3.089999999999999858e+00 5.879999999999999893e+00 4.879999999999999893e+00 2.490000000000000213e+00 6.940000000000000391e+00 6.070000000000000284e+00 -1.000000000000000000e+00 3.779999999999999805e+00 4.160000000000000142e+00
-1.000000000000000000e+00 3.060000000000000053e+00 5.889999999999999680e+00 4.919999999999999929e+00 2.490000000000000213e+00 6.879999999999999893e+00 6.059999999999999609e+00 -1.000000000000000000e+00 3.419999999999999929e+00 4.169999999999999929e+00
-1.000000000000000000e+00 3.040000000000000036e+00 5.839999999999999858e+00 4.919999999999999929e+00 2.500000000000000000e+00 6.870000000000000107e+00 6.009999999999999787e+00 -1.000000000000000000e+00 3.470000000000000195e+00 4.169999999999999929e+00
-1.000000000000000000e+00 3.060000000000000053e+00 5.820000000000000284e+00 4.839999999999999858e+00 2.520000000000000018e+00 6.839999999999999858e+00 6.000000000000000000e+00 -1.000000000000000000e+00 3.390000000000000124e+00 4.190000000000000391e+00
-1.000000000000000000e+00 3.109999999999999876e+00 5.830000000000000071e+00 4.849999999999999645e+00 2.529999999999999805e+00 6.870000000000000107e+00 6.070000000000000284e+00 -1.000000000000000000e+00 3.319999999999999840e+00 4.160000000000000142e+00
-1.000000000000000000e+00 3.149999999999999911e+00 5.870000000000000107e+00 4.839999999999999858e+00 2.479999999999999982e+00 6.820000000000000284e+00 6.070000000000000284e+00 -1.000000000000000000e+00 3.330000000000000071e+00 4.179999999999999716e+00
-1.000000000000000000e+00 3.109999999999999876e+00 5.860000000000000320e+00 4.879999999999999893e+00 2.509999999999999787e+00 6.839999999999999858e+00 6.080000000000000071e+00 -1.000000000000000000e+00 3.390000000000000124e+00 4.160000000000000142e+00
-1.000000000000000000e+00 3.140000000000000124e+00 5.830000000000000071e+00 4.889999999999999680e+00 2.520000000000000018e+00 6.839999999999999858e+00 6.030000000000000249e+00 -1.000000000000000000e+00 3.390000000000000124e+00 4.160000000000000142e+00
-1.000000000000000000e+00 3.129999999999999893e+00 5.830000000000000071e+00 4.900000000000000355e+00 2.520000000000000018e+00 6.940000000000000391e+00 6.049999999999999822e+00 -1.000000000000000000e+00 3.399999999999999911e+00 4.169999999999999929e+00
-1.000000000000000000e+00 3.089999999999999858e+00 5.860000000000000320e+00 4.860000000000000320e+00 2.470000000000000195e+00 6.849999999999999645e+00 6.000000000000000000e+00 -1.000000000000000000e+00 3.399999999999999911e+00 4.160000000000000142e+00
-1.000000000000000000e+00 3.100000000000000089e+00 5.799999999999999822e+00 4.839999999999999858e+00 2.500000000000000000e+00 6.860000000000000320e+00 5.990000000000000213e+00 -1.000000000000000000e+00 3.359999999999999876e+00 4.139999999999999680e+00
-1.000000000000000000e+00 3.009999999999999787e+00 5.839999999999999858e+00 4.830000000000000071e+00 2.479999999999999982e+00 6.839999999999999858e+00 6.080000000000000071e+00 -1.000000000000000000e+00 3.750000000000000000e+00 4.160000000000000142e+00
-1.000000000000000000e+00 3.109999999999999876e+00 5.799999999999999822e+00 4.919999999999999929e+00 2.509999999999999787e+00 6.889999999999999680e+00 6.030000000000000249e+00 -1.000000000000000000e+00 3.479999999999999982e+00 4.150000000000000355e+00
-1.000000000000000000e+00 3.129999999999999893e+00 5.830000000000000071e+00 4.870000000000000107e+00 2.479999999999999982e+00 6.900000000000000355e+00 6.070000000000000284e+00 -1.000000000000000000e+00 3.450000000000000178e+00 4.150000000000000355e+00
