-1.000000000000000000e+00 -1.000000000000000000e+00 -1.000000000000000000e+00 -1.000000000000000000e+00 -1.000000000000000000e+00 -1.000000000000000000e+00 -1.000000000000000000e+00 -1.000000000000000000e+00 -1.000000000000000000e+00 -1.000000000000000000e+00
3.100000000000000089e+00 -1.000000000000000000e+00 4.940000000000000391e+00 5.780000000000000249e+00 4.480000000000000426e+00 -1.000000000000000000e+00 6.750000000000000000e+00 3.640000000000000124e+00 1.959999999999999964e+00 2.459999999999999964e+00
3.129999999999999893e+00 -1.000000000000000000e+00 4.929999999999999716e+00 5.780000000000000249e+00 4.500000000000000000e+00 -1.000000000000000000e+00 6.740000000000000213e+00 3.589999999999999858e+00 1.919999999999999929e+00 2.439999999999999947e+00
3.109999999999999876e+00 -1.000000000000000000e+00 4.980000000000000426e+00 5.780000000000000249e+00 4.459999999999999964e+00 -1.000000000000000000e+00 6.709999999999999964e+00 3.560000000000000053e+00 1.969999999999999973e+00 2.430000000000000160e+00
3.080000000000000071e+00 -1.000000000000000000e+00 4.940000000000000391e+00 5.759999999999999787e+00 4.469999999999999751e+00 -1.000000000000000000e+00 6.809999999999999609e+00 3.620000000000000107e+00 1.959999999999999964e+00 2.459999999999999964e+00
3.129999999999999893e+00 -1.000000000000000000e+00 4.959999999999999964e+00 5.769999999999999574e+00 4.519999999999999574e+00 -1.000000000000000000e+00 6.719999999999999751e+00 3.560000000000000053e+00 1.959999999999999964e+00 2.500000000000000000e+00
3.089999999999999858e+00 -1.000000000000000000e+00 4.929999999999999716e+00 5.799999999999999822e+00 4.400000000000000355e+00 -1.000000000000000000e+00 6.809999999999999609e+00 3.629999999999999893e+00 1.979999999999999982e+00 2.470000000000000195e+00
3.149999999999999911e+00 -1.000000000000000000e+00 4.950000000000000178e+00 5.719999999999999751e+00 4.410000000000000142e+00 -1.000000000000000000e+00 6.809999999999999609e+00 -1.000000000000000000e+00 2.000000000000000000e+00 2.459999999999999964e+00
3.109999999999999876e+00 -1.000000000000000000e+00 4.929999999999999716e+00 5.799999999999999822e+00 4.459999999999999964e+00 -1.000000000000000000e+00 6.799999999999999822e+00 3.620000000000000107e+00 1.939999999999999947e+00 2.459999999999999964e+00
3.080000000000000071e+00 -1.000000000000000000e+00 4.929999999999999716e+00 5.780000000000000249e+00 4.410000000000000142e+00 -1.000000000000000000e+00 6.809999999999999609e+00 3.560000000000000053e+00 2.000000000000000000e+00 2.470000000000000195e+00
3.140000000000000124e+00 -1.000000000000000000e+00 4.940000000000000391e+00 5.790000000000000036e+00 4.410000000000000142e+00 -1.000000000000000000e+00 6.809999999999999609e+00 3.560000000000000053e+00 1.929999999999999938e+00 2.439999999999999947e+00
3.129999999999999893e+00 -1.000000000000000000e+00 4.940000000000000391e+00 5.780000000000000249e+00 4.410000000000000142e+00 -1.000000000000000000e+00 6.780000000000000249e+00 3.649999999999999911e+00 1.979999999999999982e+00 2.500000000000000000e+00
3.120000000000000107e+00 -1.000000000000000000e+00 4.910000000000000142e+00 5.790000000000000036e+00 4.429999999999999716e+00 -1.000000000000000000e+00 6.759999999999999787e+00 3.620000000000000107e+00 1.939999999999999947e+00 2.450000000000000178e+00
3.109999999999999876e+00 -1.000000000000000000e+00 4.969999999999999751e+00 5.730000000000000426e+00 4.490000000000000213e+00 -1.000000000000000000e+00 6.740000000000000213e+00 3.540000000000000036e+00 1.979999999999999982e+00 2.479999999999999982e+00
3.120000000000000107e+00 -1.000000000000000000e+00 4.910000000000000142e+00 5.799999999999999822e+00 4.440000000000000391e+00 -1.000000000000000000e+00 6.780000000000000249e+00 3.569999999999999840e+00 1.969999999999999973e+00 2.509999999999999787e+00
3.060000000000000053e+00 -1.000000000000000000e+00 4.889999999999999680e+00 5.750000000000000000e+00 4.400000000000000355e+00 -1.000000000000000000e+00 6.759999999999999787e+00 3.560000000000000053e+00 1.989999999999999991e+00 2.459999999999999964e+00
3.120000000000000107e+00 -1.000000000000000000e+00 4.959999999999999964e+00 5.799999999999999822e+00 4.440000000000000391e+00 -1.000000000000000000e+00 6.769999999999999574e+00 3.640000000000000124e+00 1.929999999999999938e+00 2.439999999999999947e+00
3.109999999999999876e+00 -1.000000000000000000e+00 4.900000000000000355e+00 5.780000000000000249e+00 4.400000000000000355e+00 -1.000000000000000000e+00 6.740000000000000213e+00 3.629999999999999893e+00 1.939999999999999947e+00 2.430000000000000160e+00
3.109999999999999876e+00 -1.000000000000000000e+00 4.940000000000000391e+00 5.780000000000000249e+00 4.379999999999999893e+00 -1.000000000000000000e+00 6.820000000000000284e+00 3.569999999999999840e+00 1.959999999999999964e+00 2.450000000000000178e+00
3.060000000000000053e+00 -1.000000000000000000e+00 4.929999999999999716e+00 5.790000000000000036e+00 4.429999999999999716e+00 -1.000000000000000000e+00 6.769999999999999574e+00 3.700000000000000178e+00 1.959999999999999964e+00 2.500000000000000000e+00
3.100000000000000089e+00 -1.000000000000000000e+00 4.959999999999999964e+00 5.799999999999999822e+00 4.389999999999999680e+00 -1.000000000000000000e+00 6.759999999999999787e+00 3.600000000000000089e+00 1.979999999999999982e+00 2.419999999999999929e+00
3.109999999999999876e+00 -1.000000000000000000e+00 4.959999999999999964e+00 5.809999999999999609e+00 4.349999999999999645e+00 -1.000000000000000000e+00 6.709999999999999964e+00 3.620000000000000107e+00 1.929999999999999938e+00 2.439999999999999947e+00
3.080000000000000071e+00 -1.000000000000000000e+00 4.940000000000000391e+00 5.790000000000000036e+00 4.440000000000000391e+00 -1.000000000000000000e+00 6.769999999999999574e+00 3.529999999999999805e+00 1.989999999999999991e+00 2.470000000000000195e+00
3.080000000000000071e+00 -1.000000000000000000e+00 4.950000000000000178e+00 5.780000000000000249e+00 4.400000000000000355e+00 -1.000000000000000000e+00 6.690000000000000391e+00 3.620000000000000107e+00 1.939999999999999947e+00 2.450000000000000178e+00
3.120000000000000107e+00 -1.000000000000000000e+00 4.900000000000000355e+00 5.759999999999999787e+00 4.349999999999999645e+00 -1.000000000000000000e+00 6.780000000000000249e+00 3.580000000000000071e+00 1.939999999999999947e+00 2.450000000000000178e+00
3.100000000000000089e+00 -1.000000000000000000e+00 4.969999999999999751e+00 5.799999999999999822e+00 4.379999999999999893e+00 -1.000000000000000000e+00 6.769999999999999574e+00 3.609999999999999876e+00 1.969999999999999973e+00 2.450000000000000178e+00
3.109999999999999876e+00 -1.000000000000000000e+00 4.959999999999999964e+00 5.780000000000000249e+00 4.370000000000000107e+00 -1.000000000000000000e+00 6.759999999999999787e+00 3.629999999999999893e+00 1.979999999999999982e+00 2.430000000000000160e+00
3.100000000000000089e+00 -1.000000000000000000e+00 4.969999999999999751e+00 5.730000000000000426e+00 4.379999999999999893e+00 -1.000000000000000000e+00 6.809999999999999609e+00 3.660000000000000142e+00 1.959999999999999964e+00 2.450000000000000178e+00
3.109999999999999876e+00 -1.000000000000000000e+00 4.879999999999999893e+00 5.730000000000000426e+00 4.320000000000000284e+00 -1.000000000000000000e+00 6.730000000000000426e+00 3.660000000000000142e+00 2.009999999999999787e+00 2.479999999999999982e+00
3.149999999999999911e+00 -1.000000000000000000e+00 4.940000000000000391e+00 5.759999999999999787e+00 4.379999999999999893e+00 -1.000000000000000000e+00 6.759999999999999787e+00 3.620000000000000107e+00 1.929999999999999938e+00 2.490000000000000213e+00
3.100000000000000089e+00 -1.000000000000000000e+00 4.969999999999999751e+00 5.730000000000000426e+00 4.379999999999999893e+00 -1.000000000000000000e+00 6.750000000000000000e+00 3.620000000000000107e+00 1.959999999999999964e+00 2.470000000000000195e+00
3.109999999999999876e+00 -1.000000000000000000e+00 4.910000000000000142e+00 5.780000000000000249e+00 4.299999999999999822e+00 -1.000000000000000000e+00 6.759999999999999787e+00 3.600000000000000089e+00 1.969999999999999973e+00 2.430000000000000160e+00
3.100000000000000089e+00 -1.000000000000000000e+00 4.849999999999999645e+00 5.730000000000000426e+00 4.469999999999999751e+00 -1.000000000000000000e+00 6.719999999999999751e+00 3.640000000000000124e+00 2.000000000000000000e+00 2.450000000000000178e+00
3.149999999999999911e+00 -1.000000000000000000e+00 4.950000000000000178e+00 5.780000000000000249e+00 4.299999999999999822e+00 -1.000000000000000000e+00 6.780000000000000249e+00 3.620000000000000107e+00 2.000000000000000000e+00 2.450000000000000178e+00
3.060000000000000053e+00 -1.000000000000000000e+00 4.879999999999999893e+00 5.790000000000000036e+00 4.389999999999999680e+00 -1.000000000000000000e+00 6.740000000000000213e+00 3.620000000000000107e+00 2.020000000000000018e+00 2.470000000000000195e+00
3.080000000000000071e+00 -1.000000000000000000e+00 4.889999999999999680e+00 5.740000000000000213e+00 4.259999999999999787e+00 -1.000000000000000000e+00 6.709999999999999964e+00 3.609999999999999876e+00 1.929999999999999938e+00 2.500000000000000000e+00
3.080000000000000071e+00 -1.000000000000000000e+00 4.940000000000000391e+00 5.759999999999999787e+00 4.349999999999999645e+00 -1.000000000000000000e+00 6.759999999999999787e+00 3.609999999999999876e+00 1.959999999999999964e+00 2.450000000000000178e+00
3.089999999999999858e+00 -1.000000000000000000e+00 4.929999999999999716e+00 5.759999999999999787e+00 4.360000000000000320e+00 -1.000000000000000000e+00 6.709999999999999964e+00 3.560000000000000053e+00 1.939999999999999947e+00 2.439999999999999947e+00
3.109999999999999876e+00 -1.000000000000000000e+00 4.889999999999999680e+00 5.790000000000000036e+00 4.349999999999999645e+00 -1.000000000000000000e+00 6.750000000000000000e+00 3.600000000000000089e+00 1.989999999999999991e+00 2.450000000000000178e+00
3.109999999999999876e+00 -1.000000000000000000e+00 4.990000000000000213e+00 5.790000000000000036e+00 4.379999999999999893e+00 -1.000000000000000000e+00 6.740000000000000213e+00 3.569999999999999840e+00 1.989999999999999991e+00 2.439999999999999947e+00
3.069999999999999840e+00 -1.000000000000000000e+00 4.900000000000000355e+00 5.750000000000000000e+00 4.459999999999999964e+00 -1.000000000000000000e+00 6.750000000000000000e+00 3.600000000000000089e+00 2.000000000000000000e+00 2.479999999999999982e+00
3.080000000000000071e+00 -1.000000000000000000e+00 4.969999999999999751e+00 5.700000000000000178e+00 4.150000000000000355e+00 -1.000000000000000000e+00 6.740000000000000213e+00 3.529999999999999805e+00 1.949999999999999956e+00 2.470000000000000195e+00
3.100000000000000089e+00 -1.000000000000000000e+00 -1.000000000000000000e+00 5.780000000000000249e+00 4.500000000000000000e+00 -1.000000000000000000e+00 6.910000000000000142e+00 3.560000000000000053e+00 1.929999999999999938e+00 2.490000000000000213e+00
3.089999999999999858e+00 -1.000000000000000000e+00 4.969999999999999751e+00 5.759999999999999787e+00 4.179999999999999716e+00 -1.000000000000000000e+00 6.780000000000000249e+00 3.649999999999999911e+00 1.959999999999999964e+00 2.459999999999999964e+00
3.140000000000000124e+00 -1.000000000000000000e+00 4.919999999999999929e+00 5.730000000000000426e+00 4.209999999999999964e+00 -1.000000000000000000e+00 6.740000000000000213e+00 3.569999999999999840e+00 2.000000000000000000e+00 2.399999999999999911e+00
3.109999999999999876e+00 -1.000000000000000000e+00 4.959999999999999964e+00 5.769999999999999574e+00 4.299999999999999822e+00 -1.000000000000000000e+00 6.679999999999999716e+00 3.640000000000000124e+00 1.979999999999999982e+00 2.490000000000000213e+00
3.089999999999999858e+00 -1.000000000000000000e+00 4.849999999999999645e+00 5.719999999999999751e+00 4.410000000000000142e+00 -1.000000000000000000e+00 6.759999999999999787e+00 3.660000000000000142e+00 1.969999999999999973e+00 2.479999999999999982e+00
3.040000000000000036e+00 -1.000000000000000000e+00 4.959999999999999964e+00 5.730000000000000426e+00 4.280000000000000249e+00 -1.000000000000000000e+00 6.879999999999999893e+00 3.660000000000000142e+00 1.989999999999999991e+00 2.450000000000000178e+00
3.100000000000000089e+00 -1.000000000000000000e+00 4.950000000000000178e+00 5.820000000000000284e+00 4.190000000000000391e+00 -1.000000000000000000e+00 6.740000000000000213e+00 3.540000000000000036e+00 1.989999999999999991e+00 2.439999999999999947e+00
3.100000000000000089e+00 -1.000000000000000000e+00 4.990000000000000213e+00 5.740000000000000213e+00 4.269999999999999574e+00 -1.000000000000000000e+00 6.799999999999999822e+00 3.609999999999999876e+00 2.000000000000000000e+00 2.459999999999999964e+00
3.109999999999999876e+00 -1.000000000000000000e+00 4.969999999999999751e+00 5.700000000000000178e+00 4.309999999999999609e+00 -1.000000000000000000e+00 6.870000000000000107e+00 3.609999999999999876e+00 1.969999999999999973e+00 2.450000000000000178e+00
3.109999999999999876e+00 -1.000000000000000000e+00 4.940000000000000391e+00 5.700000000000000178e+00 4.219999999999999751e+00 -1.000000000000000000e+00 6.709999999999999964e+00 3.609999999999999876e+00 2.009999999999999787e+00 2.470000000000000195e+00
3.140000000000000124e+00 -1.000000000000000000e+00 4.980000000000000426e+00 5.790000000000000036e+00 4.230000000000000426e+00 -1.000000000000000000e+00 6.809999999999999609e+00 3.729999999999999982e+00 1.989999999999999991e+00 2.450000000000000178e+00
3.120000000000000107e+00 -1.000000000000000000e+00 4.950000000000000178e+00 5.799999999999999822e+00 4.250000000000000000e+00 -1.000000000000000000e+00 6.759999999999999787e+00 3.640000000000000124e+00 1.949999999999999956e+00 2.450000000000000178e+00
3.140000000000000124e+00 -1.000000000000000000e+00 4.950000000000000178e+00 5.799999999999999822e+00 4.290000000000000036e+00 -1.000000000000000000e+00 6.740000000000000213e+00 3.629999999999999893e+00 1.949999999999999956e+00 2.479999999999999982e+00
3.080000000000000071e+00 -1.000000000000000000e+00 4.870000000000000107e+00 5.830000000000000071e+00 4.259999999999999787e+00 -1.000000000000000000e+00 6.769999999999999574e+00 -1.000000000000000000e+00 1.979999999999999982e+00 2.459999999999999964e+00
3.100000000000000089e+00 -1.000000000000000000e+00 4.969999999999999751e+00 5.820000000000000284e+00 4.309999999999999609e+00 -1.000000000000000000e+00 6.790000000000000036e+00 3.629999999999999893e+00 1.989999999999999991e+00 2.430000000000000160e+00
3.029999999999999805e+00 -1.000000000000000000e+00 4.950000000000000178e+00 5.849999999999999645e+00 4.309999999999999609e+00 -1.000000000000000000e+00 6.790000000000000036e+00 3.620000000000000107e+00 1.949999999999999956e+00 2.470000000000000195e+00
3.109999999999999876e+00 -1.000000000000000000e+00 4.990000000000000213e+00 5.860000000000000320e+00 4.309999999999999609e+00 -1.000000000000000000e+00 6.759999999999999787e+00 3.560000000000000053e+00 1.949999999999999956e+00 2.450000000000000178e+00
3.029999999999999805e+00 -1.000000000000000000e+00 4.940000000000000391e+00 5.849999999999999645e+00 4.320000000000000284e+00 -1.000000000000000000e+00 6.799999999999999822e+00 3.660000000000000142e+00 1.989999999999999991e+00 2.430000000000000160e+00
3.140000000000000124e+00 -1.000000000000000000e+00 4.919999999999999929e+00 5.860000000000000320e+00 4.299999999999999822e+00 -1.000000000000000000e+00 6.709999999999999964e+00 3.620000000000000107e+00 1.979999999999999982e+00 2.470000000000000195e+00
3.109999999999999876e+00 -1.000000000000000000e+00 4.980000000000000426e+00 5.839999999999999858e+00 4.320000000000000284e+00 -1.000000000000000000e+00 6.759999999999999787e+00 3.620000000000000107e+00 2.000000000000000000e+00 2.470000000000000195e+00
3.100000000000000089e+00 -1.000000000000000000e+00 4.929999999999999716e+00 5.849999999999999645e+00 4.309999999999999609e+00 -1.000000000000000000e+00 6.790000000000000036e+00 3.609999999999999876e+00 1.949999999999999956e+00 2.459999999999999964e+00
3.129999999999999893e+00 -1.000000000000000000e+00 4.950000000000000178e+00 5.870000000000000107e+00 4.280000000000000249e+00 -1.000000000000000000e+00 6.769999999999999574e+00 3.569999999999999840e+00 1.979999999999999982e+00 2.490000000000000213e+00
3.120000000000000107e+00 -1.000000000000000000e+00 4.950000000000000178e+00 5.879999999999999893e+00 4.330000000000000071e+00 -1.000000000000000000e+00 6.799999999999999822e+00 3.649999999999999911e+00 1.969999999999999973e+00 2.459999999999999964e+00
3.109999999999999876e+00 -1.000000000000000000e+00 4.969999999999999751e+00 5.790000000000000036e+00 4.309999999999999609e+00 -1.000000000000000000e+00 6.759999999999999787e+00 3.669999999999999929e+00 1.989999999999999991e+00 2.459999999999999964e+00
3.100000000000000089e+00 -1.000000000000000000e+00 4.900000000000000355e+00 5.860000000000000320e+00 4.339999999999999858e+00 -1.000000000000000000e+00 6.820000000000000284e+00 3.609999999999999876e+00 1.969999999999999973e+00 2.450000000000000178e+00
3.060000000000000053e+00 -1.000000000000000000e+00 4.919999999999999929e+00 5.900000000000000355e+00 4.230000000000000426e+00 -1.000000000000000000e+00 6.809999999999999609e+00 3.649999999999999911e+00 2.009999999999999787e+00 2.479999999999999982e+00
3.069999999999999840e+00 -1.000000000000000000e+00 4.990000000000000213e+00 5.870000000000000107e+00 4.219999999999999751e+00 -1.000000000000000000e+00 6.799999999999999822e+00 3.680000000000000160e+00 1.989999999999999991e+00 2.490000000000000213e+00
3.109999999999999876e+00 -1.000000000000000000e+00 4.910000000000000142e+00 5.820000000000000284e+00 4.269999999999999574e+00 -1.000000000000000000e+00 6.780000000000000249e+00 3.669999999999999929e+00 1.969999999999999973e+00 2.470000000000000195e+00
3.109999999999999876e+00 -1.000000000000000000e+00 4.969999999999999751e+00 5.849999999999999645e+00 4.299999999999999822e+00 -1.000000000000000000e+00 6.769999999999999574e+00 3.620000000000000107e+00 1.969999999999999973e+00 2.459999999999999964e+00
3.100000000000000089e+00 -1.000000000000000000e+00 4.950000000000000178e+00 5.870000000000000107e+00 4.250000000000000000e+00 -1.000000000000000000e+00 6.820000000000000284e+00 3.660000000000000142e+00 1.979999999999999982e+00 2.450000000000000178e+00
3.100000000000000089e+00 -1.000000000000000000e+00 4.950000000000000178e+00 5.870000000000000107e+00 4.280000000000000249e+00 -1.000000000000000000e+00 6.799999999999999822e+00 3.629999999999999893e+00 1.969999999999999973e+00 2.470000000000000195e+00
3.100000000000000089e+00 -1.000000000000000000e+00 4.889999999999999680e+00 5.839999999999999858e+00 4.269999999999999574e+00 -1.000000000000000000e+00 6.719999999999999751e+00 3.560000000000000053e+00 1.979999999999999982e+00 2.459999999999999964e+00
3.140000000000000124e+00 -1.000000000000000000e+00 4.959999999999999964e+00 5.799999999999999822e+00 4.339999999999999858e+00 -1.000000000000000000e+00 6.769999999999999574e+00 3.649999999999999911e+00 1.949999999999999956e+00 2.459999999999999964e+00
3.109999999999999876e+00 -1.000000000000000000e+00 4.940000000000000391e+00 5.809999999999999609e+00 4.330000000000000071e+00 -1.000000000000000000e+00 6.809999999999999609e+00 3.589999999999999858e+00 1.969999999999999973e+00 2.439999999999999947e+00
3.100000000000000089e+00 -1.000000000000000000e+00 4.950000000000000178e+00 5.849999999999999645e+00 4.280000000000000249e+00 -1.000000000000000000e+00 6.809999999999999609e+00 3.649999999999999911e+00 1.979999999999999982e+00 2.419999999999999929e+00
3.100000000000000089e+00 -1.000000000000000000e+00 4.919999999999999929e+00 5.809999999999999609e+00 4.280000000000000249e+00 -1.000000000000000000e+00 6.780000000000000249e+00 3.649999999999999911e+00 1.969999999999999973e+00 2.459999999999999964e+00
3.109999999999999876e+00 -1.000000000000000000e+00 4.929999999999999716e+00 5.839999999999999858e+00 4.250000000000000000e+00 -1.000000000000000000e+00 6.799999999999999822e+00 3.720000000000000195e+00 1.949999999999999956e+00 2.399999999999999911e+00
3.129999999999999893e+00 -1.000000000000000000e+00 4.919999999999999929e+00 5.839999999999999858e+00 4.230000000000000426e+00 -1.000000000000000000e+00 6.759999999999999787e+00 3.600000000000000089e+00 1.959999999999999964e+00 2.479999999999999982e+00
3.109999999999999876e+00 -1.000000000000000000e+00 4.969999999999999751e+00 5.870000000000000107e+00 4.320000000000000284e+00 -1.000000000000000000e+00 6.799999999999999822e+00 3.680000000000000160e+00 1.989999999999999991e+00 2.459999999999999964e+00
3.100000000000000089e+00 -1.000000000000000000e+00 4.959999999999999964e+00 5.799999999999999822e+00 4.269999999999999574e+00 -1.000000000000000000e+00 6.820000000000000284e+00 3.640000000000000124e+00 1.870000000000000107e+00 2.490000000000000213e+00
3.100000000000000089e+00 -1.000000000000000000e+00 4.950000000000000178e+00 5.839999999999999858e+00 4.250000000000000000e+00 -1.000000000000000000e+00 6.740000000000000213e+00 3.620000000000000107e+00 1.969999999999999973e+00 2.450000000000000178e+00
3.109999999999999876e+00 -1.000000000000000000e+00 5.070000000000000284e+00 5.809999999999999609e+00 4.230000000000000426e+00 -1.000000000000000000e+00 6.809999999999999609e+00 3.649999999999999911e+00 1.969999999999999973e+00 2.459999999999999964e+00
3.060000000000000053e+00 -1.000000000000000000e+00 4.929999999999999716e+00 5.780000000000000249e+00 4.269999999999999574e+00 -1.000000000000000000e+00 6.780000000000000249e+00 3.669999999999999929e+00 1.979999999999999982e+00 2.520000000000000018e+00
3.100000000000000089e+00 -1.000000000000000000e+00 4.929999999999999716e+00 5.860000000000000320e+00 4.269999999999999574e+00 -1.000000000000000000e+00 6.799999999999999822e+00 3.649999999999999911e+00 2.000000000000000000e+00 2.450000000000000178e+00
3.120000000000000107e+00 -1.000000000000000000e+00 4.889999999999999680e+00 5.820000000000000284e+00 4.299999999999999822e+00 -1.000000000000000000e+00 6.809999999999999609e+00 3.629999999999999893e+00 -1.000000000000000000e+00 2.419999999999999929e+00
3.120000000000000107e+00 -1.000000000000000000e+00 4.910000000000000142e+00 5.870000000000000107e+00 4.269999999999999574e+00 -1.000000000000000000e+00 6.799999999999999822e+00 3.569999999999999840e+00 1.939999999999999947e+00 2.479999999999999982e+00
3.100000000000000089e+00 -1.000000000000000000e+00 4.860000000000000320e+00 5.799999999999999822e+00 4.259999999999999787e+00 -1.000000000000000000e+00 6.769999999999999574e+00 3.609999999999999876e+00 2.000000000000000000e+00 2.459999999999999964e+00
3.089999999999999858e+00 -1.000000000000000000e+00 4.919999999999999929e+00 5.870000000000000107e+00 4.280000000000000249e+00 -1.000000000000000000e+00 6.809999999999999609e+00 3.609999999999999876e+00 2.029999999999999805e+00 2.450000000000000178e+00
3.069999999999999840e+00 -1.000000000000000000e+00 4.969999999999999751e+00 5.849999999999999645e+00 4.240000000000000213e+00 -1.000000000000000000e+00 6.790000000000000036e+00 3.649999999999999911e+00 1.949999999999999956e+00 2.410000000000000142e+00
3.120000000000000107e+00 -1.000000000000000000e+00 4.889999999999999680e+00 5.860000000000000320e+00 4.230000000000000426e+00 -1.000000000000000000e+00 6.769999999999999574e+00 3.629999999999999893e+00 1.959999999999999964e+00 2.430000000000000160e+00
3.129999999999999893e+00 -1.000000000000000000e+00 4.980000000000000426e+00 5.849999999999999645e+00 4.240000000000000213e+00 -1.000000000000000000e+00 6.750000000000000000e+00 3.560000000000000053e+00 1.959999999999999964e+00 2.439999999999999947e+00
3.140000000000000124e+00 -1.000000000000000000e+00 4.959999999999999964e+00 5.820000000000000284e+00 4.230000000000000426e+00 -1.000000000000000000e+00 6.750000000000000000e+00 3.640000000000000124e+00 2.000000000000000000e+00 2.439999999999999947e+00
3.120000000000000107e+00 -1.000000000000000000e+00 4.959999999999999964e+00 5.830000000000000071e+00 4.209999999999999964e+00 -1.000000000000000000e+00 6.750000000000000000e+00 3.589999999999999858e+00 1.949999999999999956e+00 2.450000000000000178e+00
3.100000000000000089e+00 -1.000000000000000000e+00 4.929999999999999716e+00 5.870000000000000107e+00 4.240000000000000213e+00 -1.000000000000000000e+00 6.809999999999999609e+00 3.649999999999999911e+00 1.969999999999999973e+00 2.439999999999999947e+00
3.129999999999999893e+00 -1.000000000000000000e+00 4.959999999999999964e+00 5.889999999999999680e+00 4.240000000000000213e+00 -1.000000000000000000e+00 6.790000000000000036e+00 3.629999999999999893e+00 1.949999999999999956e+00 2.479999999999999982e+00
3.069999999999999840e+00 -1.000000000000000000e+00 4.919999999999999929e+00 5.820000000000000284e+00 4.259999999999999787e+00 -1.000000000000000000e+00 6.820000000000000284e+00 3.569999999999999840e+00 1.979999999999999982e+00 2.509999999999999787e+00
3.060000000000000053e+00 -1.000000000000000000e+00 4.990000000000000213e+00 5.879999999999999893e+00 4.280000000000000249e+00 -1.000000000000000000e+00 6.809999999999999609e+00 3.640000000000000124e+00 1.979999999999999982e+00 2.450000000000000178e+00
3.089999999999999858e+00 -1.000000000000000000e+00 4.959999999999999964e+00 5.940000000000000391e+00 4.190000000000000391e+00 -1.000000000000000000e+00 6.790000000000000036e+00 3.580000000000000071e+00 1.959999999999999964e+00 2.470000000000000195e+00
