-1.000000000000000000e+00 -1.000000000000000000e+00 -1.000000000000000000e+00 -1.000000000000000000e+00 -1.000000000000000000e+00 -1.000000000000000000e+00 -1.000000000000000000e+00 -1.000000000000000000e+00 -1.000000000000000000e+00 -1.000000000000000000e+00
-1.000000000000000000e+00 1.929999999999999938e+00 7.969999999999999751e+00 7.400000000000000355e+00 5.330000000000000071e+00 1.080000000000000071e+01 8.519999999999999574e+00 2.990000000000000213e+00 -1.000000000000000000e+00 4.980000000000000426e+00
-1.000000000000000000e+00 1.919999999999999929e+00 9.800000000000000711e+00 7.389999999999999680e+00 5.389999999999999680e+00 1.160999999999999943e+01 8.529999999999999361e+00 3.100000000000000089e+00 -1.000000000000000000e+00 5.830000000000000071e+00
-1.000000000000000000e+00 1.919999999999999929e+00 9.779999999999999361e+00 7.450000000000000178e+00 5.339999999999999858e+00 1.160999999999999943e+01 8.580000000000000071e+00 3.100000000000000089e+00 -1.000000000000000000e+00 4.309999999999999609e+00
-1.000000000000000000e+00 1.949999999999999956e+00 9.720000000000000639e+00 7.429999999999999716e+00 5.339999999999999858e+00 1.158999999999999986e+01 8.550000000000000711e+00 3.020000000000000018e+00 -1.000000000000000000e+00 4.309999999999999609e+00
-1.000000000000000000e+00 1.899999999999999911e+00 6.820000000000000284e+00 7.410000000000000142e+00 5.379999999999999893e+00 1.156000000000000050e+01 8.619999999999999218e+00 3.009999999999999787e+00 -1.000000000000000000e+00 5.030000000000000249e+00
-1.000000000000000000e+00 1.929999999999999938e+00 9.390000000000000568e+00 7.379999999999999893e+00 5.330000000000000071e+00 1.166999999999999993e+01 8.560000000000000497e+00 3.000000000000000000e+00 -1.000000000000000000e+00 5.299999999999999822e+00
-1.000000000000000000e+00 1.929999999999999938e+00 9.400000000000000355e+00 7.389999999999999680e+00 5.389999999999999680e+00 1.158000000000000007e+01 8.529999999999999361e+00 3.089999999999999858e+00 -1.000000000000000000e+00 5.110000000000000320e+00
-1.000000000000000000e+00 1.889999999999999902e+00 9.000000000000000000e+00 7.429999999999999716e+00 5.330000000000000071e+00 1.166999999999999993e+01 8.550000000000000711e+00 3.089999999999999858e+00 -1.000000000000000000e+00 4.370000000000000107e+00
-1.000000000000000000e+00 1.929999999999999938e+00 9.830000000000000071e+00 7.429999999999999716e+00 5.330000000000000071e+00 1.164000000000000057e+01 8.539999999999999147e+00 3.100000000000000089e+00 -1.000000000000000000e+00 5.799999999999999822e+00
-1.000000000000000000e+00 1.919999999999999929e+00 8.259999999999999787e+00 7.379999999999999893e+00 5.330000000000000071e+00 1.088000000000000078e+01 8.529999999999999361e+00 3.100000000000000089e+00 -1.000000000000000000e+00 5.290000000000000036e+00
-1.000000000000000000e+00 1.889999999999999902e+00 9.369999999999999218e+00 7.440000000000000391e+00 5.339999999999999858e+00 1.167999999999999972e+01 8.550000000000000711e+00 3.149999999999999911e+00 -1.000000000000000000e+00 4.719999999999999751e+00
-1.000000000000000000e+00 1.929999999999999938e+00 8.740000000000000213e+00 7.410000000000000142e+00 5.349999999999999645e+00 1.167999999999999972e+01 8.480000000000000426e+00 3.100000000000000089e+00 -1.000000000000000000e+00 5.080000000000000071e+00
-1.000000000000000000e+00 1.919999999999999929e+00 7.280000000000000249e+00 7.410000000000000142e+00 5.339999999999999858e+00 1.169999999999999929e+01 8.589999999999999858e+00 3.129999999999999893e+00 -1.000000000000000000e+00 5.040000000000000036e+00
-1.000000000000000000e+00 1.939999999999999947e+00 9.789999999999999147e+00 7.440000000000000391e+00 5.360000000000000320e+00 1.157000000000000028e+01 8.560000000000000497e+00 3.049999999999999822e+00 -1.000000000000000000e+00 5.000000000000000000e+00
-1.000000000000000000e+00 1.949999999999999956e+00 9.900000000000000355e+00 7.429999999999999716e+00 5.339999999999999858e+00 1.158000000000000007e+01 8.529999999999999361e+00 3.049999999999999822e+00 -1.000000000000000000e+00 4.980000000000000426e+00
-1.000000000000000000e+00 1.850000000000000089e+00 8.679999999999999716e+00 7.419999999999999929e+00 5.349999999999999645e+00 1.168999999999999950e+01 8.580000000000000071e+00 3.040000000000000036e+00 -1.000000000000000000e+00 5.009999999999999787e+00
-1.000000000000000000e+00 1.870000000000000107e+00 9.429999999999999716e+00 7.410000000000000142e+00 5.330000000000000071e+00 1.163000000000000078e+01 8.609999999999999432e+00 3.089999999999999858e+00 -1.000000000000000000e+00 5.049999999999999822e+00
-1.000000000000000000e+00 1.979999999999999982e+00 8.769999999999999574e+00 7.370000000000000107e+00 5.330000000000000071e+00 1.164000000000000057e+01 8.560000000000000497e+00 3.069999999999999840e+00 -1.000000000000000000e+00 5.679999999999999716e+00
-1.000000000000000000e+00 1.929999999999999938e+00 9.880000000000000782e+00 7.419999999999999929e+00 5.339999999999999858e+00 1.161999999999999922e+01 8.500000000000000000e+00 3.140000000000000124e+00 -1.000000000000000000e+00 5.030000000000000249e+00
-1.000000000000000000e+00 1.939999999999999947e+00 7.709999999999999964e+00 7.429999999999999716e+00 5.349999999999999645e+00 1.165000000000000036e+01 8.599999999999999645e+00 3.109999999999999876e+00 -1.000000000000000000e+00 5.040000000000000036e+00
-1.000000000000000000e+00 1.959999999999999964e+00 8.320000000000000284e+00 7.419999999999999929e+00 5.389999999999999680e+00 1.166999999999999993e+01 8.650000000000000355e+00 3.089999999999999858e+00 -1.000000000000000000e+00 5.080000000000000071e+00
-1.000000000000000000e+00 1.870000000000000107e+00 7.700000000000000178e+00 7.419999999999999929e+00 5.330000000000000071e+00 1.159999999999999964e+01 8.570000000000000284e+00 3.100000000000000089e+00 -1.000000000000000000e+00 5.040000000000000036e+00
-1.000000000000000000e+00 1.899999999999999911e+00 8.740000000000000213e+00 7.500000000000000000e+00 5.339999999999999858e+00 1.157000000000000028e+01 8.560000000000000497e+00 3.040000000000000036e+00 -1.000000000000000000e+00 5.219999999999999751e+00
-1.000000000000000000e+00 1.899999999999999911e+00 7.230000000000000426e+00 7.400000000000000355e+00 5.360000000000000320e+00 1.152999999999999936e+01 8.550000000000000711e+00 3.049999999999999822e+00 -1.000000000000000000e+00 5.509999999999999787e+00
-1.000000000000000000e+00 1.939999999999999947e+00 8.240000000000000213e+00 7.330000000000000071e+00 5.339999999999999858e+00 1.168999999999999950e+01 8.560000000000000497e+00 3.160000000000000142e+00 -1.000000000000000000e+00 4.309999999999999609e+00
-1.000000000000000000e+00 1.929999999999999938e+00 8.800000000000000711e+00 7.419999999999999929e+00 5.370000000000000107e+00 1.158999999999999986e+01 8.560000000000000497e+00 3.069999999999999840e+00 -1.000000000000000000e+00 4.940000000000000391e+00
-1.000000000000000000e+00 1.949999999999999956e+00 7.250000000000000000e+00 7.410000000000000142e+00 5.379999999999999893e+00 1.163000000000000078e+01 8.539999999999999147e+00 3.040000000000000036e+00 -1.000000000000000000e+00 5.070000000000000284e+00
-1.000000000000000000e+00 1.939999999999999947e+00 8.740000000000000213e+00 7.450000000000000178e+00 5.330000000000000071e+00 1.171000000000000085e+01 8.570000000000000284e+00 3.060000000000000053e+00 -1.000000000000000000e+00 4.959999999999999964e+00
-1.000000000000000000e+00 1.959999999999999964e+00 8.300000000000000711e+00 7.450000000000000178e+00 5.360000000000000320e+00 1.167999999999999972e+01 8.550000000000000711e+00 3.100000000000000089e+00 -1.000000000000000000e+00 4.349999999999999645e+00
-1.000000000000000000e+00 1.860000000000000098e+00 8.240000000000000213e+00 7.429999999999999716e+00 5.400000000000000355e+00 1.159999999999999964e+01 8.550000000000000711e+00 3.049999999999999822e+00 -1.000000000000000000e+00 4.320000000000000284e+00
-1.000000000000000000e+00 1.929999999999999938e+00 8.740000000000000213e+00 7.480000000000000426e+00 5.330000000000000071e+00 1.167999999999999972e+01 8.580000000000000071e+00 3.040000000000000036e+00 -1.000000000000000000e+00 5.830000000000000071e+00
-1.000000000000000000e+00 1.939999999999999947e+00 8.339999999999999858e+00 7.400000000000000355e+00 5.330000000000000071e+00 1.158000000000000007e+01 8.500000000000000000e+00 3.029999999999999805e+00 -1.000000000000000000e+00 5.019999999999999574e+00
-1.000000000000000000e+00 1.939999999999999947e+00 8.779999999999999361e+00 7.400000000000000355e+00 5.330000000000000071e+00 1.156000000000000050e+01 8.539999999999999147e+00 3.100000000000000089e+00 -1.000000000000000000e+00 5.240000000000000213e+00
-1.000000000000000000e+00 1.959999999999999964e+00 7.660000000000000142e+00 7.429999999999999716e+00 5.330000000000000071e+00 1.161999999999999922e+01 8.570000000000000284e+00 3.009999999999999787e+00 -1.000000000000000000e+00 4.320000000000000284e+00
-1.000000000000000000e+00 1.949999999999999956e+00 8.720000000000000639e+00 7.509999999999999787e+00 5.330000000000000071e+00 1.166000000000000014e+01 8.560000000000000497e+00 3.080000000000000071e+00 -1.000000000000000000e+00 5.089999999999999858e+00
-1.000000000000000000e+00 1.840000000000000080e+00 8.279999999999999361e+00 7.469999999999999751e+00 5.360000000000000320e+00 1.161999999999999922e+01 8.519999999999999574e+00 3.060000000000000053e+00 -1.000000000000000000e+00 4.299999999999999822e+00
-1.000000000000000000e+00 1.979999999999999982e+00 7.660000000000000142e+00 7.400000000000000355e+00 5.339999999999999858e+00 1.160999999999999943e+01 8.539999999999999147e+00 3.040000000000000036e+00 -1.000000000000000000e+00 4.299999999999999822e+00
-1.000000000000000000e+00 1.860000000000000098e+00 7.750000000000000000e+00 7.419999999999999929e+00 5.360000000000000320e+00 1.158999999999999986e+01 8.539999999999999147e+00 3.100000000000000089e+00 -1.000000000000000000e+00 4.969999999999999751e+00
-1.000000000000000000e+00 1.979999999999999982e+00 7.839999999999999858e+00 7.400000000000000355e+00 5.330000000000000071e+00 1.072000000000000064e+01 8.550000000000000711e+00 3.120000000000000107e+00 -1.000000000000000000e+00 5.809999999999999609e+00
-1.000000000000000000e+00 1.899999999999999911e+00 8.269999999999999574e+00 7.440000000000000391e+00 5.330000000000000071e+00 1.158000000000000007e+01 8.539999999999999147e+00 3.100000000000000089e+00 -1.000000000000000000e+00 4.349999999999999645e+00
-1.000000000000000000e+00 1.899999999999999911e+00 8.289999999999999147e+00 7.429999999999999716e+00 5.290000000000000036e+00 1.158000000000000007e+01 8.470000000000000639e+00 3.040000000000000036e+00 -1.000000000000000000e+00 5.059999999999999609e+00
-1.000000000000000000e+00 1.989999999999999991e+00 9.789999999999999147e+00 7.410000000000000142e+00 5.389999999999999680e+00 1.158000000000000007e+01 8.550000000000000711e+00 3.069999999999999840e+00 -1.000000000000000000e+00 6.019999999999999574e+00
-1.000000000000000000e+00 1.929999999999999938e+00 9.429999999999999716e+00 7.500000000000000000e+00 5.360000000000000320e+00 1.161999999999999922e+01 8.509999999999999787e+00 3.060000000000000053e+00 -1.000000000000000000e+00 4.349999999999999645e+00
-1.000000000000000000e+00 1.919999999999999929e+00 8.699999999999999289e+00 7.400000000000000355e+00 5.320000000000000284e+00 1.160999999999999943e+01 8.609999999999999432e+00 3.060000000000000053e+00 -1.000000000000000000e+00 5.129999999999999893e+00
-1.000000000000000000e+00 1.969999999999999973e+00 9.390000000000000568e+00 7.450000000000000178e+00 5.370000000000000107e+00 1.155000000000000071e+01 8.550000000000000711e+00 3.120000000000000107e+00 -1.000000000000000000e+00 5.740000000000000213e+00
-1.000000000000000000e+00 1.939999999999999947e+00 8.259999999999999787e+00 7.450000000000000178e+00 5.330000000000000071e+00 1.153999999999999915e+01 8.490000000000000213e+00 3.100000000000000089e+00 -1.000000000000000000e+00 5.000000000000000000e+00
-1.000000000000000000e+00 1.919999999999999929e+00 9.339999999999999858e+00 7.500000000000000000e+00 5.339999999999999858e+00 1.160999999999999943e+01 8.539999999999999147e+00 3.060000000000000053e+00 -1.000000000000000000e+00 5.280000000000000249e+00
-1.000000000000000000e+00 1.899999999999999911e+00 8.769999999999999574e+00 7.389999999999999680e+00 5.360000000000000320e+00 1.158999999999999986e+01 8.449999999999999289e+00 3.100000000000000089e+00 -1.000000000000000000e+00 5.120000000000000107e+00
-1.000000000000000000e+00 1.949999999999999956e+00 8.720000000000000639e+00 7.379999999999999893e+00 5.339999999999999858e+00 1.150000000000000000e+01 8.560000000000000497e+00 3.040000000000000036e+00 -1.000000000000000000e+00 5.059999999999999609e+00
-1.000000000000000000e+00 1.929999999999999938e+00 8.710000000000000853e+00 7.490000000000000213e+00 5.339999999999999858e+00 1.161999999999999922e+01 8.589999999999999858e+00 3.069999999999999840e+00 -1.000000000000000000e+00 4.290000000000000036e+00
-1.000000000000000000e+00 1.850000000000000089e+00 9.429999999999999716e+00 7.389999999999999680e+00 5.370000000000000107e+00 1.163000000000000078e+01 8.550000000000000711e+00 3.109999999999999876e+00 -1.000000000000000000e+00 4.269999999999999574e+00
-1.000000000000000000e+00 1.969999999999999973e+00 8.730000000000000426e+00 7.490000000000000213e+00 5.349999999999999645e+00 1.164000000000000057e+01 8.589999999999999858e+00 3.100000000000000089e+00 -1.000000000000000000e+00 5.750000000000000000e+00
-1.000000000000000000e+00 1.879999999999999893e+00 8.320000000000000284e+00 7.360000000000000320e+00 5.320000000000000284e+00 1.159999999999999964e+01 8.550000000000000711e+00 3.049999999999999822e+00 -1.000000000000000000e+00 5.000000000000000000e+00
-1.000000000000000000e+00 1.949999999999999956e+00 7.730000000000000426e+00 7.360000000000000320e+00 5.360000000000000320e+00 1.164000000000000057e+01 8.599999999999999645e+00 3.100000000000000089e+00 -1.000000000000000000e+00 5.120000000000000107e+00
-1.000000000000000000e+00 1.919999999999999929e+00 9.800000000000000711e+00 7.410000000000000142e+00 5.360000000000000320e+00 1.158000000000000007e+01 8.550000000000000711e+00 3.049999999999999822e+00 -1.000000000000000000e+00 5.799999999999999822e+00
-1.000000000000000000e+00 1.929999999999999938e+00 8.769999999999999574e+00 7.429999999999999716e+00 5.330000000000000071e+00 1.172000000000000064e+01 8.570000000000000284e+00 3.089999999999999858e+00 -1.000000000000000000e+00 5.000000000000000000e+00
-1.000000000000000000e+00 1.959999999999999964e+00 9.460000000000000853e+00 7.419999999999999929e+00 5.349999999999999645e+00 1.010999999999999943e+01 8.539999999999999147e+00 3.029999999999999805e+00 -1.000000000000000000e+00 4.330000000000000071e+00
-1.000000000000000000e+00 1.899999999999999911e+00 8.300000000000000711e+00 7.429999999999999716e+00 5.330000000000000071e+00 1.150000000000000000e+01 8.560000000000000497e+00 3.020000000000000018e+00 -1.000000000000000000e+00 5.030000000000000249e+00
-1.000000000000000000e+00 1.899999999999999911e+00 9.349999999999999645e+00 7.379999999999999893e+00 5.330000000000000071e+00 1.072000000000000064e+01 8.550000000000000711e+00 3.000000000000000000e+00 -1.000000000000000000e+00 5.070000000000000284e+00
-1.000000000000000000e+00 1.929999999999999938e+00 8.679999999999999716e+00 7.400000000000000355e+00 5.330000000000000071e+00 1.150000000000000000e+01 8.580000000000000071e+00 3.060000000000000053e+00 -1.000000000000000000e+00 6.019999999999999574e+00
-1.000000000000000000e+00 1.929999999999999938e+00 8.210000000000000853e+00 7.469999999999999751e+00 5.360000000000000320e+00 1.159999999999999964e+01 8.539999999999999147e+00 3.140000000000000124e+00 -1.000000000000000000e+00 5.879999999999999893e+00
-1.000000000000000000e+00 1.850000000000000089e+00 8.740000000000000213e+00 7.450000000000000178e+00 5.360000000000000320e+00 1.156000000000000050e+01 8.500000000000000000e+00 3.029999999999999805e+00 -1.000000000000000000e+00 5.129999999999999893e+00
-1.000000000000000000e+00 1.939999999999999947e+00 8.779999999999999361e+00 7.410000000000000142e+00 5.330000000000000071e+00 1.155000000000000071e+01 8.570000000000000284e+00 3.109999999999999876e+00 -1.000000000000000000e+00 5.110000000000000320e+00
-1.000000000000000000e+00 1.929999999999999938e+00 8.349999999999999645e+00 7.389999999999999680e+00 5.339999999999999858e+00 1.156000000000000050e+01 8.550000000000000711e+00 3.080000000000000071e+00 -1.000000000000000000e+00 5.509999999999999787e+00
-1.000000000000000000e+00 1.959999999999999964e+00 9.779999999999999361e+00 7.469999999999999751e+00 5.349999999999999645e+00 1.160999999999999943e+01 8.580000000000000071e+00 3.069999999999999840e+00 -1.000000000000000000e+00 4.299999999999999822e+00
-1.000000000000000000e+00 1.919999999999999929e+00 7.870000000000000107e+00 7.450000000000000178e+00 5.330000000000000071e+00 1.161999999999999922e+01 8.570000000000000284e+00 3.100000000000000089e+00 -1.000000000000000000e+00 5.870000000000000107e+00
-1.000000000000000000e+00 1.919999999999999929e+00 8.390000000000000568e+00 7.480000000000000426e+00 5.339999999999999858e+00 1.153999999999999915e+01 8.529999999999999361e+00 3.080000000000000071e+00 -1.000000000000000000e+00 5.070000000000000284e+00
-1.000000000000000000e+00 1.929999999999999938e+00 9.470000000000000639e+00 7.459999999999999964e+00 5.320000000000000284e+00 1.153999999999999915e+01 8.509999999999999787e+00 3.140000000000000124e+00 -1.000000000000000000e+00 4.309999999999999609e+00
-1.000000000000000000e+00 1.909999999999999920e+00 8.699999999999999289e+00 7.440000000000000391e+00 5.339999999999999858e+00 1.081000000000000050e+01 8.490000000000000213e+00 3.009999999999999787e+00 -1.000000000000000000e+00 4.740000000000000213e+00
-1.000000000000000000e+00 1.870000000000000107e+00 8.400000000000000355e+00 7.429999999999999716e+00 5.349999999999999645e+00 1.094999999999999929e+01 8.550000000000000711e+00 3.020000000000000018e+00 -1.000000000000000000e+00 5.870000000000000107e+00
-1.000000000000000000e+00 1.879999999999999893e+00 8.300000000000000711e+00 7.469999999999999751e+00 5.280000000000000249e+00 1.150000000000000000e+01 8.570000000000000284e+00 3.100000000000000089e+00 -1.000000000000000000e+00 5.120000000000000107e+00
-1.000000000000000000e+00 1.879999999999999893e+00 8.730000000000000426e+00 7.480000000000000426e+00 5.339999999999999858e+00 1.159999999999999964e+01 8.550000000000000711e+00 3.069999999999999840e+00 -1.000000000000000000e+00 4.290000000000000036e+00
-1.000000000000000000e+00 1.879999999999999893e+00 9.380000000000000782e+00 7.370000000000000107e+00 5.339999999999999858e+00 1.155000000000000071e+01 8.539999999999999147e+00 3.120000000000000107e+00 -1.000000000000000000e+00 4.969999999999999751e+00
-1.000000000000000000e+00 1.959999999999999964e+00 8.859999999999999432e+00 7.429999999999999716e+00 5.339999999999999858e+00 1.155000000000000071e+01 8.580000000000000071e+00 3.100000000000000089e+00 -1.000000000000000000e+00 5.070000000000000284e+00
-1.000000000000000000e+00 1.899999999999999911e+00 9.820000000000000284e+00 7.429999999999999716e+00 5.349999999999999645e+00 1.153999999999999915e+01 8.529999999999999361e+00 3.120000000000000107e+00 -1.000000000000000000e+00 4.339999999999999858e+00
-1.000000000000000000e+00 1.929999999999999938e+00 7.700000000000000178e+00 7.459999999999999964e+00 5.320000000000000284e+00 1.167999999999999972e+01 8.529999999999999361e+00 3.100000000000000089e+00 -1.000000000000000000e+00 5.099999999999999645e+00
-1.000000000000000000e+00 1.919999999999999929e+00 7.240000000000000213e+00 7.480000000000000426e+00 5.349999999999999645e+00 1.166999999999999993e+01 8.619999999999999218e+00 3.109999999999999876e+00 -1.000000000000000000e+00 5.120000000000000107e+00
-1.000000000000000000e+00 1.929999999999999938e+00 8.390000000000000568e+00 7.469999999999999751e+00 5.320000000000000284e+00 1.155000000000000071e+01 8.580000000000000071e+00 3.120000000000000107e+00 -1.000000000000000000e+00 5.139999999999999680e+00
-1.000000000000000000e+00 1.969999999999999973e+00 7.860000000000000320e+00 7.459999999999999964e+00 5.330000000000000071e+00 1.157000000000000028e+01 8.550000000000000711e+00 3.040000000000000036e+00 -1.000000000000000000e+00 -1.000000000000000000e+00
-1.000000000000000000e+00 1.939999999999999947e+00 9.460000000000000853e+00 7.429999999999999716e+00 5.330000000000000071e+00 1.166999999999999993e+01 8.619999999999999218e+00 3.080000000000000071e+00 -1.000000000000000000e+00 4.339999999999999858e+00
-1.000000000000000000e+00 1.889999999999999902e+00 8.769999999999999574e+00 7.490000000000000213e+00 5.299999999999999822e+00 1.159999999999999964e+01 8.529999999999999361e+00 3.069999999999999840e+00 -1.000000000000000000e+00 5.169999999999999929e+00
-1.000000000000000000e+00 1.929999999999999938e+00 8.250000000000000000e+00 7.450000000000000178e+00 5.400000000000000355e+00 1.083000000000000007e+01 8.580000000000000071e+00 3.100000000000000089e+00 -1.000000000000000000e+00 5.120000000000000107e+00
-1.000000000000000000e+00 1.989999999999999991e+00 9.839999999999999858e+00 7.429999999999999716e+00 5.339999999999999858e+00 1.158999999999999986e+01 8.470000000000000639e+00 3.069999999999999840e+00 -1.000000000000000000e+00 5.790000000000000036e+00
-1.000000000000000000e+00 1.939999999999999947e+00 8.189999999999999503e+00 7.440000000000000391e+00 5.360000000000000320e+00 1.161999999999999922e+01 8.550000000000000711e+00 3.049999999999999822e+00 -1.000000000000000000e+00 5.809999999999999609e+00
-1.000000000000000000e+00 1.909999999999999920e+00 8.689999999999999503e+00 7.400000000000000355e+00 5.330000000000000071e+00 1.158999999999999986e+01 8.500000000000000000e+00 3.060000000000000053e+00 -1.000000000000000000e+00 5.200000000000000178e+00
-1.000000000000000000e+00 1.860000000000000098e+00 9.820000000000000284e+00 7.389999999999999680e+00 5.320000000000000284e+00 1.161999999999999922e+01 8.609999999999999432e+00 3.089999999999999858e+00 -1.000000000000000000e+00 5.809999999999999609e+00
-1.000000000000000000e+00 1.909999999999999920e+00 8.349999999999999645e+00 7.480000000000000426e+00 5.339999999999999858e+00 1.166000000000000014e+01 8.539999999999999147e+00 3.020000000000000018e+00 -1.000000000000000000e+00 5.000000000000000000e+00
-1.000000000000000000e+00 1.939999999999999947e+00 8.289999999999999147e+00 7.429999999999999716e+00 5.360000000000000320e+00 1.158000000000000007e+01 8.580000000000000071e+00 3.089999999999999858e+00 -1.000000000000000000e+00 4.309999999999999609e+00
-1.000000000000000000e+00 1.899999999999999911e+00 7.179999999999999716e+00 7.410000000000000142e+00 5.309999999999999609e+00 1.158999999999999986e+01 8.529999999999999361e+00 3.109999999999999876e+00 -1.000000000000000000e+00 4.219999999999999751e+00
-1.000000000000000000e+00 1.899999999999999911e+00 7.200000000000000178e+00 7.440000000000000391e+00 5.330000000000000071e+00 1.166000000000000014e+01 8.560000000000000497e+00 3.009999999999999787e+00 -1.000000000000000000e+00 5.040000000000000036e+00
-1.000000000000000000e+00 1.939999999999999947e+00 9.810000000000000497e+00 7.469999999999999751e+00 -1.000000000000000000e+00 1.072000000000000064e+01 8.539999999999999147e+00 3.109999999999999876e+00 -1.000000000000000000e+00 5.059999999999999609e+00
-1.000000000000000000e+00 1.949999999999999956e+00 9.400000000000000355e+00 7.419999999999999929e+00 5.250000000000000000e+00 1.161999999999999922e+01 8.570000000000000284e+00 3.060000000000000053e+00 -1.000000000000000000e+00 5.110000000000000320e+00
-1.000000000000000000e+00 1.989999999999999991e+00 9.810000000000000497e+00 7.429999999999999716e+00 5.349999999999999645e+00 1.160999999999999943e+01 8.509999999999999787e+00 3.040000000000000036e+00 -1.000000000000000000e+00 5.089999999999999858e+00
-1.000000000000000000e+00 1.949999999999999956e+00 8.390000000000000568e+00 7.410000000000000142e+00 5.349999999999999645e+00 1.159999999999999964e+01 8.529999999999999361e+00 3.049999999999999822e+00 -1.000000000000000000e+00 5.809999999999999609e+00
-1.000000000000000000e+00 1.879999999999999893e+00 8.339999999999999858e+00 7.469999999999999751e+00 5.370000000000000107e+00 1.075999999999999979e+01 8.580000000000000071e+00 3.069999999999999840e+00 -1.000000000000000000e+00 5.009999999999999787e+00
-1.000000000000000000e+00 1.929999999999999938e+00 9.789999999999999147e+00 7.400000000000000355e+00 5.320000000000000284e+00 1.155000000000000071e+01 8.570000000000000284e+00 3.060000000000000053e+00 -1.000000000000000000e+00 4.379999999999999893e+00
-1.000000000000000000e+00 1.919999999999999929e+00 7.700000000000000178e+00 7.509999999999999787e+00 5.330000000000000071e+00 1.161999999999999922e+01 8.500000000000000000e+00 3.109999999999999876e+00 -1.000000000000000000e+00 5.160000000000000142e+00
-1.000000000000000000e+00 1.860000000000000098e+00 8.359999999999999432e+00 7.400000000000000355e+00 5.339999999999999858e+00 1.160999999999999943e+01 8.550000000000000711e+00 3.020000000000000018e+00 -1.000000000000000000e+00 4.299999999999999822e+00
-1.000000000000000000e+00 1.929999999999999938e+00 7.240000000000000213e+00 7.480000000000000426e+00 5.339999999999999858e+00 1.158000000000000007e+01 8.599999999999999645e+00 3.100000000000000089e+00 -1.000000000000000000e+00 5.330000000000000071e+00
