-1.000000000000000000e+00 -1.000000000000000000e+00 -1.000000000000000000e+00 -1.000000000000000000e+00 -1.000000000000000000e+00 -1.000000000000000000e+00 -1.000000000000000000e+00 -1.000000000000000000e+00 -1.000000000000000000e+00 -1.000000000000000000e+00
2.450000000000000178e+00 4.169999999999999929e+00 3.850000000000000089e+00 2.240000000000000213e+00 -1.000000000000000000e+00 4.549999999999999822e+00 3.470000000000000195e+00 -1.000000000000000000e+00 5.379999999999999893e+00 3.080000000000000071e+00
2.520000000000000018e+00 4.059999999999999609e+00 3.819999999999999840e+00 2.229999999999999982e+00 -1.000000000000000000e+00 4.519999999999999574e+00 3.439999999999999947e+00 -1.000000000000000000e+00 5.360000000000000320e+00 3.040000000000000036e+00
2.459999999999999964e+00 4.120000000000000107e+00 3.879999999999999893e+00 2.240000000000000213e+00 -1.000000000000000000e+00 4.540000000000000036e+00 3.419999999999999929e+00 -1.000000000000000000e+00 5.339999999999999858e+00 3.040000000000000036e+00
2.540000000000000036e+00 4.190000000000000391e+00 3.899999999999999911e+00 2.259999999999999787e+00 -1.000000000000000000e+00 4.599999999999999645e+00 3.459999999999999964e+00 -1.000000000000000000e+00 5.349999999999999645e+00 3.080000000000000071e+00
2.500000000000000000e+00 4.070000000000000284e+00 3.899999999999999911e+00 2.229999999999999982e+00 -1.000000000000000000e+00 4.549999999999999822e+00 3.439999999999999947e+00 -1.000000000000000000e+00 5.360000000000000320e+00 3.069999999999999840e+00
2.500000000000000000e+00 4.120000000000000107e+00 3.859999999999999876e+00 2.229999999999999982e+00 -1.000000000000000000e+00 4.540000000000000036e+00 3.459999999999999964e+00 -1.000000000000000000e+00 5.339999999999999858e+00 3.060000000000000053e+00
2.529999999999999805e+00 4.080000000000000071e+00 3.870000000000000107e+00 2.250000000000000000e+00 -1.000000000000000000e+00 4.570000000000000284e+00 3.450000000000000178e+00 -1.000000000000000000e+00 5.400000000000000355e+00 3.089999999999999858e+00
2.509999999999999787e+00 4.080000000000000071e+00 3.919999999999999929e+00 2.250000000000000000e+00 -1.000000000000000000e+00 4.530000000000000249e+00 3.430000000000000160e+00 -1.000000000000000000e+00 5.370000000000000107e+00 3.080000000000000071e+00
2.520000000000000018e+00 4.099999999999999645e+00 3.890000000000000124e+00 2.240000000000000213e+00 -1.000000000000000000e+00 4.549999999999999822e+00 3.470000000000000195e+00 -1.000000000000000000e+00 5.370000000000000107e+00 3.029999999999999805e+00
2.540000000000000036e+00 4.099999999999999645e+00 3.899999999999999911e+00 2.250000000000000000e+00 -1.000000000000000000e+00 4.480000000000000426e+00 3.450000000000000178e+00 -1.000000000000000000e+00 5.330000000000000071e+00 3.109999999999999876e+00
2.509999999999999787e+00 4.139999999999999680e+00 3.910000000000000142e+00 2.240000000000000213e+00 -1.000000000000000000e+00 4.509999999999999787e+00 3.439999999999999947e+00 -1.000000000000000000e+00 5.400000000000000355e+00 3.049999999999999822e+00
2.500000000000000000e+00 4.080000000000000071e+00 3.580000000000000071e+00 2.259999999999999787e+00 -1.000000000000000000e+00 4.559999999999999609e+00 3.410000000000000142e+00 -1.000000000000000000e+00 5.400000000000000355e+00 3.060000000000000053e+00
2.490000000000000213e+00 4.139999999999999680e+00 4.089999999999999858e+00 2.259999999999999787e+00 -1.000000000000000000e+00 4.530000000000000249e+00 3.500000000000000000e+00 -1.000000000000000000e+00 5.379999999999999893e+00 3.069999999999999840e+00
2.490000000000000213e+00 4.019999999999999574e+00 3.939999999999999947e+00 2.229999999999999982e+00 -1.000000000000000000e+00 4.490000000000000213e+00 3.490000000000000213e+00 -1.000000000000000000e+00 5.349999999999999645e+00 3.069999999999999840e+00
2.520000000000000018e+00 4.110000000000000320e+00 3.919999999999999929e+00 2.220000000000000195e+00 -1.000000000000000000e+00 4.679999999999999716e+00 3.419999999999999929e+00 -1.000000000000000000e+00 5.370000000000000107e+00 3.069999999999999840e+00
2.520000000000000018e+00 4.110000000000000320e+00 3.799999999999999822e+00 2.250000000000000000e+00 -1.000000000000000000e+00 4.519999999999999574e+00 3.470000000000000195e+00 -1.000000000000000000e+00 5.400000000000000355e+00 3.080000000000000071e+00
2.540000000000000036e+00 4.080000000000000071e+00 3.830000000000000071e+00 2.270000000000000018e+00 -1.000000000000000000e+00 4.500000000000000000e+00 3.470000000000000195e+00 -1.000000000000000000e+00 5.370000000000000107e+00 3.100000000000000089e+00
2.490000000000000213e+00 4.099999999999999645e+00 3.879999999999999893e+00 2.220000000000000195e+00 -1.000000000000000000e+00 4.540000000000000036e+00 3.459999999999999964e+00 -1.000000000000000000e+00 5.320000000000000284e+00 3.049999999999999822e+00
2.520000000000000018e+00 4.089999999999999858e+00 3.930000000000000160e+00 2.250000000000000000e+00 -1.000000000000000000e+00 4.509999999999999787e+00 3.439999999999999947e+00 -1.000000000000000000e+00 5.330000000000000071e+00 3.040000000000000036e+00
2.479999999999999982e+00 4.059999999999999609e+00 3.859999999999999876e+00 2.250000000000000000e+00 -1.000000000000000000e+00 4.589999999999999858e+00 3.450000000000000178e+00 -1.000000000000000000e+00 5.360000000000000320e+00 3.049999999999999822e+00
2.560000000000000053e+00 4.059999999999999609e+00 3.819999999999999840e+00 2.259999999999999787e+00 -1.000000000000000000e+00 4.580000000000000071e+00 3.410000000000000142e+00 -1.000000000000000000e+00 5.360000000000000320e+00 3.069999999999999840e+00
2.509999999999999787e+00 4.129999999999999893e+00 3.850000000000000089e+00 2.279999999999999805e+00 -1.000000000000000000e+00 4.589999999999999858e+00 3.490000000000000213e+00 -1.000000000000000000e+00 5.339999999999999858e+00 3.040000000000000036e+00
2.490000000000000213e+00 4.089999999999999858e+00 3.890000000000000124e+00 2.290000000000000036e+00 -1.000000000000000000e+00 4.599999999999999645e+00 3.450000000000000178e+00 -1.000000000000000000e+00 5.360000000000000320e+00 3.080000000000000071e+00
2.459999999999999964e+00 4.139999999999999680e+00 3.830000000000000071e+00 2.299999999999999822e+00 -1.000000000000000000e+00 4.610000000000000320e+00 3.470000000000000195e+00 -1.000000000000000000e+00 5.370000000000000107e+00 3.100000000000000089e+00
2.520000000000000018e+00 4.089999999999999858e+00 3.839999999999999858e+00 2.279999999999999805e+00 -1.000000000000000000e+00 4.540000000000000036e+00 3.459999999999999964e+00 -1.000000000000000000e+00 5.330000000000000071e+00 3.080000000000000071e+00
2.580000000000000071e+00 4.110000000000000320e+00 3.859999999999999876e+00 2.209999999999999964e+00 -1.000000000000000000e+00 4.599999999999999645e+00 3.479999999999999982e+00 -1.000000000000000000e+00 5.360000000000000320e+00 3.100000000000000089e+00
2.529999999999999805e+00 4.110000000000000320e+00 3.859999999999999876e+00 2.250000000000000000e+00 -1.000000000000000000e+00 4.580000000000000071e+00 3.439999999999999947e+00 -1.000000000000000000e+00 5.370000000000000107e+00 3.060000000000000053e+00
2.569999999999999840e+00 4.169999999999999929e+00 3.839999999999999858e+00 2.279999999999999805e+00 -1.000000000000000000e+00 4.519999999999999574e+00 3.479999999999999982e+00 -1.000000000000000000e+00 5.349999999999999645e+00 3.089999999999999858e+00
2.529999999999999805e+00 4.139999999999999680e+00 3.859999999999999876e+00 2.250000000000000000e+00 -1.000000000000000000e+00 4.519999999999999574e+00 3.439999999999999947e+00 -1.000000000000000000e+00 5.330000000000000071e+00 3.080000000000000071e+00
2.459999999999999964e+00 4.059999999999999609e+00 3.839999999999999858e+00 2.279999999999999805e+00 -1.000000000000000000e+00 4.559999999999999609e+00 3.470000000000000195e+00 -1.000000000000000000e+00 5.330000000000000071e+00 3.049999999999999822e+00
2.549999999999999822e+00 4.080000000000000071e+00 3.839999999999999858e+00 2.259999999999999787e+00 -1.000000000000000000e+00 4.580000000000000071e+00 3.419999999999999929e+00 -1.000000000000000000e+00 5.349999999999999645e+00 3.109999999999999876e+00
2.560000000000000053e+00 4.099999999999999645e+00 3.830000000000000071e+00 2.220000000000000195e+00 -1.000000000000000000e+00 4.599999999999999645e+00 3.439999999999999947e+00 -1.000000000000000000e+00 5.349999999999999645e+00 3.049999999999999822e+00
2.540000000000000036e+00 4.089999999999999858e+00 3.850000000000000089e+00 2.220000000000000195e+00 -1.000000000000000000e+00 4.530000000000000249e+00 3.470000000000000195e+00 -1.000000000000000000e+00 5.389999999999999680e+00 3.040000000000000036e+00
2.509999999999999787e+00 4.089999999999999858e+00 3.859999999999999876e+00 2.250000000000000000e+00 -1.000000000000000000e+00 4.509999999999999787e+00 3.490000000000000213e+00 -1.000000000000000000e+00 5.370000000000000107e+00 3.100000000000000089e+00
2.500000000000000000e+00 4.070000000000000284e+00 3.859999999999999876e+00 2.229999999999999982e+00 -1.000000000000000000e+00 4.480000000000000426e+00 3.459999999999999964e+00 -1.000000000000000000e+00 5.389999999999999680e+00 3.069999999999999840e+00
2.479999999999999982e+00 4.120000000000000107e+00 3.859999999999999876e+00 2.220000000000000195e+00 -1.000000000000000000e+00 4.580000000000000071e+00 3.430000000000000160e+00 -1.000000000000000000e+00 5.379999999999999893e+00 3.109999999999999876e+00
2.569999999999999840e+00 4.139999999999999680e+00 3.939999999999999947e+00 2.250000000000000000e+00 -1.000000000000000000e+00 4.469999999999999751e+00 3.479999999999999982e+00 -1.000000000000000000e+00 5.309999999999999609e+00 3.040000000000000036e+00
2.569999999999999840e+00 4.080000000000000071e+00 3.870000000000000107e+00 2.229999999999999982e+00 -1.000000000000000000e+00 4.530000000000000249e+00 3.430000000000000160e+00 -1.000000000000000000e+00 5.349999999999999645e+00 3.049999999999999822e+00
2.500000000000000000e+00 4.080000000000000071e+00 3.870000000000000107e+00 2.279999999999999805e+00 -1.000000000000000000e+00 4.530000000000000249e+00 3.479999999999999982e+00 -1.000000000000000000e+00 5.360000000000000320e+00 3.080000000000000071e+00
2.500000000000000000e+00 4.099999999999999645e+00 3.890000000000000124e+00 2.240000000000000213e+00 -1.000000000000000000e+00 4.629999999999999893e+00 3.439999999999999947e+00 -1.000000000000000000e+00 5.379999999999999893e+00 3.029999999999999805e+00
2.490000000000000213e+00 4.089999999999999858e+00 3.879999999999999893e+00 2.240000000000000213e+00 -1.000000000000000000e+00 4.530000000000000249e+00 -1.000000000000000000e+00 -1.000000000000000000e+00 5.349999999999999645e+00 3.060000000000000053e+00
2.490000000000000213e+00 4.080000000000000071e+00 3.859999999999999876e+00 2.250000000000000000e+00 -1.000000000000000000e+00 -1.000000000000000000e+00 3.479999999999999982e+00 4.540000000000000036e+00 5.379999999999999893e+00 3.109999999999999876e+00
2.540000000000000036e+00 4.139999999999999680e+00 3.899999999999999911e+00 2.310000000000000053e+00 -1.000000000000000000e+00 -1.000000000000000000e+00 3.430000000000000160e+00 4.519999999999999574e+00 5.400000000000000355e+00 3.109999999999999876e+00
2.500000000000000000e+00 4.089999999999999858e+00 3.910000000000000142e+00 2.270000000000000018e+00 -1.000000000000000000e+00 -1.000000000000000000e+00 3.370000000000000107e+00 4.530000000000000249e+00 5.389999999999999680e+00 3.020000000000000018e+00
2.500000000000000000e+00 4.059999999999999609e+00 3.919999999999999929e+00 2.229999999999999982e+00 -1.000000000000000000e+00 -1.000000000000000000e+00 3.470000000000000195e+00 4.599999999999999645e+00 5.379999999999999893e+00 3.060000000000000053e+00
2.509999999999999787e+00 4.120000000000000107e+00 3.850000000000000089e+00 2.250000000000000000e+00 -1.000000000000000000e+00 -1.000000000000000000e+00 3.459999999999999964e+00 4.629999999999999893e+00 5.410000000000000142e+00 3.060000000000000053e+00
2.520000000000000018e+00 4.139999999999999680e+00 3.799999999999999822e+00 2.290000000000000036e+00 -1.000000000000000000e+00 -1.000000000000000000e+00 3.450000000000000178e+00 4.620000000000000107e+00 5.370000000000000107e+00 3.029999999999999805e+00
2.509999999999999787e+00 4.139999999999999680e+00 3.899999999999999911e+00 2.279999999999999805e+00 -1.000000000000000000e+00 -1.000000000000000000e+00 3.450000000000000178e+00 4.669999999999999929e+00 5.339999999999999858e+00 3.080000000000000071e+00
2.529999999999999805e+00 4.059999999999999609e+00 3.870000000000000107e+00 2.229999999999999982e+00 -1.000000000000000000e+00 -1.000000000000000000e+00 3.459999999999999964e+00 4.469999999999999751e+00 5.349999999999999645e+00 3.109999999999999876e+00
2.520000000000000018e+00 4.089999999999999858e+00 3.779999999999999805e+00 2.240000000000000213e+00 -1.000000000000000000e+00 -1.000000000000000000e+00 3.450000000000000178e+00 4.580000000000000071e+00 5.379999999999999893e+00 3.049999999999999822e+00
2.459999999999999964e+00 4.160000000000000142e+00 3.810000000000000053e+00 2.229999999999999982e+00 -1.000000000000000000e+00 -1.000000000000000000e+00 3.450000000000000178e+00 4.549999999999999822e+00 5.339999999999999858e+00 3.069999999999999840e+00
2.509999999999999787e+00 4.099999999999999645e+00 3.819999999999999840e+00 2.200000000000000178e+00 -1.000000000000000000e+00 -1.000000000000000000e+00 3.439999999999999947e+00 4.679999999999999716e+00 5.410000000000000142e+00 3.069999999999999840e+00
2.490000000000000213e+00 4.200000000000000178e+00 3.830000000000000071e+00 2.270000000000000018e+00 -1.000000000000000000e+00 -1.000000000000000000e+00 3.490000000000000213e+00 4.509999999999999787e+00 5.339999999999999858e+00 3.080000000000000071e+00
2.569999999999999840e+00 4.000000000000000000e+00 3.870000000000000107e+00 2.259999999999999787e+00 -1.000000000000000000e+00 -1.000000000000000000e+00 3.490000000000000213e+00 4.490000000000000213e+00 5.339999999999999858e+00 3.100000000000000089e+00
2.529999999999999805e+00 4.139999999999999680e+00 3.859999999999999876e+00 -1.000000000000000000e+00 -1.000000000000000000e+00 -1.000000000000000000e+00 3.500000000000000000e+00 4.519999999999999574e+00 5.419999999999999929e+00 3.049999999999999822e+00
2.430000000000000160e+00 4.129999999999999893e+00 3.850000000000000089e+00 2.220000000000000195e+00 -1.000000000000000000e+00 -1.000000000000000000e+00 3.459999999999999964e+00 4.570000000000000284e+00 5.410000000000000142e+00 3.080000000000000071e+00
2.509999999999999787e+00 4.080000000000000071e+00 3.899999999999999911e+00 2.200000000000000178e+00 -1.000000000000000000e+00 -1.000000000000000000e+00 3.450000000000000178e+00 4.559999999999999609e+00 5.389999999999999680e+00 3.060000000000000053e+00
2.450000000000000178e+00 4.139999999999999680e+00 3.850000000000000089e+00 2.229999999999999982e+00 -1.000000000000000000e+00 -1.000000000000000000e+00 3.410000000000000142e+00 4.540000000000000036e+00 5.360000000000000320e+00 3.080000000000000071e+00
2.520000000000000018e+00 4.099999999999999645e+00 3.830000000000000071e+00 2.250000000000000000e+00 -1.000000000000000000e+00 -1.000000000000000000e+00 3.500000000000000000e+00 4.570000000000000284e+00 5.360000000000000320e+00 3.089999999999999858e+00
2.520000000000000018e+00 4.120000000000000107e+00 3.879999999999999893e+00 2.240000000000000213e+00 -1.000000000000000000e+00 -1.000000000000000000e+00 3.450000000000000178e+00 4.589999999999999858e+00 5.389999999999999680e+00 3.049999999999999822e+00
2.479999999999999982e+00 4.049999999999999822e+00 3.830000000000000071e+00 2.220000000000000195e+00 -1.000000000000000000e+00 -1.000000000000000000e+00 3.410000000000000142e+00 4.559999999999999609e+00 5.389999999999999680e+00 3.080000000000000071e+00
2.459999999999999964e+00 4.070000000000000284e+00 3.830000000000000071e+00 2.229999999999999982e+00 -1.000000000000000000e+00 -1.000000000000000000e+00 3.430000000000000160e+00 4.530000000000000249e+00 5.379999999999999893e+00 3.060000000000000053e+00
2.500000000000000000e+00 4.080000000000000071e+00 3.819999999999999840e+00 2.220000000000000195e+00 -1.000000000000000000e+00 -1.000000000000000000e+00 3.470000000000000195e+00 4.570000000000000284e+00 5.389999999999999680e+00 3.049999999999999822e+00
2.509999999999999787e+00 4.139999999999999680e+00 3.770000000000000018e+00 2.270000000000000018e+00 -1.000000000000000000e+00 -1.000000000000000000e+00 3.430000000000000160e+00 4.459999999999999964e+00 5.349999999999999645e+00 3.100000000000000089e+00
2.500000000000000000e+00 4.150000000000000355e+00 3.970000000000000195e+00 2.220000000000000195e+00 -1.000000000000000000e+00 -1.000000000000000000e+00 3.479999999999999982e+00 4.410000000000000142e+00 5.389999999999999680e+00 3.040000000000000036e+00
2.529999999999999805e+00 4.190000000000000391e+00 3.879999999999999893e+00 2.229999999999999982e+00 -1.000000000000000000e+00 -1.000000000000000000e+00 3.430000000000000160e+00 4.570000000000000284e+00 5.360000000000000320e+00 3.060000000000000053e+00
2.520000000000000018e+00 4.179999999999999716e+00 3.810000000000000053e+00 2.220000000000000195e+00 -1.000000000000000000e+00 -1.000000000000000000e+00 3.430000000000000160e+00 4.599999999999999645e+00 5.400000000000000355e+00 3.080000000000000071e+00
2.509999999999999787e+00 4.089999999999999858e+00 3.790000000000000036e+00 2.299999999999999822e+00 -1.000000000000000000e+00 -1.000000000000000000e+00 3.470000000000000195e+00 4.549999999999999822e+00 5.379999999999999893e+00 3.069999999999999840e+00
2.569999999999999840e+00 4.139999999999999680e+00 3.850000000000000089e+00 2.270000000000000018e+00 -1.000000000000000000e+00 -1.000000000000000000e+00 3.419999999999999929e+00 4.589999999999999858e+00 5.330000000000000071e+00 3.040000000000000036e+00
2.500000000000000000e+00 4.160000000000000142e+00 3.850000000000000089e+00 2.259999999999999787e+00 -1.000000000000000000e+00 -1.000000000000000000e+00 3.490000000000000213e+00 4.540000000000000036e+00 5.400000000000000355e+00 3.069999999999999840e+00
2.560000000000000053e+00 4.120000000000000107e+00 3.810000000000000053e+00 2.259999999999999787e+00 -1.000000000000000000e+00 -1.000000000000000000e+00 3.479999999999999982e+00 4.559999999999999609e+00 5.379999999999999893e+00 3.040000000000000036e+00
2.479999999999999982e+00 4.099999999999999645e+00 3.770000000000000018e+00 2.250000000000000000e+00 -1.000000000000000000e+00 -1.000000000000000000e+00 3.439999999999999947e+00 4.530000000000000249e+00 5.370000000000000107e+00 3.100000000000000089e+00
2.549999999999999822e+00 4.080000000000000071e+00 3.819999999999999840e+00 2.240000000000000213e+00 -1.000000000000000000e+00 -1.000000000000000000e+00 3.459999999999999964e+00 4.459999999999999964e+00 5.349999999999999645e+00 3.029999999999999805e+00
2.509999999999999787e+00 4.139999999999999680e+00 3.879999999999999893e+00 2.220000000000000195e+00 -1.000000000000000000e+00 -1.000000000000000000e+00 3.509999999999999787e+00 4.519999999999999574e+00 5.360000000000000320e+00 3.060000000000000053e+00
2.520000000000000018e+00 4.059999999999999609e+00 3.930000000000000160e+00 2.229999999999999982e+00 -1.000000000000000000e+00 -1.000000000000000000e+00 3.430000000000000160e+00 4.589999999999999858e+00 5.330000000000000071e+00 3.060000000000000053e+00
2.490000000000000213e+00 4.129999999999999893e+00 3.959999999999999964e+00 2.240000000000000213e+00 -1.000000000000000000e+00 -1.000000000000000000e+00 3.450000000000000178e+00 4.400000000000000355e+00 5.400000000000000355e+00 3.089999999999999858e+00
2.500000000000000000e+00 4.080000000000000071e+00 3.870000000000000107e+00 2.220000000000000195e+00 -1.000000000000000000e+00 -1.000000000000000000e+00 3.419999999999999929e+00 4.530000000000000249e+00 5.389999999999999680e+00 3.069999999999999840e+00
2.439999999999999947e+00 4.110000000000000320e+00 3.930000000000000160e+00 2.250000000000000000e+00 -1.000000000000000000e+00 -1.000000000000000000e+00 3.459999999999999964e+00 4.519999999999999574e+00 5.370000000000000107e+00 3.069999999999999840e+00
2.529999999999999805e+00 4.070000000000000284e+00 3.979999999999999982e+00 2.250000000000000000e+00 -1.000000000000000000e+00 -1.000000000000000000e+00 -1.000000000000000000e+00 4.500000000000000000e+00 5.419999999999999929e+00 3.009999999999999787e+00
2.490000000000000213e+00 4.000000000000000000e+00 4.019999999999999574e+00 2.209999999999999964e+00 -1.000000000000000000e+00 -1.000000000000000000e+00 3.500000000000000000e+00 4.610000000000000320e+00 5.349999999999999645e+00 3.049999999999999822e+00
2.459999999999999964e+00 4.150000000000000355e+00 4.000000000000000000e+00 2.270000000000000018e+00 -1.000000000000000000e+00 -1.000000000000000000e+00 3.479999999999999982e+00 4.570000000000000284e+00 5.339999999999999858e+00 3.060000000000000053e+00
2.500000000000000000e+00 4.129999999999999893e+00 3.930000000000000160e+00 2.270000000000000018e+00 -1.000000000000000000e+00 -1.000000000000000000e+00 3.470000000000000195e+00 4.530000000000000249e+00 5.379999999999999893e+00 3.040000000000000036e+00
2.509999999999999787e+00 4.059999999999999609e+00 3.959999999999999964e+00 2.259999999999999787e+00 -1.000000000000000000e+00 -1.000000000000000000e+00 3.430000000000000160e+00 4.500000000000000000e+00 5.370000000000000107e+00 3.100000000000000089e+00
2.540000000000000036e+00 4.129999999999999893e+00 3.970000000000000195e+00 2.240000000000000213e+00 -1.000000000000000000e+00 -1.000000000000000000e+00 3.459999999999999964e+00 4.669999999999999929e+00 5.379999999999999893e+00 3.049999999999999822e+00
2.509999999999999787e+00 4.049999999999999822e+00 4.040000000000000036e+00 2.240000000000000213e+00 -1.000000000000000000e+00 -1.000000000000000000e+00 3.430000000000000160e+00 4.500000000000000000e+00 5.379999999999999893e+00 3.120000000000000107e+00
2.549999999999999822e+00 4.150000000000000355e+00 3.939999999999999947e+00 2.229999999999999982e+00 -1.000000000000000000e+00 -1.000000000000000000e+00 3.500000000000000000e+00 4.559999999999999609e+00 5.400000000000000355e+00 3.089999999999999858e+00
2.529999999999999805e+00 4.179999999999999716e+00 3.990000000000000213e+00 2.270000000000000018e+00 -1.000000000000000000e+00 -1.000000000000000000e+00 3.490000000000000213e+00 4.589999999999999858e+00 5.349999999999999645e+00 3.089999999999999858e+00
2.520000000000000018e+00 4.049999999999999822e+00 3.990000000000000213e+00 2.279999999999999805e+00 -1.000000000000000000e+00 -1.000000000000000000e+00 3.459999999999999964e+00 4.549999999999999822e+00 5.360000000000000320e+00 3.040000000000000036e+00
2.509999999999999787e+00 4.089999999999999858e+00 3.950000000000000178e+00 2.220000000000000195e+00 -1.000000000000000000e+00 -1.000000000000000000e+00 3.459999999999999964e+00 4.589999999999999858e+00 5.410000000000000142e+00 3.109999999999999876e+00
2.520000000000000018e+00 4.150000000000000355e+00 3.950000000000000178e+00 2.270000000000000018e+00 -1.000000000000000000e+00 -1.000000000000000000e+00 3.459999999999999964e+00 4.530000000000000249e+00 5.370000000000000107e+00 3.040000000000000036e+00
2.549999999999999822e+00 4.150000000000000355e+00 3.979999999999999982e+00 2.229999999999999982e+00 -1.000000000000000000e+00 -1.000000000000000000e+00 3.450000000000000178e+00 4.490000000000000213e+00 5.349999999999999645e+00 3.100000000000000089e+00
2.500000000000000000e+00 4.049999999999999822e+00 3.970000000000000195e+00 2.250000000000000000e+00 -1.000000000000000000e+00 -1.000000000000000000e+00 3.419999999999999929e+00 4.559999999999999609e+00 5.370000000000000107e+00 3.060000000000000053e+00
2.490000000000000213e+00 4.110000000000000320e+00 4.030000000000000249e+00 2.259999999999999787e+00 -1.000000000000000000e+00 -1.000000000000000000e+00 -1.000000000000000000e+00 4.559999999999999609e+00 5.360000000000000320e+00 3.109999999999999876e+00
2.490000000000000213e+00 4.139999999999999680e+00 4.009999999999999787e+00 2.209999999999999964e+00 -1.000000000000000000e+00 -1.000000000000000000e+00 3.390000000000000124e+00 4.540000000000000036e+00 5.419999999999999929e+00 3.069999999999999840e+00
2.490000000000000213e+00 4.120000000000000107e+00 3.950000000000000178e+00 2.250000000000000000e+00 -1.000000000000000000e+00 -1.000000000000000000e+00 3.459999999999999964e+00 4.519999999999999574e+00 5.360000000000000320e+00 3.049999999999999822e+00
2.490000000000000213e+00 4.080000000000000071e+00 3.990000000000000213e+00 2.250000000000000000e+00 -1.000000000000000000e+00 -1.000000000000000000e+00 3.470000000000000195e+00 4.570000000000000284e+00 5.400000000000000355e+00 3.049999999999999822e+00
2.509999999999999787e+00 4.089999999999999858e+00 4.009999999999999787e+00 2.229999999999999982e+00 -1.000000000000000000e+00 -1.000000000000000000e+00 3.470000000000000195e+00 4.570000000000000284e+00 5.389999999999999680e+00 3.080000000000000071e+00
2.509999999999999787e+00 4.080000000000000071e+00 4.030000000000000249e+00 2.220000000000000195e+00 -1.000000000000000000e+00 -1.000000000000000000e+00 3.509999999999999787e+00 4.500000000000000000e+00 5.339999999999999858e+00 3.100000000000000089e+00
2.500000000000000000e+00 4.160000000000000142e+00 3.979999999999999982e+00 2.209999999999999964e+00 -1.000000000000000000e+00 -1.000000000000000000e+00 3.490000000000000213e+00 4.540000000000000036e+00 5.379999999999999893e+00 3.109999999999999876e+00
