-1.000000000000000000e+00 -1.000000000000000000e+00 -1.000000000000000000e+00 -1.000000000000000000e+00 -1.000000000000000000e+00 -1.000000000000000000e+00 -1.000000000000000000e+00 -1.000000000000000000e+00 -1.000000000000000000e+00 -1.000000000000000000e+00
-1.000000000000000000e+00 3.680000000000000160e+00 7.429999999999999716e+00 6.969999999999999751e+00 4.639999999999999680e+00 8.589999999999999858e+00 7.910000000000000142e+00 -1.000000000000000000e+00 3.020000000000000018e+00 5.400000000000000355e+00
-1.000000000000000000e+00 3.680000000000000160e+00 7.330000000000000071e+00 7.030000000000000249e+00 4.690000000000000391e+00 8.570000000000000284e+00 7.860000000000000320e+00 -1.000000000000000000e+00 3.000000000000000000e+00 5.370000000000000107e+00
-1.000000000000000000e+00 3.709999999999999964e+00 7.429999999999999716e+00 7.059999999999999609e+00 4.660000000000000142e+00 8.589999999999999858e+00 7.870000000000000107e+00 -1.000000000000000000e+00 3.069999999999999840e+00 5.360000000000000320e+00
-1.000000000000000000e+00 3.700000000000000178e+00 7.469999999999999751e+00 6.990000000000000213e+00 4.679999999999999716e+00 8.580000000000000071e+00 7.839999999999999858e+00 -1.000000000000000000e+00 3.089999999999999858e+00 5.349999999999999645e+00
-1.000000000000000000e+00 3.589999999999999858e+00 7.429999999999999716e+00 7.040000000000000036e+00 4.679999999999999716e+00 8.560000000000000497e+00 7.879999999999999893e+00 -1.000000000000000000e+00 3.049999999999999822e+00 5.389999999999999680e+00
-1.000000000000000000e+00 3.649999999999999911e+00 7.320000000000000284e+00 7.000000000000000000e+00 4.690000000000000391e+00 8.589999999999999858e+00 7.910000000000000142e+00 -1.000000000000000000e+00 3.009999999999999787e+00 5.389999999999999680e+00
-1.000000000000000000e+00 3.689999999999999947e+00 7.410000000000000142e+00 7.000000000000000000e+00 4.679999999999999716e+00 8.539999999999999147e+00 7.849999999999999645e+00 -1.000000000000000000e+00 3.060000000000000053e+00 5.389999999999999680e+00
-1.000000000000000000e+00 3.680000000000000160e+00 7.429999999999999716e+00 7.030000000000000249e+00 4.679999999999999716e+00 8.580000000000000071e+00 7.839999999999999858e+00 -1.000000000000000000e+00 3.069999999999999840e+00 5.379999999999999893e+00
-1.000000000000000000e+00 3.709999999999999964e+00 7.490000000000000213e+00 7.030000000000000249e+00 4.679999999999999716e+00 8.539999999999999147e+00 7.849999999999999645e+00 -1.000000000000000000e+00 3.080000000000000071e+00 5.370000000000000107e+00
-1.000000000000000000e+00 3.729999999999999982e+00 7.450000000000000178e+00 6.990000000000000213e+00 4.679999999999999716e+00 8.519999999999999574e+00 7.860000000000000320e+00 -1.000000000000000000e+00 -1.000000000000000000e+00 5.389999999999999680e+00
-1.000000000000000000e+00 3.600000000000000089e+00 7.389999999999999680e+00 6.990000000000000213e+00 4.700000000000000178e+00 8.539999999999999147e+00 -1.000000000000000000e+00 -1.000000000000000000e+00 3.029999999999999805e+00 5.360000000000000320e+00
-1.000000000000000000e+00 3.660000000000000142e+00 7.490000000000000213e+00 7.000000000000000000e+00 4.730000000000000426e+00 8.580000000000000071e+00 7.809999999999999609e+00 -1.000000000000000000e+00 3.040000000000000036e+00 5.459999999999999964e+00
-1.000000000000000000e+00 3.620000000000000107e+00 7.490000000000000213e+00 6.969999999999999751e+00 4.700000000000000178e+00 8.609999999999999432e+00 7.849999999999999645e+00 -1.000000000000000000e+00 3.040000000000000036e+00 5.400000000000000355e+00
-1.000000000000000000e+00 3.649999999999999911e+00 7.450000000000000178e+00 7.009999999999999787e+00 4.669999999999999929e+00 8.570000000000000284e+00 7.830000000000000071e+00 -1.000000000000000000e+00 3.040000000000000036e+00 5.400000000000000355e+00
-1.000000000000000000e+00 3.640000000000000124e+00 7.379999999999999893e+00 7.009999999999999787e+00 4.669999999999999929e+00 8.560000000000000497e+00 7.839999999999999858e+00 -1.000000000000000000e+00 3.060000000000000053e+00 5.339999999999999858e+00
-1.000000000000000000e+00 3.609999999999999876e+00 7.459999999999999964e+00 7.009999999999999787e+00 4.690000000000000391e+00 8.589999999999999858e+00 7.769999999999999574e+00 -1.000000000000000000e+00 3.109999999999999876e+00 5.360000000000000320e+00
-1.000000000000000000e+00 3.700000000000000178e+00 7.410000000000000142e+00 6.900000000000000355e+00 4.620000000000000107e+00 8.470000000000000639e+00 7.830000000000000071e+00 -1.000000000000000000e+00 3.049999999999999822e+00 5.450000000000000178e+00
-1.000000000000000000e+00 3.640000000000000124e+00 7.410000000000000142e+00 6.980000000000000426e+00 4.690000000000000391e+00 8.550000000000000711e+00 7.860000000000000320e+00 -1.000000000000000000e+00 3.029999999999999805e+00 5.349999999999999645e+00
-1.000000000000000000e+00 3.669999999999999929e+00 7.429999999999999716e+00 7.009999999999999787e+00 4.629999999999999893e+00 8.580000000000000071e+00 7.900000000000000355e+00 -1.000000000000000000e+00 3.040000000000000036e+00 5.389999999999999680e+00
-1.000000000000000000e+00 3.609999999999999876e+00 7.429999999999999716e+00 6.929999999999999716e+00 4.650000000000000355e+00 8.580000000000000071e+00 7.879999999999999893e+00 -1.000000000000000000e+00 3.029999999999999805e+00 5.389999999999999680e+00
-1.000000000000000000e+00 3.689999999999999947e+00 7.389999999999999680e+00 6.950000000000000178e+00 4.610000000000000320e+00 8.660000000000000142e+00 7.799999999999999822e+00 -1.000000000000000000e+00 3.009999999999999787e+00 5.389999999999999680e+00
-1.000000000000000000e+00 3.620000000000000107e+00 7.440000000000000391e+00 6.929999999999999716e+00 4.610000000000000320e+00 8.550000000000000711e+00 7.830000000000000071e+00 -1.000000000000000000e+00 3.109999999999999876e+00 5.349999999999999645e+00
-1.000000000000000000e+00 3.680000000000000160e+00 7.370000000000000107e+00 6.929999999999999716e+00 4.610000000000000320e+00 8.589999999999999858e+00 7.839999999999999858e+00 -1.000000000000000000e+00 3.080000000000000071e+00 5.429999999999999716e+00
-1.000000000000000000e+00 3.640000000000000124e+00 7.400000000000000355e+00 6.919999999999999929e+00 4.629999999999999893e+00 8.509999999999999787e+00 7.870000000000000107e+00 -1.000000000000000000e+00 3.029999999999999805e+00 5.419999999999999929e+00
-1.000000000000000000e+00 3.720000000000000195e+00 7.419999999999999929e+00 6.969999999999999751e+00 4.599999999999999645e+00 8.599999999999999645e+00 7.870000000000000107e+00 -1.000000000000000000e+00 3.000000000000000000e+00 5.339999999999999858e+00
-1.000000000000000000e+00 3.680000000000000160e+00 7.330000000000000071e+00 6.990000000000000213e+00 4.639999999999999680e+00 8.550000000000000711e+00 7.860000000000000320e+00 -1.000000000000000000e+00 3.029999999999999805e+00 5.410000000000000142e+00
-1.000000000000000000e+00 3.629999999999999893e+00 7.400000000000000355e+00 6.900000000000000355e+00 4.610000000000000320e+00 8.550000000000000711e+00 7.820000000000000284e+00 -1.000000000000000000e+00 2.990000000000000213e+00 5.389999999999999680e+00
-1.000000000000000000e+00 3.649999999999999911e+00 7.480000000000000426e+00 7.000000000000000000e+00 4.620000000000000107e+00 8.650000000000000355e+00 7.929999999999999716e+00 -1.000000000000000000e+00 3.069999999999999840e+00 5.379999999999999893e+00
-1.000000000000000000e+00 3.649999999999999911e+00 7.459999999999999964e+00 6.900000000000000355e+00 4.599999999999999645e+00 8.609999999999999432e+00 7.860000000000000320e+00 -1.000000000000000000e+00 3.040000000000000036e+00 5.360000000000000320e+00
-1.000000000000000000e+00 3.600000000000000089e+00 7.410000000000000142e+00 6.940000000000000391e+00 4.669999999999999929e+00 8.550000000000000711e+00 7.929999999999999716e+00 -1.000000000000000000e+00 3.009999999999999787e+00 5.379999999999999893e+00
-1.000000000000000000e+00 3.689999999999999947e+00 7.370000000000000107e+00 7.019999999999999574e+00 4.709999999999999964e+00 8.619999999999999218e+00 7.910000000000000142e+00 -1.000000000000000000e+00 3.060000000000000053e+00 5.389999999999999680e+00
-1.000000000000000000e+00 3.640000000000000124e+00 7.429999999999999716e+00 7.089999999999999858e+00 4.809999999999999609e+00 8.560000000000000497e+00 7.910000000000000142e+00 -1.000000000000000000e+00 3.049999999999999822e+00 5.419999999999999929e+00
-1.000000000000000000e+00 3.640000000000000124e+00 7.419999999999999929e+00 7.099999999999999645e+00 4.790000000000000036e+00 8.630000000000000782e+00 7.860000000000000320e+00 -1.000000000000000000e+00 3.020000000000000018e+00 5.349999999999999645e+00
-1.000000000000000000e+00 3.640000000000000124e+00 7.429999999999999716e+00 6.969999999999999751e+00 4.709999999999999964e+00 8.560000000000000497e+00 7.839999999999999858e+00 -1.000000000000000000e+00 3.000000000000000000e+00 5.400000000000000355e+00
-1.000000000000000000e+00 3.649999999999999911e+00 7.370000000000000107e+00 7.009999999999999787e+00 4.709999999999999964e+00 8.509999999999999787e+00 7.839999999999999858e+00 -1.000000000000000000e+00 3.040000000000000036e+00 5.360000000000000320e+00
-1.000000000000000000e+00 3.640000000000000124e+00 7.349999999999999645e+00 6.969999999999999751e+00 4.700000000000000178e+00 8.550000000000000711e+00 7.820000000000000284e+00 -1.000000000000000000e+00 3.040000000000000036e+00 5.379999999999999893e+00
-1.000000000000000000e+00 3.660000000000000142e+00 7.450000000000000178e+00 7.049999999999999822e+00 4.690000000000000391e+00 8.539999999999999147e+00 7.790000000000000036e+00 -1.000000000000000000e+00 3.069999999999999840e+00 5.389999999999999680e+00
-1.000000000000000000e+00 3.669999999999999929e+00 7.429999999999999716e+00 7.000000000000000000e+00 4.709999999999999964e+00 8.710000000000000853e+00 7.820000000000000284e+00 -1.000000000000000000e+00 3.080000000000000071e+00 5.360000000000000320e+00
-1.000000000000000000e+00 3.580000000000000071e+00 7.410000000000000142e+00 7.110000000000000320e+00 4.709999999999999964e+00 8.480000000000000426e+00 7.879999999999999893e+00 -1.000000000000000000e+00 3.009999999999999787e+00 5.400000000000000355e+00
-1.000000000000000000e+00 3.689999999999999947e+00 7.370000000000000107e+00 7.089999999999999858e+00 4.679999999999999716e+00 8.570000000000000284e+00 7.879999999999999893e+00 -1.000000000000000000e+00 3.029999999999999805e+00 5.389999999999999680e+00
-1.000000000000000000e+00 3.649999999999999911e+00 7.360000000000000320e+00 7.129999999999999893e+00 4.730000000000000426e+00 8.589999999999999858e+00 7.940000000000000391e+00 -1.000000000000000000e+00 3.049999999999999822e+00 5.429999999999999716e+00
-1.000000000000000000e+00 3.620000000000000107e+00 7.389999999999999680e+00 7.129999999999999893e+00 4.629999999999999893e+00 8.539999999999999147e+00 7.740000000000000213e+00 -1.000000000000000000e+00 3.040000000000000036e+00 5.379999999999999893e+00
-1.000000000000000000e+00 3.669999999999999929e+00 7.370000000000000107e+00 6.990000000000000213e+00 -1.000000000000000000e+00 8.490000000000000213e+00 7.889999999999999680e+00 -1.000000000000000000e+00 3.040000000000000036e+00 5.389999999999999680e+00
-1.000000000000000000e+00 3.629999999999999893e+00 7.400000000000000355e+00 7.059999999999999609e+00 4.679999999999999716e+00 8.580000000000000071e+00 7.839999999999999858e+00 -1.000000000000000000e+00 3.040000000000000036e+00 5.389999999999999680e+00
-1.000000000000000000e+00 3.709999999999999964e+00 7.389999999999999680e+00 7.080000000000000071e+00 4.719999999999999751e+00 8.730000000000000426e+00 7.820000000000000284e+00 -1.000000000000000000e+00 3.029999999999999805e+00 5.410000000000000142e+00
-1.000000000000000000e+00 3.660000000000000142e+00 7.410000000000000142e+00 7.059999999999999609e+00 4.660000000000000142e+00 8.630000000000000782e+00 7.809999999999999609e+00 -1.000000000000000000e+00 3.049999999999999822e+00 5.379999999999999893e+00
-1.000000000000000000e+00 3.669999999999999929e+00 7.389999999999999680e+00 7.040000000000000036e+00 4.650000000000000355e+00 8.480000000000000426e+00 7.809999999999999609e+00 -1.000000000000000000e+00 3.040000000000000036e+00 5.389999999999999680e+00
-1.000000000000000000e+00 3.709999999999999964e+00 7.410000000000000142e+00 7.059999999999999609e+00 4.719999999999999751e+00 8.609999999999999432e+00 7.780000000000000249e+00 -1.000000000000000000e+00 2.979999999999999982e+00 5.349999999999999645e+00
-1.000000000000000000e+00 3.669999999999999929e+00 7.379999999999999893e+00 7.019999999999999574e+00 4.690000000000000391e+00 8.570000000000000284e+00 7.879999999999999893e+00 -1.000000000000000000e+00 3.040000000000000036e+00 5.389999999999999680e+00
-1.000000000000000000e+00 3.729999999999999982e+00 7.389999999999999680e+00 7.089999999999999858e+00 4.679999999999999716e+00 8.630000000000000782e+00 7.830000000000000071e+00 -1.000000000000000000e+00 2.979999999999999982e+00 5.419999999999999929e+00
-1.000000000000000000e+00 3.620000000000000107e+00 7.360000000000000320e+00 7.150000000000000355e+00 4.669999999999999929e+00 8.550000000000000711e+00 7.830000000000000071e+00 -1.000000000000000000e+00 3.060000000000000053e+00 5.379999999999999893e+00
-1.000000000000000000e+00 3.649999999999999911e+00 7.379999999999999893e+00 7.070000000000000284e+00 4.719999999999999751e+00 8.500000000000000000e+00 7.900000000000000355e+00 -1.000000000000000000e+00 3.080000000000000071e+00 5.360000000000000320e+00
-1.000000000000000000e+00 3.669999999999999929e+00 7.419999999999999929e+00 6.990000000000000213e+00 4.740000000000000213e+00 8.619999999999999218e+00 7.830000000000000071e+00 -1.000000000000000000e+00 3.080000000000000071e+00 5.389999999999999680e+00
-1.000000000000000000e+00 3.669999999999999929e+00 7.339999999999999858e+00 7.160000000000000142e+00 4.660000000000000142e+00 8.619999999999999218e+00 7.780000000000000249e+00 -1.000000000000000000e+00 3.040000000000000036e+00 5.379999999999999893e+00
-1.000000000000000000e+00 3.689999999999999947e+00 7.280000000000000249e+00 7.089999999999999858e+00 4.709999999999999964e+00 8.660000000000000142e+00 7.860000000000000320e+00 -1.000000000000000000e+00 3.089999999999999858e+00 5.419999999999999929e+00
-1.000000000000000000e+00 3.609999999999999876e+00 7.389999999999999680e+00 7.030000000000000249e+00 4.719999999999999751e+00 8.519999999999999574e+00 7.799999999999999822e+00 -1.000000000000000000e+00 3.040000000000000036e+00 5.389999999999999680e+00
-1.000000000000000000e+00 3.740000000000000213e+00 7.410000000000000142e+00 7.040000000000000036e+00 4.690000000000000391e+00 8.640000000000000568e+00 7.889999999999999680e+00 -1.000000000000000000e+00 3.009999999999999787e+00 5.349999999999999645e+00
-1.000000000000000000e+00 3.689999999999999947e+00 7.450000000000000178e+00 7.019999999999999574e+00 4.709999999999999964e+00 8.509999999999999787e+00 7.879999999999999893e+00 -1.000000000000000000e+00 3.040000000000000036e+00 5.400000000000000355e+00
-1.000000000000000000e+00 3.689999999999999947e+00 7.370000000000000107e+00 7.040000000000000036e+00 4.669999999999999929e+00 8.609999999999999432e+00 7.860000000000000320e+00 -1.000000000000000000e+00 3.020000000000000018e+00 5.349999999999999645e+00
-1.000000000000000000e+00 3.680000000000000160e+00 7.370000000000000107e+00 7.019999999999999574e+00 4.750000000000000000e+00 8.570000000000000284e+00 7.799999999999999822e+00 -1.000000000000000000e+00 2.990000000000000213e+00 5.400000000000000355e+00
-1.000000000000000000e+00 3.649999999999999911e+00 7.410000000000000142e+00 7.049999999999999822e+00 4.700000000000000178e+00 8.609999999999999432e+00 7.790000000000000036e+00 -1.000000000000000000e+00 2.990000000000000213e+00 5.370000000000000107e+00
-1.000000000000000000e+00 3.649999999999999911e+00 7.440000000000000391e+00 6.980000000000000426e+00 4.740000000000000213e+00 8.589999999999999858e+00 7.870000000000000107e+00 -1.000000000000000000e+00 3.020000000000000018e+00 5.379999999999999893e+00
-1.000000000000000000e+00 3.720000000000000195e+00 7.379999999999999893e+00 7.059999999999999609e+00 4.669999999999999929e+00 8.609999999999999432e+00 7.919999999999999929e+00 -1.000000000000000000e+00 3.060000000000000053e+00 5.389999999999999680e+00
-1.000000000000000000e+00 3.680000000000000160e+00 7.419999999999999929e+00 6.910000000000000142e+00 4.709999999999999964e+00 8.689999999999999503e+00 7.870000000000000107e+00 -1.000000000000000000e+00 3.049999999999999822e+00 5.349999999999999645e+00
-1.000000000000000000e+00 3.680000000000000160e+00 7.379999999999999893e+00 7.049999999999999822e+00 4.679999999999999716e+00 8.400000000000000355e+00 7.809999999999999609e+00 -1.000000000000000000e+00 3.049999999999999822e+00 5.379999999999999893e+00
-1.000000000000000000e+00 3.620000000000000107e+00 7.379999999999999893e+00 6.980000000000000426e+00 4.660000000000000142e+00 8.539999999999999147e+00 7.900000000000000355e+00 -1.000000000000000000e+00 3.069999999999999840e+00 5.379999999999999893e+00
-1.000000000000000000e+00 3.729999999999999982e+00 7.410000000000000142e+00 7.059999999999999609e+00 4.750000000000000000e+00 8.490000000000000213e+00 7.900000000000000355e+00 -1.000000000000000000e+00 3.029999999999999805e+00 5.389999999999999680e+00
-1.000000000000000000e+00 3.609999999999999876e+00 7.429999999999999716e+00 7.129999999999999893e+00 4.690000000000000391e+00 8.619999999999999218e+00 7.839999999999999858e+00 -1.000000000000000000e+00 3.040000000000000036e+00 5.419999999999999929e+00
-1.000000000000000000e+00 3.629999999999999893e+00 7.440000000000000391e+00 7.190000000000000391e+00 4.719999999999999751e+00 8.650000000000000355e+00 7.879999999999999893e+00 -1.000000000000000000e+00 3.089999999999999858e+00 5.419999999999999929e+00
-1.000000000000000000e+00 3.660000000000000142e+00 7.419999999999999929e+00 7.099999999999999645e+00 4.730000000000000426e+00 8.560000000000000497e+00 7.839999999999999858e+00 -1.000000000000000000e+00 3.000000000000000000e+00 5.389999999999999680e+00
-1.000000000000000000e+00 3.700000000000000178e+00 7.370000000000000107e+00 6.950000000000000178e+00 4.730000000000000426e+00 8.550000000000000711e+00 7.879999999999999893e+00 -1.000000000000000000e+00 3.029999999999999805e+00 5.379999999999999893e+00
-1.000000000000000000e+00 3.779999999999999805e+00 7.389999999999999680e+00 7.040000000000000036e+00 4.679999999999999716e+00 8.529999999999999361e+00 7.809999999999999609e+00 -1.000000000000000000e+00 3.049999999999999822e+00 5.349999999999999645e+00
-1.000000000000000000e+00 3.640000000000000124e+00 7.389999999999999680e+00 6.980000000000000426e+00 4.690000000000000391e+00 8.500000000000000000e+00 7.879999999999999893e+00 -1.000000000000000000e+00 3.000000000000000000e+00 5.400000000000000355e+00
-1.000000000000000000e+00 3.689999999999999947e+00 7.469999999999999751e+00 7.030000000000000249e+00 4.740000000000000213e+00 8.480000000000000426e+00 7.830000000000000071e+00 -1.000000000000000000e+00 3.049999999999999822e+00 5.330000000000000071e+00
-1.000000000000000000e+00 3.680000000000000160e+00 7.360000000000000320e+00 7.089999999999999858e+00 4.709999999999999964e+00 8.550000000000000711e+00 7.860000000000000320e+00 -1.000000000000000000e+00 3.009999999999999787e+00 5.400000000000000355e+00
-1.000000000000000000e+00 3.660000000000000142e+00 7.400000000000000355e+00 7.040000000000000036e+00 4.709999999999999964e+00 8.599999999999999645e+00 7.870000000000000107e+00 -1.000000000000000000e+00 3.060000000000000053e+00 5.379999999999999893e+00
-1.000000000000000000e+00 3.689999999999999947e+00 7.450000000000000178e+00 7.019999999999999574e+00 4.709999999999999964e+00 8.599999999999999645e+00 7.790000000000000036e+00 -1.000000000000000000e+00 2.990000000000000213e+00 5.410000000000000142e+00
-1.000000000000000000e+00 3.589999999999999858e+00 7.410000000000000142e+00 7.150000000000000355e+00 4.730000000000000426e+00 8.539999999999999147e+00 7.830000000000000071e+00 -1.000000000000000000e+00 3.000000000000000000e+00 5.389999999999999680e+00
-1.000000000000000000e+00 3.680000000000000160e+00 7.400000000000000355e+00 7.049999999999999822e+00 4.730000000000000426e+00 8.550000000000000711e+00 7.870000000000000107e+00 -1.000000000000000000e+00 3.049999999999999822e+00 5.360000000000000320e+00
-1.000000000000000000e+00 3.640000000000000124e+00 7.450000000000000178e+00 7.019999999999999574e+00 4.700000000000000178e+00 8.550000000000000711e+00 7.889999999999999680e+00 -1.000000000000000000e+00 3.020000000000000018e+00 5.410000000000000142e+00
-1.000000000000000000e+00 3.689999999999999947e+00 7.339999999999999858e+00 7.019999999999999574e+00 4.709999999999999964e+00 8.589999999999999858e+00 7.820000000000000284e+00 -1.000000000000000000e+00 3.049999999999999822e+00 5.370000000000000107e+00
-1.000000000000000000e+00 3.580000000000000071e+00 7.379999999999999893e+00 7.120000000000000107e+00 4.719999999999999751e+00 8.560000000000000497e+00 7.860000000000000320e+00 -1.000000000000000000e+00 3.100000000000000089e+00 5.410000000000000142e+00
-1.000000000000000000e+00 3.649999999999999911e+00 7.320000000000000284e+00 6.990000000000000213e+00 4.690000000000000391e+00 8.470000000000000639e+00 7.830000000000000071e+00 -1.000000000000000000e+00 3.020000000000000018e+00 5.370000000000000107e+00
-1.000000000000000000e+00 3.649999999999999911e+00 7.360000000000000320e+00 7.019999999999999574e+00 4.660000000000000142e+00 8.560000000000000497e+00 7.910000000000000142e+00 -1.000000000000000000e+00 3.020000000000000018e+00 5.349999999999999645e+00
-1.000000000000000000e+00 3.669999999999999929e+00 7.379999999999999893e+00 6.950000000000000178e+00 4.709999999999999964e+00 8.599999999999999645e+00 7.839999999999999858e+00 -1.000000000000000000e+00 3.049999999999999822e+00 5.410000000000000142e+00
-1.000000000000000000e+00 3.620000000000000107e+00 7.370000000000000107e+00 7.049999999999999822e+00 4.719999999999999751e+00 8.609999999999999432e+00 7.889999999999999680e+00 -1.000000000000000000e+00 3.000000000000000000e+00 5.400000000000000355e+00
-1.000000000000000000e+00 3.620000000000000107e+00 7.379999999999999893e+00 7.080000000000000071e+00 4.719999999999999751e+00 8.550000000000000711e+00 7.830000000000000071e+00 -1.000000000000000000e+00 2.990000000000000213e+00 5.410000000000000142e+00
-1.000000000000000000e+00 3.629999999999999893e+00 7.309999999999999609e+00 7.040000000000000036e+00 4.740000000000000213e+00 8.560000000000000497e+00 7.870000000000000107e+00 -1.000000000000000000e+00 3.089999999999999858e+00 5.389999999999999680e+00
-1.000000000000000000e+00 3.729999999999999982e+00 7.410000000000000142e+00 7.049999999999999822e+00 4.679999999999999716e+00 8.550000000000000711e+00 7.879999999999999893e+00 -1.000000000000000000e+00 3.020000000000000018e+00 5.379999999999999893e+00
-1.000000000000000000e+00 3.640000000000000124e+00 7.379999999999999893e+00 7.030000000000000249e+00 4.679999999999999716e+00 8.560000000000000497e+00 7.809999999999999609e+00 -1.000000000000000000e+00 3.049999999999999822e+00 5.360000000000000320e+00
-1.000000000000000000e+00 3.700000000000000178e+00 7.410000000000000142e+00 7.059999999999999609e+00 4.719999999999999751e+00 8.550000000000000711e+00 7.889999999999999680e+00 -1.000000000000000000e+00 3.040000000000000036e+00 5.379999999999999893e+00
-1.000000000000000000e+00 3.669999999999999929e+00 7.410000000000000142e+00 6.980000000000000426e+00 4.750000000000000000e+00 8.589999999999999858e+00 7.849999999999999645e+00 -1.000000000000000000e+00 3.060000000000000053e+00 5.349999999999999645e+00
-1.000000000000000000e+00 3.640000000000000124e+00 7.400000000000000355e+00 6.980000000000000426e+00 4.639999999999999680e+00 8.560000000000000497e+00 7.929999999999999716e+00 -1.000000000000000000e+00 3.029999999999999805e+00 5.370000000000000107e+00
-1.000000000000000000e+00 3.720000000000000195e+00 7.379999999999999893e+00 6.919999999999999929e+00 4.709999999999999964e+00 8.509999999999999787e+00 7.820000000000000284e+00 -1.000000000000000000e+00 3.029999999999999805e+00 5.339999999999999858e+00
-1.000000000000000000e+00 3.720000000000000195e+00 7.419999999999999929e+00 7.049999999999999822e+00 4.750000000000000000e+00 8.589999999999999858e+00 7.849999999999999645e+00 -1.000000000000000000e+00 3.009999999999999787e+00 5.370000000000000107e+00
-1.000000000000000000e+00 3.629999999999999893e+00 7.400000000000000355e+00 7.019999999999999574e+00 4.660000000000000142e+00 8.570000000000000284e+00 7.900000000000000355e+00 -1.000000000000000000e+00 3.080000000000000071e+00 5.349999999999999645e+00
-1.000000000000000000e+00 3.680000000000000160e+00 7.389999999999999680e+00 7.019999999999999574e+00 4.719999999999999751e+00 8.589999999999999858e+00 7.860000000000000320e+00 -1.000000000000000000e+00 3.029999999999999805e+00 5.370000000000000107e+00
-1.000000000000000000e+00 3.629999999999999893e+00 7.450000000000000178e+00 6.929999999999999716e+00 4.690000000000000391e+00 8.599999999999999645e+00 7.860000000000000320e+00 -1.000000000000000000e+00 3.080000000000000071e+00 5.410000000000000142e+00
-1.000000000000000000e+00 3.700000000000000178e+00 7.360000000000000320e+00 7.040000000000000036e+00 4.759999999999999787e+00 8.519999999999999574e+00 7.830000000000000071e+00 -1.000000000000000000e+00 3.000000000000000000e+00 5.389999999999999680e+00
