-1.000000000000000000e+00 -1.000000000000000000e+00 -1.000000000000000000e+00 -1.000000000000000000e+00 -1.000000000000000000e+00 -1.000000000000000000e+00 -1.000000000000000000e+00 -1.000000000000000000e+00 -1.000000000000000000e+00 -1.000000000000000000e+00
5.870000000000000107e+00 5.019999999999999574e+00 -1.000000000000000000e+00 3.120000000000000107e+00 3.850000000000000089e+00 1.050000000000000044e+00 3.350000000000000089e+00 -1.000000000000000000e+00 7.009999999999999787e+00 2.220000000000000195e+00
5.919999999999999929e+00 5.009999999999999787e+00 -1.000000000000000000e+00 3.140000000000000124e+00 3.899999999999999911e+00 9.699999999999999734e-01 3.279999999999999805e+00 -1.000000000000000000e+00 6.900000000000000355e+00 2.299999999999999822e+00
5.799999999999999822e+00 4.980000000000000426e+00 -1.000000000000000000e+00 3.140000000000000124e+00 3.950000000000000178e+00 1.030000000000000027e+00 3.350000000000000089e+00 -1.000000000000000000e+00 6.889999999999999680e+00 2.299999999999999822e+00
5.849999999999999645e+00 5.070000000000000284e+00 -1.000000000000000000e+00 3.120000000000000107e+00 3.939999999999999947e+00 1.070000000000000062e+00 3.339999999999999858e+00 -1.000000000000000000e+00 6.879999999999999893e+00 2.270000000000000018e+00
5.990000000000000213e+00 4.980000000000000426e+00 -1.000000000000000000e+00 3.169999999999999929e+00 3.930000000000000160e+00 1.070000000000000062e+00 3.299999999999999822e+00 -1.000000000000000000e+00 6.889999999999999680e+00 2.310000000000000053e+00
5.860000000000000320e+00 5.129999999999999893e+00 -1.000000000000000000e+00 3.080000000000000071e+00 3.959999999999999964e+00 1.020000000000000018e+00 3.299999999999999822e+00 -1.000000000000000000e+00 6.919999999999999929e+00 2.250000000000000000e+00
5.750000000000000000e+00 5.000000000000000000e+00 -1.000000000000000000e+00 3.140000000000000124e+00 3.990000000000000213e+00 9.699999999999999734e-01 3.379999999999999893e+00 -1.000000000000000000e+00 6.860000000000000320e+00 2.240000000000000213e+00
5.879999999999999893e+00 -1.000000000000000000e+00 -1.000000000000000000e+00 3.129999999999999893e+00 3.950000000000000178e+00 1.020000000000000018e+00 3.339999999999999858e+00 -1.000000000000000000e+00 6.879999999999999893e+00 2.359999999999999876e+00
5.860000000000000320e+00 4.910000000000000142e+00 -1.000000000000000000e+00 3.140000000000000124e+00 3.959999999999999964e+00 9.599999999999999645e-01 3.299999999999999822e+00 -1.000000000000000000e+00 6.860000000000000320e+00 2.259999999999999787e+00
5.820000000000000284e+00 4.969999999999999751e+00 -1.000000000000000000e+00 3.180000000000000160e+00 3.990000000000000213e+00 1.040000000000000036e+00 3.339999999999999858e+00 -1.000000000000000000e+00 6.900000000000000355e+00 2.310000000000000053e+00
5.750000000000000000e+00 4.990000000000000213e+00 -1.000000000000000000e+00 3.100000000000000089e+00 3.919999999999999929e+00 9.300000000000000488e-01 3.339999999999999858e+00 -1.000000000000000000e+00 6.780000000000000249e+00 2.270000000000000018e+00
5.980000000000000426e+00 4.950000000000000178e+00 -1.000000000000000000e+00 3.169999999999999929e+00 3.939999999999999947e+00 1.050000000000000044e+00 -1.000000000000000000e+00 -1.000000000000000000e+00 6.929999999999999716e+00 2.279999999999999805e+00
5.900000000000000355e+00 4.969999999999999751e+00 -1.000000000000000000e+00 3.149999999999999911e+00 3.919999999999999929e+00 -1.000000000000000000e+00 3.279999999999999805e+00 8.009999999999999787e+00 6.879999999999999893e+00 2.339999999999999858e+00
6.009999999999999787e+00 5.009999999999999787e+00 -1.000000000000000000e+00 3.160000000000000142e+00 3.910000000000000142e+00 -1.000000000000000000e+00 3.299999999999999822e+00 8.019999999999999574e+00 6.940000000000000391e+00 2.240000000000000213e+00
5.879999999999999893e+00 5.089999999999999858e+00 -1.000000000000000000e+00 3.109999999999999876e+00 3.899999999999999911e+00 -1.000000000000000000e+00 3.330000000000000071e+00 8.000000000000000000e+00 6.910000000000000142e+00 2.270000000000000018e+00
5.870000000000000107e+00 5.099999999999999645e+00 -1.000000000000000000e+00 3.169999999999999929e+00 3.939999999999999947e+00 -1.000000000000000000e+00 3.299999999999999822e+00 7.950000000000000178e+00 6.980000000000000426e+00 2.279999999999999805e+00
5.860000000000000320e+00 5.000000000000000000e+00 -1.000000000000000000e+00 3.109999999999999876e+00 3.910000000000000142e+00 -1.000000000000000000e+00 3.290000000000000036e+00 7.629999999999999893e+00 6.980000000000000426e+00 2.299999999999999822e+00
5.849999999999999645e+00 4.950000000000000178e+00 -1.000000000000000000e+00 3.120000000000000107e+00 3.890000000000000124e+00 -1.000000000000000000e+00 3.339999999999999858e+00 7.240000000000000213e+00 6.849999999999999645e+00 2.240000000000000213e+00
5.860000000000000320e+00 5.019999999999999574e+00 -1.000000000000000000e+00 3.089999999999999858e+00 3.890000000000000124e+00 -1.000000000000000000e+00 3.310000000000000053e+00 7.980000000000000426e+00 6.980000000000000426e+00 2.310000000000000053e+00
5.929999999999999716e+00 4.990000000000000213e+00 -1.000000000000000000e+00 3.109999999999999876e+00 3.899999999999999911e+00 -1.000000000000000000e+00 3.310000000000000053e+00 7.500000000000000000e+00 7.019999999999999574e+00 2.290000000000000036e+00
5.799999999999999822e+00 4.959999999999999964e+00 -1.000000000000000000e+00 3.129999999999999893e+00 3.970000000000000195e+00 -1.000000000000000000e+00 3.319999999999999840e+00 8.060000000000000497e+00 6.940000000000000391e+00 2.310000000000000053e+00
5.780000000000000249e+00 5.040000000000000036e+00 -1.000000000000000000e+00 3.109999999999999876e+00 3.910000000000000142e+00 -1.000000000000000000e+00 3.330000000000000071e+00 7.559999999999999609e+00 7.389999999999999680e+00 2.259999999999999787e+00
5.769999999999999574e+00 4.980000000000000426e+00 -1.000000000000000000e+00 3.140000000000000124e+00 3.950000000000000178e+00 -1.000000000000000000e+00 3.359999999999999876e+00 7.950000000000000178e+00 6.969999999999999751e+00 2.279999999999999805e+00
6.000000000000000000e+00 5.009999999999999787e+00 -1.000000000000000000e+00 3.109999999999999876e+00 3.950000000000000178e+00 -1.000000000000000000e+00 3.279999999999999805e+00 7.639999999999999680e+00 6.889999999999999680e+00 2.259999999999999787e+00
5.799999999999999822e+00 5.019999999999999574e+00 -1.000000000000000000e+00 3.100000000000000089e+00 3.910000000000000142e+00 -1.000000000000000000e+00 3.359999999999999876e+00 7.929999999999999716e+00 6.900000000000000355e+00 2.270000000000000018e+00
5.870000000000000107e+00 5.019999999999999574e+00 -1.000000000000000000e+00 3.149999999999999911e+00 3.959999999999999964e+00 -1.000000000000000000e+00 3.299999999999999822e+00 7.639999999999999680e+00 6.889999999999999680e+00 2.270000000000000018e+00
5.759999999999999787e+00 4.969999999999999751e+00 -1.000000000000000000e+00 3.120000000000000107e+00 3.979999999999999982e+00 -1.000000000000000000e+00 3.359999999999999876e+00 7.660000000000000142e+00 6.910000000000000142e+00 2.279999999999999805e+00
5.809999999999999609e+00 4.959999999999999964e+00 -1.000000000000000000e+00 3.180000000000000160e+00 4.000000000000000000e+00 -1.000000000000000000e+00 3.379999999999999893e+00 7.160000000000000142e+00 6.929999999999999716e+00 2.240000000000000213e+00
5.950000000000000178e+00 5.070000000000000284e+00 -1.000000000000000000e+00 3.149999999999999911e+00 3.939999999999999947e+00 -1.000000000000000000e+00 3.330000000000000071e+00 7.589999999999999858e+00 6.910000000000000142e+00 2.259999999999999787e+00
5.990000000000000213e+00 5.040000000000000036e+00 -1.000000000000000000e+00 3.100000000000000089e+00 3.990000000000000213e+00 -1.000000000000000000e+00 3.299999999999999822e+00 7.580000000000000071e+00 6.969999999999999751e+00 2.259999999999999787e+00
6.070000000000000284e+00 5.030000000000000249e+00 -1.000000000000000000e+00 3.080000000000000071e+00 3.939999999999999947e+00 -1.000000000000000000e+00 3.330000000000000071e+00 7.969999999999999751e+00 6.809999999999999609e+00 2.259999999999999787e+00
5.849999999999999645e+00 5.009999999999999787e+00 -1.000000000000000000e+00 3.140000000000000124e+00 3.950000000000000178e+00 -1.000000000000000000e+00 3.310000000000000053e+00 7.990000000000000213e+00 6.900000000000000355e+00 2.310000000000000053e+00
5.759999999999999787e+00 5.019999999999999574e+00 -1.000000000000000000e+00 3.129999999999999893e+00 3.930000000000000160e+00 -1.000000000000000000e+00 3.330000000000000071e+00 7.209999999999999964e+00 6.870000000000000107e+00 2.290000000000000036e+00
5.889999999999999680e+00 5.049999999999999822e+00 -1.000000000000000000e+00 3.120000000000000107e+00 3.939999999999999947e+00 -1.000000000000000000e+00 3.319999999999999840e+00 7.660000000000000142e+00 6.849999999999999645e+00 2.299999999999999822e+00
5.969999999999999751e+00 5.049999999999999822e+00 -1.000000000000000000e+00 3.100000000000000089e+00 3.959999999999999964e+00 -1.000000000000000000e+00 3.350000000000000089e+00 7.690000000000000391e+00 6.969999999999999751e+00 2.259999999999999787e+00
5.950000000000000178e+00 5.049999999999999822e+00 -1.000000000000000000e+00 3.129999999999999893e+00 3.930000000000000160e+00 -1.000000000000000000e+00 3.339999999999999858e+00 7.290000000000000036e+00 6.889999999999999680e+00 2.310000000000000053e+00
5.820000000000000284e+00 4.969999999999999751e+00 -1.000000000000000000e+00 3.129999999999999893e+00 3.959999999999999964e+00 -1.000000000000000000e+00 3.330000000000000071e+00 7.259999999999999787e+00 6.950000000000000178e+00 2.270000000000000018e+00
5.919999999999999929e+00 4.969999999999999751e+00 -1.000000000000000000e+00 3.080000000000000071e+00 3.910000000000000142e+00 -1.000000000000000000e+00 3.399999999999999911e+00 7.580000000000000071e+00 6.900000000000000355e+00 2.290000000000000036e+00
6.030000000000000249e+00 5.000000000000000000e+00 -1.000000000000000000e+00 3.149999999999999911e+00 3.950000000000000178e+00 -1.000000000000000000e+00 3.330000000000000071e+00 7.599999999999999645e+00 6.940000000000000391e+00 2.270000000000000018e+00
5.990000000000000213e+00 5.000000000000000000e+00 -1.000000000000000000e+00 3.140000000000000124e+00 3.950000000000000178e+00 -1.000000000000000000e+00 3.310000000000000053e+00 7.669999999999999929e+00 6.929999999999999716e+00 2.310000000000000053e+00
5.900000000000000355e+00 5.030000000000000249e+00 -1.000000000000000000e+00 3.100000000000000089e+00 3.979999999999999982e+00 -1.000000000000000000e+00 3.310000000000000053e+00 7.669999999999999929e+00 6.849999999999999645e+00 2.279999999999999805e+00
5.830000000000000071e+00 5.099999999999999645e+00 -1.000000000000000000e+00 3.109999999999999876e+00 3.950000000000000178e+00 -1.000000000000000000e+00 3.319999999999999840e+00 8.070000000000000284e+00 7.009999999999999787e+00 2.250000000000000000e+00
5.889999999999999680e+00 5.009999999999999787e+00 -1.000000000000000000e+00 3.140000000000000124e+00 3.939999999999999947e+00 -1.000000000000000000e+00 3.330000000000000071e+00 7.639999999999999680e+00 6.879999999999999893e+00 2.259999999999999787e+00
6.009999999999999787e+00 5.030000000000000249e+00 -1.000000000000000000e+00 3.160000000000000142e+00 3.959999999999999964e+00 -1.000000000000000000e+00 3.379999999999999893e+00 7.209999999999999964e+00 6.969999999999999751e+00 2.310000000000000053e+00
5.780000000000000249e+00 4.969999999999999751e+00 -1.000000000000000000e+00 3.129999999999999893e+00 3.910000000000000142e+00 -1.000000000000000000e+00 3.259999999999999787e+00 7.519999999999999574e+00 6.900000000000000355e+00 2.310000000000000053e+00
5.900000000000000355e+00 4.990000000000000213e+00 -1.000000000000000000e+00 3.100000000000000089e+00 3.919999999999999929e+00 -1.000000000000000000e+00 3.359999999999999876e+00 7.169999999999999929e+00 6.950000000000000178e+00 2.240000000000000213e+00
5.889999999999999680e+00 4.940000000000000391e+00 -1.000000000000000000e+00 3.109999999999999876e+00 3.959999999999999964e+00 -1.000000000000000000e+00 3.350000000000000089e+00 7.259999999999999787e+00 7.000000000000000000e+00 2.250000000000000000e+00
5.780000000000000249e+00 5.000000000000000000e+00 -1.000000000000000000e+00 3.109999999999999876e+00 3.970000000000000195e+00 -1.000000000000000000e+00 3.350000000000000089e+00 7.660000000000000142e+00 6.900000000000000355e+00 2.299999999999999822e+00
5.900000000000000355e+00 5.030000000000000249e+00 -1.000000000000000000e+00 3.140000000000000124e+00 3.859999999999999876e+00 -1.000000000000000000e+00 3.279999999999999805e+00 7.559999999999999609e+00 6.849999999999999645e+00 2.279999999999999805e+00
5.799999999999999822e+00 5.049999999999999822e+00 -1.000000000000000000e+00 3.109999999999999876e+00 3.959999999999999964e+00 -1.000000000000000000e+00 3.350000000000000089e+00 7.219999999999999751e+00 6.910000000000000142e+00 2.250000000000000000e+00
5.780000000000000249e+00 5.059999999999999609e+00 -1.000000000000000000e+00 3.140000000000000124e+00 3.930000000000000160e+00 -1.000000000000000000e+00 3.299999999999999822e+00 7.610000000000000320e+00 6.900000000000000355e+00 2.259999999999999787e+00
5.830000000000000071e+00 4.990000000000000213e+00 -1.000000000000000000e+00 3.169999999999999929e+00 3.850000000000000089e+00 -1.000000000000000000e+00 3.339999999999999858e+00 7.190000000000000391e+00 6.849999999999999645e+00 2.259999999999999787e+00
5.839999999999999858e+00 5.000000000000000000e+00 -1.000000000000000000e+00 3.100000000000000089e+00 3.950000000000000178e+00 -1.000000000000000000e+00 3.299999999999999822e+00 8.009999999999999787e+00 6.900000000000000355e+00 2.299999999999999822e+00
6.019999999999999574e+00 5.049999999999999822e+00 -1.000000000000000000e+00 3.109999999999999876e+00 3.910000000000000142e+00 -1.000000000000000000e+00 3.359999999999999876e+00 7.959999999999999964e+00 6.919999999999999929e+00 2.259999999999999787e+00
5.919999999999999929e+00 4.969999999999999751e+00 -1.000000000000000000e+00 3.069999999999999840e+00 3.950000000000000178e+00 -1.000000000000000000e+00 3.299999999999999822e+00 7.919999999999999929e+00 6.839999999999999858e+00 2.270000000000000018e+00
5.889999999999999680e+00 5.030000000000000249e+00 -1.000000000000000000e+00 3.100000000000000089e+00 3.930000000000000160e+00 -1.000000000000000000e+00 3.299999999999999822e+00 7.599999999999999645e+00 6.830000000000000071e+00 2.310000000000000053e+00
6.009999999999999787e+00 5.019999999999999574e+00 -1.000000000000000000e+00 3.129999999999999893e+00 3.930000000000000160e+00 -1.000000000000000000e+00 3.299999999999999822e+00 7.969999999999999751e+00 6.870000000000000107e+00 2.270000000000000018e+00
5.769999999999999574e+00 5.070000000000000284e+00 -1.000000000000000000e+00 3.109999999999999876e+00 3.919999999999999929e+00 -1.000000000000000000e+00 3.359999999999999876e+00 8.009999999999999787e+00 6.860000000000000320e+00 2.259999999999999787e+00
5.910000000000000142e+00 5.049999999999999822e+00 -1.000000000000000000e+00 3.109999999999999876e+00 3.919999999999999929e+00 -1.000000000000000000e+00 3.310000000000000053e+00 7.549999999999999822e+00 6.839999999999999858e+00 2.240000000000000213e+00
5.839999999999999858e+00 5.009999999999999787e+00 -1.000000000000000000e+00 3.169999999999999929e+00 3.910000000000000142e+00 -1.000000000000000000e+00 3.339999999999999858e+00 7.570000000000000284e+00 6.940000000000000391e+00 2.270000000000000018e+00
5.860000000000000320e+00 4.990000000000000213e+00 -1.000000000000000000e+00 3.129999999999999893e+00 3.930000000000000160e+00 -1.000000000000000000e+00 3.330000000000000071e+00 7.639999999999999680e+00 6.889999999999999680e+00 2.229999999999999982e+00
5.919999999999999929e+00 5.080000000000000071e+00 -1.000000000000000000e+00 3.140000000000000124e+00 3.930000000000000160e+00 -1.000000000000000000e+00 3.319999999999999840e+00 8.000000000000000000e+00 6.889999999999999680e+00 2.270000000000000018e+00
6.019999999999999574e+00 4.969999999999999751e+00 -1.000000000000000000e+00 3.109999999999999876e+00 3.970000000000000195e+00 -1.000000000000000000e+00 3.339999999999999858e+00 7.540000000000000036e+00 6.940000000000000391e+00 2.310000000000000053e+00
5.769999999999999574e+00 5.049999999999999822e+00 -1.000000000000000000e+00 3.120000000000000107e+00 3.919999999999999929e+00 -1.000000000000000000e+00 3.359999999999999876e+00 7.660000000000000142e+00 6.980000000000000426e+00 2.299999999999999822e+00
5.740000000000000213e+00 5.009999999999999787e+00 -1.000000000000000000e+00 3.109999999999999876e+00 3.939999999999999947e+00 -1.000000000000000000e+00 3.330000000000000071e+00 7.660000000000000142e+00 6.910000000000000142e+00 2.279999999999999805e+00
6.019999999999999574e+00 5.059999999999999609e+00 -1.000000000000000000e+00 3.100000000000000089e+00 3.930000000000000160e+00 -1.000000000000000000e+00 3.270000000000000018e+00 7.990000000000000213e+00 6.929999999999999716e+00 2.259999999999999787e+00
5.780000000000000249e+00 5.040000000000000036e+00 -1.000000000000000000e+00 3.160000000000000142e+00 3.979999999999999982e+00 -1.000000000000000000e+00 3.339999999999999858e+00 8.009999999999999787e+00 6.950000000000000178e+00 2.319999999999999840e+00
5.980000000000000426e+00 5.049999999999999822e+00 -1.000000000000000000e+00 3.109999999999999876e+00 3.919999999999999929e+00 -1.000000000000000000e+00 3.359999999999999876e+00 7.990000000000000213e+00 6.969999999999999751e+00 2.290000000000000036e+00
5.790000000000000036e+00 5.019999999999999574e+00 -1.000000000000000000e+00 3.180000000000000160e+00 3.930000000000000160e+00 -1.000000000000000000e+00 3.339999999999999858e+00 7.639999999999999680e+00 6.900000000000000355e+00 2.310000000000000053e+00
5.969999999999999751e+00 5.030000000000000249e+00 -1.000000000000000000e+00 3.109999999999999876e+00 3.890000000000000124e+00 -1.000000000000000000e+00 3.290000000000000036e+00 7.200000000000000178e+00 6.839999999999999858e+00 2.299999999999999822e+00
5.849999999999999645e+00 5.129999999999999893e+00 -1.000000000000000000e+00 3.120000000000000107e+00 3.990000000000000213e+00 -1.000000000000000000e+00 3.310000000000000053e+00 8.000000000000000000e+00 6.889999999999999680e+00 2.310000000000000053e+00
5.820000000000000284e+00 4.940000000000000391e+00 -1.000000000000000000e+00 3.089999999999999858e+00 3.919999999999999929e+00 -1.000000000000000000e+00 3.339999999999999858e+00 7.209999999999999964e+00 6.950000000000000178e+00 2.319999999999999840e+00
5.809999999999999609e+00 5.000000000000000000e+00 -1.000000000000000000e+00 3.149999999999999911e+00 3.950000000000000178e+00 -1.000000000000000000e+00 3.270000000000000018e+00 7.610000000000000320e+00 6.900000000000000355e+00 2.290000000000000036e+00
5.849999999999999645e+00 4.980000000000000426e+00 -1.000000000000000000e+00 3.080000000000000071e+00 3.930000000000000160e+00 -1.000000000000000000e+00 3.339999999999999858e+00 7.620000000000000107e+00 6.900000000000000355e+00 2.299999999999999822e+00
5.849999999999999645e+00 4.980000000000000426e+00 -1.000000000000000000e+00 3.140000000000000124e+00 3.890000000000000124e+00 -1.000000000000000000e+00 3.299999999999999822e+00 7.650000000000000355e+00 6.889999999999999680e+00 2.259999999999999787e+00
5.839999999999999858e+00 5.080000000000000071e+00 -1.000000000000000000e+00 3.089999999999999858e+00 3.950000000000000178e+00 -1.000000000000000000e+00 3.310000000000000053e+00 7.700000000000000178e+00 7.000000000000000000e+00 2.310000000000000053e+00
5.809999999999999609e+00 5.089999999999999858e+00 -1.000000000000000000e+00 3.109999999999999876e+00 3.930000000000000160e+00 -1.000000000000000000e+00 3.319999999999999840e+00 8.070000000000000284e+00 6.839999999999999858e+00 2.299999999999999822e+00
5.790000000000000036e+00 4.990000000000000213e+00 -1.000000000000000000e+00 3.100000000000000089e+00 3.899999999999999911e+00 -1.000000000000000000e+00 3.410000000000000142e+00 7.589999999999999858e+00 6.849999999999999645e+00 2.240000000000000213e+00
6.089999999999999858e+00 4.990000000000000213e+00 -1.000000000000000000e+00 3.160000000000000142e+00 3.939999999999999947e+00 -1.000000000000000000e+00 3.339999999999999858e+00 7.570000000000000284e+00 6.870000000000000107e+00 2.299999999999999822e+00
6.040000000000000036e+00 5.019999999999999574e+00 -1.000000000000000000e+00 3.109999999999999876e+00 3.959999999999999964e+00 -1.000000000000000000e+00 3.379999999999999893e+00 7.639999999999999680e+00 6.860000000000000320e+00 2.259999999999999787e+00
5.889999999999999680e+00 5.009999999999999787e+00 -1.000000000000000000e+00 3.120000000000000107e+00 3.910000000000000142e+00 -1.000000000000000000e+00 3.330000000000000071e+00 7.540000000000000036e+00 6.830000000000000071e+00 2.279999999999999805e+00
5.809999999999999609e+00 5.040000000000000036e+00 -1.000000000000000000e+00 3.109999999999999876e+00 3.930000000000000160e+00 -1.000000000000000000e+00 3.310000000000000053e+00 7.959999999999999964e+00 6.929999999999999716e+00 2.270000000000000018e+00
5.969999999999999751e+00 5.030000000000000249e+00 -1.000000000000000000e+00 3.129999999999999893e+00 3.939999999999999947e+00 -1.000000000000000000e+00 3.310000000000000053e+00 7.519999999999999574e+00 6.950000000000000178e+00 2.250000000000000000e+00
5.860000000000000320e+00 5.040000000000000036e+00 -1.000000000000000000e+00 3.100000000000000089e+00 3.930000000000000160e+00 -1.000000000000000000e+00 3.299999999999999822e+00 7.669999999999999929e+00 6.980000000000000426e+00 2.299999999999999822e+00
5.870000000000000107e+00 4.990000000000000213e+00 -1.000000000000000000e+00 3.120000000000000107e+00 3.959999999999999964e+00 -1.000000000000000000e+00 3.310000000000000053e+00 7.620000000000000107e+00 6.900000000000000355e+00 2.299999999999999822e+00
5.759999999999999787e+00 4.990000000000000213e+00 -1.000000000000000000e+00 3.109999999999999876e+00 3.930000000000000160e+00 -1.000000000000000000e+00 3.270000000000000018e+00 7.589999999999999858e+00 6.900000000000000355e+00 2.290000000000000036e+00
6.070000000000000284e+00 5.019999999999999574e+00 -1.000000000000000000e+00 3.120000000000000107e+00 3.910000000000000142e+00 -1.000000000000000000e+00 3.350000000000000089e+00 7.610000000000000320e+00 6.969999999999999751e+00 2.299999999999999822e+00
5.790000000000000036e+00 5.049999999999999822e+00 -1.000000000000000000e+00 3.109999999999999876e+00 3.979999999999999982e+00 -1.000000000000000000e+00 3.330000000000000071e+00 7.889999999999999680e+00 6.969999999999999751e+00 2.310000000000000053e+00
5.910000000000000142e+00 5.059999999999999609e+00 -1.000000000000000000e+00 3.100000000000000089e+00 3.910000000000000142e+00 -1.000000000000000000e+00 3.240000000000000213e+00 7.639999999999999680e+00 6.889999999999999680e+00 2.290000000000000036e+00
5.889999999999999680e+00 4.919999999999999929e+00 -1.000000000000000000e+00 3.100000000000000089e+00 3.919999999999999929e+00 -1.000000000000000000e+00 3.359999999999999876e+00 7.610000000000000320e+00 6.940000000000000391e+00 2.279999999999999805e+00
5.750000000000000000e+00 4.969999999999999751e+00 -1.000000000000000000e+00 3.080000000000000071e+00 3.939999999999999947e+00 -1.000000000000000000e+00 3.290000000000000036e+00 8.000000000000000000e+00 6.849999999999999645e+00 2.290000000000000036e+00
5.839999999999999858e+00 4.990000000000000213e+00 -1.000000000000000000e+00 3.109999999999999876e+00 3.950000000000000178e+00 -1.000000000000000000e+00 3.370000000000000107e+00 7.959999999999999964e+00 6.929999999999999716e+00 2.290000000000000036e+00
5.889999999999999680e+00 4.969999999999999751e+00 -1.000000000000000000e+00 3.100000000000000089e+00 3.930000000000000160e+00 -1.000000000000000000e+00 3.350000000000000089e+00 7.589999999999999858e+00 6.969999999999999751e+00 2.279999999999999805e+00
5.740000000000000213e+00 5.019999999999999574e+00 -1.000000000000000000e+00 3.129999999999999893e+00 3.930000000000000160e+00 -1.000000000000000000e+00 3.290000000000000036e+00 7.570000000000000284e+00 6.900000000000000355e+00 2.310000000000000053e+00
5.750000000000000000e+00 4.990000000000000213e+00 -1.000000000000000000e+00 3.129999999999999893e+00 3.950000000000000178e+00 -1.000000000000000000e+00 3.350000000000000089e+00 7.540000000000000036e+00 6.929999999999999716e+00 2.250000000000000000e+00
5.839999999999999858e+00 4.959999999999999964e+00 -1.000000000000000000e+00 3.100000000000000089e+00 3.950000000000000178e+00 -1.000000000000000000e+00 3.279999999999999805e+00 7.589999999999999858e+00 7.009999999999999787e+00 2.270000000000000018e+00
6.009999999999999787e+00 5.009999999999999787e+00 -1.000000000000000000e+00 3.080000000000000071e+00 3.930000000000000160e+00 -1.000000000000000000e+00 3.339999999999999858e+00 7.639999999999999680e+00 6.910000000000000142e+00 2.299999999999999822e+00
5.809999999999999609e+00 5.000000000000000000e+00 -1.000000000000000000e+00 3.100000000000000089e+00 3.930000000000000160e+00 -1.000000000000000000e+00 3.339999999999999858e+00 7.910000000000000142e+00 6.919999999999999929e+00 2.279999999999999805e+00
5.759999999999999787e+00 4.980000000000000426e+00 -1.000000000000000000e+00 3.049999999999999822e+00 3.939999999999999947e+00 -1.000000000000000000e+00 3.290000000000000036e+00 7.580000000000000071e+00 6.980000000000000426e+00 2.319999999999999840e+00
