-1.000000000000000000e+00 -1.000000000000000000e+00 -1.000000000000000000e+00 -1.000000000000000000e+00 -1.000000000000000000e+00 -1.000000000000000000e+00 -1.000000000000000000e+00 -1.000000000000000000e+00 -1.000000000000000000e+00 -1.000000000000000000e+00
-1.000000000000000000e+00 6.780000000000000249e+00 4.080000000000000071e+00 1.090000000000000080e+00 3.459999999999999964e+00 3.160000000000000142e+00 -1.000000000000000000e+00 7.799999999999999822e+00 8.429999999999999716e+00 4.719999999999999751e+00
-1.000000000000000000e+00 6.700000000000000178e+00 3.990000000000000213e+00 1.080000000000000071e+00 3.490000000000000213e+00 3.189999999999999947e+00 -1.000000000000000000e+00 7.719999999999999751e+00 8.470000000000000639e+00 4.709999999999999964e+00
-1.000000000000000000e+00 6.650000000000000355e+00 4.019999999999999574e+00 1.070000000000000062e+00 3.479999999999999982e+00 3.180000000000000160e+00 -1.000000000000000000e+00 7.730000000000000426e+00 8.439999999999999503e+00 4.700000000000000178e+00
-1.000000000000000000e+00 6.690000000000000391e+00 3.500000000000000000e+00 1.080000000000000071e+00 3.500000000000000000e+00 3.180000000000000160e+00 -1.000000000000000000e+00 7.780000000000000249e+00 8.500000000000000000e+00 4.650000000000000355e+00
-1.000000000000000000e+00 6.820000000000000284e+00 3.479999999999999982e+00 1.100000000000000089e+00 3.459999999999999964e+00 3.180000000000000160e+00 -1.000000000000000000e+00 7.690000000000000391e+00 8.460000000000000853e+00 4.679999999999999716e+00
-1.000000000000000000e+00 6.730000000000000426e+00 4.000000000000000000e+00 1.060000000000000053e+00 3.490000000000000213e+00 3.209999999999999964e+00 -1.000000000000000000e+00 7.709999999999999964e+00 8.480000000000000426e+00 4.679999999999999716e+00
-1.000000000000000000e+00 6.740000000000000213e+00 3.689999999999999947e+00 1.070000000000000062e+00 3.470000000000000195e+00 3.140000000000000124e+00 -1.000000000000000000e+00 7.750000000000000000e+00 8.460000000000000853e+00 4.690000000000000391e+00
-1.000000000000000000e+00 6.780000000000000249e+00 3.970000000000000195e+00 1.070000000000000062e+00 3.490000000000000213e+00 3.240000000000000213e+00 -1.000000000000000000e+00 7.730000000000000426e+00 8.439999999999999503e+00 4.679999999999999716e+00
-1.000000000000000000e+00 6.660000000000000142e+00 3.750000000000000000e+00 1.060000000000000053e+00 3.470000000000000195e+00 3.140000000000000124e+00 -1.000000000000000000e+00 7.809999999999999609e+00 8.500000000000000000e+00 4.679999999999999716e+00
-1.000000000000000000e+00 6.730000000000000426e+00 4.040000000000000036e+00 1.050000000000000044e+00 3.470000000000000195e+00 3.129999999999999893e+00 -1.000000000000000000e+00 7.790000000000000036e+00 8.419999999999999929e+00 4.709999999999999964e+00
-1.000000000000000000e+00 6.730000000000000426e+00 4.009999999999999787e+00 1.110000000000000098e+00 3.470000000000000195e+00 3.160000000000000142e+00 -1.000000000000000000e+00 7.759999999999999787e+00 8.539999999999999147e+00 4.690000000000000391e+00
-1.000000000000000000e+00 6.679999999999999716e+00 4.030000000000000249e+00 1.080000000000000071e+00 3.490000000000000213e+00 3.189999999999999947e+00 -1.000000000000000000e+00 7.679999999999999716e+00 8.429999999999999716e+00 4.719999999999999751e+00
-1.000000000000000000e+00 6.750000000000000000e+00 4.019999999999999574e+00 1.070000000000000062e+00 3.479999999999999982e+00 3.189999999999999947e+00 -1.000000000000000000e+00 7.790000000000000036e+00 8.439999999999999503e+00 4.709999999999999964e+00
-1.000000000000000000e+00 6.769999999999999574e+00 4.030000000000000249e+00 1.080000000000000071e+00 3.490000000000000213e+00 3.180000000000000160e+00 -1.000000000000000000e+00 7.750000000000000000e+00 8.400000000000000355e+00 4.690000000000000391e+00
-1.000000000000000000e+00 6.700000000000000178e+00 3.740000000000000213e+00 1.110000000000000098e+00 3.470000000000000195e+00 3.149999999999999911e+00 -1.000000000000000000e+00 7.719999999999999751e+00 8.460000000000000853e+00 4.700000000000000178e+00
-1.000000000000000000e+00 6.740000000000000213e+00 3.979999999999999982e+00 1.070000000000000062e+00 3.500000000000000000e+00 3.120000000000000107e+00 -1.000000000000000000e+00 7.780000000000000249e+00 8.400000000000000355e+00 4.679999999999999716e+00
-1.000000000000000000e+00 6.750000000000000000e+00 4.049999999999999822e+00 1.100000000000000089e+00 3.560000000000000053e+00 3.250000000000000000e+00 -1.000000000000000000e+00 7.740000000000000213e+00 8.470000000000000639e+00 4.700000000000000178e+00
-1.000000000000000000e+00 6.709999999999999964e+00 3.640000000000000124e+00 1.060000000000000053e+00 3.490000000000000213e+00 3.169999999999999929e+00 -1.000000000000000000e+00 7.750000000000000000e+00 8.449999999999999289e+00 4.679999999999999716e+00
-1.000000000000000000e+00 6.799999999999999822e+00 3.729999999999999982e+00 1.090000000000000080e+00 3.490000000000000213e+00 3.189999999999999947e+00 -1.000000000000000000e+00 7.740000000000000213e+00 8.470000000000000639e+00 4.740000000000000213e+00
-1.000000000000000000e+00 6.669999999999999929e+00 4.019999999999999574e+00 1.090000000000000080e+00 3.490000000000000213e+00 3.120000000000000107e+00 -1.000000000000000000e+00 7.700000000000000178e+00 8.429999999999999716e+00 4.700000000000000178e+00
-1.000000000000000000e+00 6.769999999999999574e+00 4.030000000000000249e+00 1.080000000000000071e+00 3.509999999999999787e+00 3.129999999999999893e+00 -1.000000000000000000e+00 7.809999999999999609e+00 8.460000000000000853e+00 4.679999999999999716e+00
-1.000000000000000000e+00 6.750000000000000000e+00 3.700000000000000178e+00 1.070000000000000062e+00 3.500000000000000000e+00 3.100000000000000089e+00 -1.000000000000000000e+00 7.730000000000000426e+00 8.480000000000000426e+00 4.679999999999999716e+00
-1.000000000000000000e+00 6.750000000000000000e+00 4.049999999999999822e+00 1.070000000000000062e+00 3.479999999999999982e+00 3.120000000000000107e+00 -1.000000000000000000e+00 7.740000000000000213e+00 8.550000000000000711e+00 4.700000000000000178e+00
-1.000000000000000000e+00 6.690000000000000391e+00 3.410000000000000142e+00 1.060000000000000053e+00 3.459999999999999964e+00 3.100000000000000089e+00 -1.000000000000000000e+00 7.730000000000000426e+00 8.460000000000000853e+00 4.700000000000000178e+00
-1.000000000000000000e+00 6.730000000000000426e+00 3.750000000000000000e+00 1.090000000000000080e+00 3.500000000000000000e+00 3.200000000000000178e+00 -1.000000000000000000e+00 7.799999999999999822e+00 8.439999999999999503e+00 4.679999999999999716e+00
-1.000000000000000000e+00 6.700000000000000178e+00 4.030000000000000249e+00 1.050000000000000044e+00 3.459999999999999964e+00 3.169999999999999929e+00 -1.000000000000000000e+00 7.730000000000000426e+00 8.470000000000000639e+00 4.700000000000000178e+00
-1.000000000000000000e+00 6.709999999999999964e+00 4.070000000000000284e+00 1.129999999999999893e+00 3.470000000000000195e+00 3.149999999999999911e+00 -1.000000000000000000e+00 7.820000000000000284e+00 8.500000000000000000e+00 4.740000000000000213e+00
-1.000000000000000000e+00 6.730000000000000426e+00 4.080000000000000071e+00 1.050000000000000044e+00 3.490000000000000213e+00 3.120000000000000107e+00 -1.000000000000000000e+00 7.780000000000000249e+00 8.470000000000000639e+00 4.690000000000000391e+00
-1.000000000000000000e+00 6.759999999999999787e+00 3.399999999999999911e+00 1.100000000000000089e+00 3.479999999999999982e+00 3.189999999999999947e+00 -1.000000000000000000e+00 7.650000000000000355e+00 8.470000000000000639e+00 4.700000000000000178e+00
-1.000000000000000000e+00 6.740000000000000213e+00 4.080000000000000071e+00 1.080000000000000071e+00 3.490000000000000213e+00 3.229999999999999982e+00 -1.000000000000000000e+00 7.790000000000000036e+00 8.480000000000000426e+00 4.690000000000000391e+00
-1.000000000000000000e+00 6.709999999999999964e+00 3.729999999999999982e+00 1.040000000000000036e+00 3.490000000000000213e+00 3.140000000000000124e+00 -1.000000000000000000e+00 7.679999999999999716e+00 8.419999999999999929e+00 4.709999999999999964e+00
-1.000000000000000000e+00 6.709999999999999964e+00 3.819999999999999840e+00 1.080000000000000071e+00 3.479999999999999982e+00 3.149999999999999911e+00 -1.000000000000000000e+00 7.769999999999999574e+00 8.509999999999999787e+00 4.709999999999999964e+00
-1.000000000000000000e+00 6.780000000000000249e+00 3.640000000000000124e+00 1.050000000000000044e+00 3.509999999999999787e+00 3.149999999999999911e+00 -1.000000000000000000e+00 7.650000000000000355e+00 8.490000000000000213e+00 4.700000000000000178e+00
-1.000000000000000000e+00 6.740000000000000213e+00 4.059999999999999609e+00 1.070000000000000062e+00 3.500000000000000000e+00 3.180000000000000160e+00 -1.000000000000000000e+00 7.780000000000000249e+00 8.449999999999999289e+00 4.709999999999999964e+00
-1.000000000000000000e+00 6.700000000000000178e+00 3.790000000000000036e+00 1.050000000000000044e+00 3.490000000000000213e+00 3.270000000000000018e+00 -1.000000000000000000e+00 7.830000000000000071e+00 8.480000000000000426e+00 4.730000000000000426e+00
-1.000000000000000000e+00 6.679999999999999716e+00 3.410000000000000142e+00 1.060000000000000053e+00 3.509999999999999787e+00 3.250000000000000000e+00 -1.000000000000000000e+00 7.839999999999999858e+00 8.449999999999999289e+00 4.750000000000000000e+00
-1.000000000000000000e+00 6.719999999999999751e+00 3.779999999999999805e+00 1.060000000000000053e+00 3.459999999999999964e+00 3.209999999999999964e+00 -1.000000000000000000e+00 7.740000000000000213e+00 8.470000000000000639e+00 4.730000000000000426e+00
-1.000000000000000000e+00 6.750000000000000000e+00 3.310000000000000053e+00 1.050000000000000044e+00 3.490000000000000213e+00 3.220000000000000195e+00 -1.000000000000000000e+00 7.730000000000000426e+00 8.470000000000000639e+00 4.690000000000000391e+00
-1.000000000000000000e+00 6.679999999999999716e+00 4.019999999999999574e+00 1.010000000000000009e+00 3.479999999999999982e+00 3.169999999999999929e+00 -1.000000000000000000e+00 7.660000000000000142e+00 8.470000000000000639e+00 4.730000000000000426e+00
-1.000000000000000000e+00 6.740000000000000213e+00 4.059999999999999609e+00 1.050000000000000044e+00 3.470000000000000195e+00 3.180000000000000160e+00 -1.000000000000000000e+00 7.769999999999999574e+00 8.490000000000000213e+00 4.740000000000000213e+00
-1.000000000000000000e+00 6.769999999999999574e+00 4.059999999999999609e+00 1.110000000000000098e+00 3.490000000000000213e+00 3.229999999999999982e+00 -1.000000000000000000e+00 7.719999999999999751e+00 8.419999999999999929e+00 4.730000000000000426e+00
-1.000000000000000000e+00 6.719999999999999751e+00 4.080000000000000071e+00 1.100000000000000089e+00 3.490000000000000213e+00 3.149999999999999911e+00 -1.000000000000000000e+00 7.799999999999999822e+00 8.490000000000000213e+00 4.679999999999999716e+00
-1.000000000000000000e+00 6.679999999999999716e+00 4.019999999999999574e+00 1.040000000000000036e+00 3.500000000000000000e+00 3.229999999999999982e+00 -1.000000000000000000e+00 7.660000000000000142e+00 8.509999999999999787e+00 4.679999999999999716e+00
-1.000000000000000000e+00 6.759999999999999787e+00 3.339999999999999858e+00 1.050000000000000044e+00 3.490000000000000213e+00 3.189999999999999947e+00 -1.000000000000000000e+00 7.700000000000000178e+00 8.470000000000000639e+00 4.690000000000000391e+00
-1.000000000000000000e+00 6.759999999999999787e+00 4.040000000000000036e+00 1.050000000000000044e+00 3.490000000000000213e+00 3.200000000000000178e+00 -1.000000000000000000e+00 7.790000000000000036e+00 8.470000000000000639e+00 4.719999999999999751e+00
-1.000000000000000000e+00 6.769999999999999574e+00 4.049999999999999822e+00 1.030000000000000027e+00 3.500000000000000000e+00 3.180000000000000160e+00 -1.000000000000000000e+00 7.799999999999999822e+00 8.500000000000000000e+00 4.679999999999999716e+00
-1.000000000000000000e+00 6.639999999999999680e+00 3.689999999999999947e+00 1.090000000000000080e+00 3.509999999999999787e+00 3.129999999999999893e+00 -1.000000000000000000e+00 7.629999999999999893e+00 8.529999999999999361e+00 4.690000000000000391e+00
-1.000000000000000000e+00 6.809999999999999609e+00 3.680000000000000160e+00 1.060000000000000053e+00 3.479999999999999982e+00 3.259999999999999787e+00 -1.000000000000000000e+00 7.780000000000000249e+00 8.490000000000000213e+00 4.709999999999999964e+00
-1.000000000000000000e+00 6.709999999999999964e+00 3.720000000000000195e+00 1.070000000000000062e+00 3.470000000000000195e+00 3.180000000000000160e+00 -1.000000000000000000e+00 7.799999999999999822e+00 8.460000000000000853e+00 4.700000000000000178e+00
-1.000000000000000000e+00 6.750000000000000000e+00 3.709999999999999964e+00 1.060000000000000053e+00 3.509999999999999787e+00 3.149999999999999911e+00 -1.000000000000000000e+00 7.719999999999999751e+00 8.410000000000000142e+00 4.690000000000000391e+00
-1.000000000000000000e+00 6.799999999999999822e+00 4.120000000000000107e+00 1.030000000000000027e+00 3.500000000000000000e+00 3.169999999999999929e+00 -1.000000000000000000e+00 7.730000000000000426e+00 8.550000000000000711e+00 4.679999999999999716e+00
-1.000000000000000000e+00 6.669999999999999929e+00 3.689999999999999947e+00 1.070000000000000062e+00 3.479999999999999982e+00 3.180000000000000160e+00 -1.000000000000000000e+00 7.759999999999999787e+00 8.480000000000000426e+00 4.709999999999999964e+00
-1.000000000000000000e+00 6.669999999999999929e+00 3.589999999999999858e+00 1.070000000000000062e+00 3.490000000000000213e+00 3.109999999999999876e+00 -1.000000000000000000e+00 7.790000000000000036e+00 8.439999999999999503e+00 4.709999999999999964e+00
-1.000000000000000000e+00 6.700000000000000178e+00 3.729999999999999982e+00 1.030000000000000027e+00 3.490000000000000213e+00 3.149999999999999911e+00 -1.000000000000000000e+00 7.700000000000000178e+00 8.490000000000000213e+00 4.740000000000000213e+00
-1.000000000000000000e+00 6.700000000000000178e+00 3.470000000000000195e+00 1.050000000000000044e+00 3.479999999999999982e+00 3.169999999999999929e+00 -1.000000000000000000e+00 7.809999999999999609e+00 8.509999999999999787e+00 4.700000000000000178e+00
-1.000000000000000000e+00 6.690000000000000391e+00 3.740000000000000213e+00 1.080000000000000071e+00 3.459999999999999964e+00 3.180000000000000160e+00 -1.000000000000000000e+00 7.700000000000000178e+00 8.470000000000000639e+00 4.679999999999999716e+00
-1.000000000000000000e+00 6.769999999999999574e+00 3.439999999999999947e+00 1.090000000000000080e+00 3.490000000000000213e+00 3.160000000000000142e+00 -1.000000000000000000e+00 7.730000000000000426e+00 8.470000000000000639e+00 4.669999999999999929e+00
-1.000000000000000000e+00 6.759999999999999787e+00 3.770000000000000018e+00 1.050000000000000044e+00 3.470000000000000195e+00 3.189999999999999947e+00 -1.000000000000000000e+00 7.790000000000000036e+00 8.500000000000000000e+00 4.740000000000000213e+00
-1.000000000000000000e+00 6.690000000000000391e+00 4.009999999999999787e+00 1.110000000000000098e+00 3.470000000000000195e+00 3.180000000000000160e+00 -1.000000000000000000e+00 7.660000000000000142e+00 8.410000000000000142e+00 4.669999999999999929e+00
-1.000000000000000000e+00 6.740000000000000213e+00 3.790000000000000036e+00 1.080000000000000071e+00 3.470000000000000195e+00 3.149999999999999911e+00 -1.000000000000000000e+00 7.730000000000000426e+00 8.490000000000000213e+00 4.679999999999999716e+00
-1.000000000000000000e+00 6.769999999999999574e+00 4.000000000000000000e+00 1.100000000000000089e+00 3.500000000000000000e+00 3.169999999999999929e+00 -1.000000000000000000e+00 7.719999999999999751e+00 8.529999999999999361e+00 4.740000000000000213e+00
-1.000000000000000000e+00 6.679999999999999716e+00 3.720000000000000195e+00 1.110000000000000098e+00 3.500000000000000000e+00 3.180000000000000160e+00 -1.000000000000000000e+00 7.809999999999999609e+00 8.480000000000000426e+00 4.690000000000000391e+00
-1.000000000000000000e+00 6.790000000000000036e+00 4.009999999999999787e+00 1.120000000000000107e+00 3.490000000000000213e+00 3.109999999999999876e+00 -1.000000000000000000e+00 7.709999999999999964e+00 8.439999999999999503e+00 4.740000000000000213e+00
-1.000000000000000000e+00 6.679999999999999716e+00 4.059999999999999609e+00 1.129999999999999893e+00 3.490000000000000213e+00 3.129999999999999893e+00 -1.000000000000000000e+00 7.780000000000000249e+00 8.470000000000000639e+00 4.679999999999999716e+00
-1.000000000000000000e+00 6.780000000000000249e+00 4.009999999999999787e+00 1.030000000000000027e+00 3.490000000000000213e+00 3.169999999999999929e+00 -1.000000000000000000e+00 7.750000000000000000e+00 8.470000000000000639e+00 4.660000000000000142e+00
-1.000000000000000000e+00 6.690000000000000391e+00 3.990000000000000213e+00 1.100000000000000089e+00 3.479999999999999982e+00 3.180000000000000160e+00 -1.000000000000000000e+00 7.709999999999999964e+00 8.470000000000000639e+00 4.690000000000000391e+00
-1.000000000000000000e+00 6.700000000000000178e+00 4.070000000000000284e+00 1.040000000000000036e+00 3.490000000000000213e+00 3.209999999999999964e+00 -1.000000000000000000e+00 7.790000000000000036e+00 8.460000000000000853e+00 4.719999999999999751e+00
-1.000000000000000000e+00 6.790000000000000036e+00 3.990000000000000213e+00 1.060000000000000053e+00 3.470000000000000195e+00 3.140000000000000124e+00 -1.000000000000000000e+00 7.700000000000000178e+00 8.449999999999999289e+00 4.700000000000000178e+00
-1.000000000000000000e+00 6.690000000000000391e+00 3.720000000000000195e+00 1.120000000000000107e+00 3.500000000000000000e+00 3.129999999999999893e+00 -1.000000000000000000e+00 7.780000000000000249e+00 8.480000000000000426e+00 4.650000000000000355e+00
-1.000000000000000000e+00 6.750000000000000000e+00 3.990000000000000213e+00 1.110000000000000098e+00 3.509999999999999787e+00 3.180000000000000160e+00 -1.000000000000000000e+00 7.700000000000000178e+00 8.509999999999999787e+00 4.669999999999999929e+00
-1.000000000000000000e+00 6.750000000000000000e+00 3.649999999999999911e+00 1.090000000000000080e+00 3.479999999999999982e+00 3.129999999999999893e+00 -1.000000000000000000e+00 7.759999999999999787e+00 8.460000000000000853e+00 4.719999999999999751e+00
-1.000000000000000000e+00 6.730000000000000426e+00 3.740000000000000213e+00 1.050000000000000044e+00 3.470000000000000195e+00 3.160000000000000142e+00 -1.000000000000000000e+00 7.740000000000000213e+00 8.460000000000000853e+00 4.669999999999999929e+00
-1.000000000000000000e+00 6.709999999999999964e+00 3.720000000000000195e+00 1.060000000000000053e+00 3.509999999999999787e+00 3.160000000000000142e+00 -1.000000000000000000e+00 7.740000000000000213e+00 8.490000000000000213e+00 4.660000000000000142e+00
-1.000000000000000000e+00 6.740000000000000213e+00 4.009999999999999787e+00 1.110000000000000098e+00 3.479999999999999982e+00 3.160000000000000142e+00 -1.000000000000000000e+00 7.759999999999999787e+00 8.519999999999999574e+00 4.669999999999999929e+00
-1.000000000000000000e+00 6.660000000000000142e+00 4.000000000000000000e+00 1.050000000000000044e+00 3.509999999999999787e+00 3.129999999999999893e+00 -1.000000000000000000e+00 7.709999999999999964e+00 8.470000000000000639e+00 4.709999999999999964e+00
-1.000000000000000000e+00 6.709999999999999964e+00 4.049999999999999822e+00 1.080000000000000071e+00 3.490000000000000213e+00 3.229999999999999982e+00 -1.000000000000000000e+00 7.780000000000000249e+00 8.449999999999999289e+00 4.679999999999999716e+00
-1.000000000000000000e+00 6.750000000000000000e+00 4.040000000000000036e+00 1.090000000000000080e+00 3.450000000000000178e+00 3.180000000000000160e+00 -1.000000000000000000e+00 7.759999999999999787e+00 8.429999999999999716e+00 4.709999999999999964e+00
-1.000000000000000000e+00 6.730000000000000426e+00 4.009999999999999787e+00 1.120000000000000107e+00 3.450000000000000178e+00 3.229999999999999982e+00 -1.000000000000000000e+00 7.769999999999999574e+00 8.410000000000000142e+00 4.730000000000000426e+00
-1.000000000000000000e+00 6.750000000000000000e+00 3.729999999999999982e+00 1.010000000000000009e+00 3.470000000000000195e+00 3.189999999999999947e+00 -1.000000000000000000e+00 7.730000000000000426e+00 8.539999999999999147e+00 4.690000000000000391e+00
-1.000000000000000000e+00 6.719999999999999751e+00 3.700000000000000178e+00 1.070000000000000062e+00 3.470000000000000195e+00 3.189999999999999947e+00 -1.000000000000000000e+00 7.730000000000000426e+00 8.480000000000000426e+00 4.679999999999999716e+00
-1.000000000000000000e+00 6.750000000000000000e+00 3.790000000000000036e+00 1.070000000000000062e+00 3.500000000000000000e+00 3.109999999999999876e+00 -1.000000000000000000e+00 7.740000000000000213e+00 8.449999999999999289e+00 4.669999999999999929e+00
-1.000000000000000000e+00 6.730000000000000426e+00 3.700000000000000178e+00 1.060000000000000053e+00 3.509999999999999787e+00 3.149999999999999911e+00 -1.000000000000000000e+00 7.650000000000000355e+00 8.500000000000000000e+00 4.690000000000000391e+00
-1.000000000000000000e+00 6.750000000000000000e+00 4.030000000000000249e+00 1.110000000000000098e+00 3.470000000000000195e+00 3.080000000000000071e+00 -1.000000000000000000e+00 7.750000000000000000e+00 8.470000000000000639e+00 4.709999999999999964e+00
-1.000000000000000000e+00 6.719999999999999751e+00 3.770000000000000018e+00 1.050000000000000044e+00 3.479999999999999982e+00 3.160000000000000142e+00 -1.000000000000000000e+00 7.700000000000000178e+00 8.490000000000000213e+00 4.669999999999999929e+00
-1.000000000000000000e+00 6.790000000000000036e+00 4.000000000000000000e+00 1.110000000000000098e+00 3.509999999999999787e+00 3.129999999999999893e+00 -1.000000000000000000e+00 7.769999999999999574e+00 8.490000000000000213e+00 4.660000000000000142e+00
-1.000000000000000000e+00 6.759999999999999787e+00 3.959999999999999964e+00 1.139999999999999902e+00 3.490000000000000213e+00 3.200000000000000178e+00 -1.000000000000000000e+00 7.759999999999999787e+00 8.460000000000000853e+00 4.719999999999999751e+00
-1.000000000000000000e+00 6.769999999999999574e+00 3.640000000000000124e+00 1.090000000000000080e+00 3.459999999999999964e+00 3.169999999999999929e+00 -1.000000000000000000e+00 7.719999999999999751e+00 8.460000000000000853e+00 4.700000000000000178e+00
-1.000000000000000000e+00 6.629999999999999893e+00 4.040000000000000036e+00 1.090000000000000080e+00 3.490000000000000213e+00 3.259999999999999787e+00 -1.000000000000000000e+00 7.740000000000000213e+00 8.460000000000000853e+00 4.690000000000000391e+00
-1.000000000000000000e+00 6.740000000000000213e+00 3.600000000000000089e+00 1.050000000000000044e+00 3.490000000000000213e+00 3.209999999999999964e+00 -1.000000000000000000e+00 7.679999999999999716e+00 8.460000000000000853e+00 4.730000000000000426e+00
-1.000000000000000000e+00 6.790000000000000036e+00 3.770000000000000018e+00 1.080000000000000071e+00 3.470000000000000195e+00 3.100000000000000089e+00 -1.000000000000000000e+00 7.740000000000000213e+00 8.490000000000000213e+00 4.700000000000000178e+00
-1.000000000000000000e+00 6.730000000000000426e+00 3.689999999999999947e+00 1.100000000000000089e+00 3.509999999999999787e+00 3.189999999999999947e+00 -1.000000000000000000e+00 7.830000000000000071e+00 8.490000000000000213e+00 4.709999999999999964e+00
-1.000000000000000000e+00 -1.000000000000000000e+00 3.759999999999999787e+00 1.060000000000000053e+00 3.479999999999999982e+00 3.200000000000000178e+00 -1.000000000000000000e+00 7.830000000000000071e+00 8.449999999999999289e+00 4.690000000000000391e+00
-1.000000000000000000e+00 6.759999999999999787e+00 3.700000000000000178e+00 1.040000000000000036e+00 3.500000000000000000e+00 3.140000000000000124e+00 -1.000000000000000000e+00 7.740000000000000213e+00 8.480000000000000426e+00 -1.000000000000000000e+00
-1.000000000000000000e+00 6.669999999999999929e+00 3.750000000000000000e+00 1.060000000000000053e+00 3.470000000000000195e+00 3.109999999999999876e+00 -1.000000000000000000e+00 7.740000000000000213e+00 8.529999999999999361e+00 4.700000000000000178e+00
-1.000000000000000000e+00 6.759999999999999787e+00 4.019999999999999574e+00 1.040000000000000036e+00 3.479999999999999982e+00 3.200000000000000178e+00 -1.000000000000000000e+00 7.669999999999999929e+00 8.519999999999999574e+00 4.679999999999999716e+00
-1.000000000000000000e+00 6.809999999999999609e+00 3.689999999999999947e+00 1.040000000000000036e+00 3.500000000000000000e+00 3.169999999999999929e+00 -1.000000000000000000e+00 7.730000000000000426e+00 8.429999999999999716e+00 -1.000000000000000000e+00
-1.000000000000000000e+00 6.660000000000000142e+00 4.000000000000000000e+00 1.060000000000000053e+00 3.439999999999999947e+00 3.200000000000000178e+00 -1.000000000000000000e+00 7.740000000000000213e+00 8.460000000000000853e+00 4.719999999999999751e+00
-1.000000000000000000e+00 6.780000000000000249e+00 3.720000000000000195e+00 1.070000000000000062e+00 3.509999999999999787e+00 3.200000000000000178e+00 -1.000000000000000000e+00 7.740000000000000213e+00 8.529999999999999361e+00 4.660000000000000142e+00
-1.000000000000000000e+00 6.769999999999999574e+00 4.040000000000000036e+00 1.080000000000000071e+00 3.470000000000000195e+00 3.200000000000000178e+00 -1.000000000000000000e+00 7.709999999999999964e+00 8.500000000000000000e+00 4.690000000000000391e+00
