-1.000000000000000000e+00 -1.000000000000000000e+00 -1.000000000000000000e+00 -1.000000000000000000e+00 -1.000000000000000000e+00 -1.000000000000000000e+00 -1.000000000000000000e+00 -1.000000000000000000e+00 -1.000000000000000000e+00 -1.000000000000000000e+00
-1.000000000000000000e+00 6.110000000000000320e+00 1.050000000000000044e+00 3.500000000000000000e+00 4.599999999999999645e+00 -1.000000000000000000e+00 3.419999999999999929e+00 8.779999999999999361e+00 8.859999999999999432e+00 3.459999999999999964e+00
-1.000000000000000000e+00 6.160000000000000142e+00 1.060000000000000053e+00 3.500000000000000000e+00 4.629999999999999893e+00 -1.000000000000000000e+00 3.439999999999999947e+00 8.669999999999999929e+00 8.849999999999999645e+00 3.509999999999999787e+00
-1.000000000000000000e+00 6.209999999999999964e+00 1.030000000000000027e+00 3.540000000000000036e+00 4.620000000000000107e+00 -1.000000000000000000e+00 3.500000000000000000e+00 8.800000000000000711e+00 8.820000000000000284e+00 3.500000000000000000e+00
-1.000000000000000000e+00 6.169999999999999929e+00 1.050000000000000044e+00 3.640000000000000124e+00 4.650000000000000355e+00 -1.000000000000000000e+00 3.500000000000000000e+00 8.830000000000000071e+00 8.849999999999999645e+00 3.520000000000000018e+00
-1.000000000000000000e+00 6.110000000000000320e+00 1.020000000000000018e+00 3.609999999999999876e+00 4.660000000000000142e+00 -1.000000000000000000e+00 3.490000000000000213e+00 8.769999999999999574e+00 8.949999999999999289e+00 3.500000000000000000e+00
-1.000000000000000000e+00 6.139999999999999680e+00 1.020000000000000018e+00 3.600000000000000089e+00 4.629999999999999893e+00 -1.000000000000000000e+00 3.540000000000000036e+00 8.820000000000000284e+00 8.849999999999999645e+00 3.509999999999999787e+00
-1.000000000000000000e+00 6.150000000000000355e+00 9.899999999999999911e-01 3.549999999999999822e+00 4.669999999999999929e+00 -1.000000000000000000e+00 3.459999999999999964e+00 8.769999999999999574e+00 8.849999999999999645e+00 3.470000000000000195e+00
-1.000000000000000000e+00 6.150000000000000355e+00 1.040000000000000036e+00 3.580000000000000071e+00 4.650000000000000355e+00 -1.000000000000000000e+00 3.479999999999999982e+00 8.800000000000000711e+00 8.859999999999999432e+00 3.500000000000000000e+00
-1.000000000000000000e+00 6.129999999999999893e+00 1.050000000000000044e+00 4.059999999999999609e+00 4.599999999999999645e+00 -1.000000000000000000e+00 3.450000000000000178e+00 8.689999999999999503e+00 8.900000000000000355e+00 3.490000000000000213e+00
-1.000000000000000000e+00 6.129999999999999893e+00 1.040000000000000036e+00 4.059999999999999609e+00 4.620000000000000107e+00 -1.000000000000000000e+00 3.410000000000000142e+00 8.710000000000000853e+00 8.910000000000000142e+00 3.500000000000000000e+00
-1.000000000000000000e+00 6.099999999999999645e+00 1.040000000000000036e+00 3.770000000000000018e+00 4.570000000000000284e+00 -1.000000000000000000e+00 3.459999999999999964e+00 8.769999999999999574e+00 8.830000000000000071e+00 3.509999999999999787e+00
-1.000000000000000000e+00 6.129999999999999893e+00 1.040000000000000036e+00 4.019999999999999574e+00 4.599999999999999645e+00 -1.000000000000000000e+00 3.640000000000000124e+00 8.720000000000000639e+00 8.839999999999999858e+00 3.529999999999999805e+00
-1.000000000000000000e+00 6.089999999999999858e+00 1.030000000000000027e+00 3.759999999999999787e+00 4.660000000000000142e+00 -1.000000000000000000e+00 3.600000000000000089e+00 8.779999999999999361e+00 8.830000000000000071e+00 3.479999999999999982e+00
-1.000000000000000000e+00 6.089999999999999858e+00 1.070000000000000062e+00 4.049999999999999822e+00 4.610000000000000320e+00 -1.000000000000000000e+00 3.540000000000000036e+00 8.810000000000000497e+00 8.839999999999999858e+00 3.500000000000000000e+00
-1.000000000000000000e+00 6.080000000000000071e+00 1.060000000000000053e+00 4.049999999999999822e+00 4.610000000000000320e+00 -1.000000000000000000e+00 3.390000000000000124e+00 8.789999999999999147e+00 8.820000000000000284e+00 3.490000000000000213e+00
-1.000000000000000000e+00 6.160000000000000142e+00 1.080000000000000071e+00 3.799999999999999822e+00 4.580000000000000071e+00 -1.000000000000000000e+00 3.680000000000000160e+00 8.689999999999999503e+00 8.849999999999999645e+00 3.500000000000000000e+00
-1.000000000000000000e+00 6.139999999999999680e+00 1.050000000000000044e+00 3.720000000000000195e+00 4.650000000000000355e+00 -1.000000000000000000e+00 3.629999999999999893e+00 8.730000000000000426e+00 8.830000000000000071e+00 3.529999999999999805e+00
-1.000000000000000000e+00 6.190000000000000391e+00 1.030000000000000027e+00 4.030000000000000249e+00 4.669999999999999929e+00 -1.000000000000000000e+00 3.529999999999999805e+00 8.730000000000000426e+00 8.830000000000000071e+00 3.500000000000000000e+00
-1.000000000000000000e+00 6.179999999999999716e+00 1.030000000000000027e+00 4.099999999999999645e+00 4.639999999999999680e+00 -1.000000000000000000e+00 3.569999999999999840e+00 8.800000000000000711e+00 8.849999999999999645e+00 3.529999999999999805e+00
-1.000000000000000000e+00 6.110000000000000320e+00 1.060000000000000053e+00 4.049999999999999822e+00 4.589999999999999858e+00 -1.000000000000000000e+00 3.629999999999999893e+00 8.800000000000000711e+00 8.789999999999999147e+00 3.560000000000000053e+00
-1.000000000000000000e+00 6.120000000000000107e+00 9.899999999999999911e-01 4.059999999999999609e+00 4.610000000000000320e+00 -1.000000000000000000e+00 3.459999999999999964e+00 8.810000000000000497e+00 8.869999999999999218e+00 3.520000000000000018e+00
-1.000000000000000000e+00 6.089999999999999858e+00 1.040000000000000036e+00 4.009999999999999787e+00 4.589999999999999858e+00 -1.000000000000000000e+00 3.459999999999999964e+00 8.800000000000000711e+00 8.849999999999999645e+00 3.500000000000000000e+00
-1.000000000000000000e+00 6.049999999999999822e+00 1.020000000000000018e+00 3.970000000000000195e+00 4.610000000000000320e+00 -1.000000000000000000e+00 3.430000000000000160e+00 8.730000000000000426e+00 8.810000000000000497e+00 3.509999999999999787e+00
-1.000000000000000000e+00 6.089999999999999858e+00 1.060000000000000053e+00 3.970000000000000195e+00 4.599999999999999645e+00 -1.000000000000000000e+00 3.379999999999999893e+00 8.769999999999999574e+00 8.820000000000000284e+00 3.490000000000000213e+00
-1.000000000000000000e+00 6.169999999999999929e+00 1.030000000000000027e+00 3.950000000000000178e+00 4.610000000000000320e+00 -1.000000000000000000e+00 3.540000000000000036e+00 8.869999999999999218e+00 8.820000000000000284e+00 3.529999999999999805e+00
-1.000000000000000000e+00 6.169999999999999929e+00 1.010000000000000009e+00 3.790000000000000036e+00 4.599999999999999645e+00 -1.000000000000000000e+00 3.479999999999999982e+00 8.900000000000000355e+00 8.939999999999999503e+00 3.529999999999999805e+00
-1.000000000000000000e+00 6.160000000000000142e+00 1.010000000000000009e+00 3.680000000000000160e+00 4.570000000000000284e+00 -1.000000000000000000e+00 3.549999999999999822e+00 8.880000000000000782e+00 8.890000000000000568e+00 3.540000000000000036e+00
-1.000000000000000000e+00 6.169999999999999929e+00 1.070000000000000062e+00 3.660000000000000142e+00 4.629999999999999893e+00 -1.000000000000000000e+00 3.490000000000000213e+00 8.890000000000000568e+00 8.910000000000000142e+00 3.520000000000000018e+00
-1.000000000000000000e+00 6.089999999999999858e+00 1.010000000000000009e+00 3.620000000000000107e+00 4.589999999999999858e+00 -1.000000000000000000e+00 3.520000000000000018e+00 8.849999999999999645e+00 8.939999999999999503e+00 3.500000000000000000e+00
-1.000000000000000000e+00 6.099999999999999645e+00 9.899999999999999911e-01 3.549999999999999822e+00 4.660000000000000142e+00 -1.000000000000000000e+00 3.459999999999999964e+00 8.769999999999999574e+00 8.980000000000000426e+00 3.540000000000000036e+00
-1.000000000000000000e+00 6.160000000000000142e+00 1.040000000000000036e+00 3.589999999999999858e+00 4.589999999999999858e+00 -1.000000000000000000e+00 -1.000000000000000000e+00 8.730000000000000426e+00 8.980000000000000426e+00 3.529999999999999805e+00
-1.000000000000000000e+00 6.129999999999999893e+00 1.030000000000000027e+00 3.609999999999999876e+00 4.549999999999999822e+00 -1.000000000000000000e+00 3.390000000000000124e+00 8.769999999999999574e+00 9.109999999999999432e+00 3.450000000000000178e+00
-1.000000000000000000e+00 6.080000000000000071e+00 1.000000000000000000e+00 3.600000000000000089e+00 4.599999999999999645e+00 -1.000000000000000000e+00 3.410000000000000142e+00 8.740000000000000213e+00 9.050000000000000711e+00 3.509999999999999787e+00
-1.000000000000000000e+00 6.139999999999999680e+00 1.010000000000000009e+00 3.640000000000000124e+00 4.629999999999999893e+00 -1.000000000000000000e+00 3.419999999999999929e+00 8.660000000000000142e+00 9.130000000000000782e+00 3.490000000000000213e+00
-1.000000000000000000e+00 6.129999999999999893e+00 9.899999999999999911e-01 3.640000000000000124e+00 4.650000000000000355e+00 -1.000000000000000000e+00 3.410000000000000142e+00 8.740000000000000213e+00 9.050000000000000711e+00 3.540000000000000036e+00
-1.000000000000000000e+00 6.110000000000000320e+00 1.010000000000000009e+00 3.589999999999999858e+00 4.589999999999999858e+00 -1.000000000000000000e+00 3.509999999999999787e+00 8.740000000000000213e+00 9.009999999999999787e+00 3.490000000000000213e+00
-1.000000000000000000e+00 6.099999999999999645e+00 1.030000000000000027e+00 3.660000000000000142e+00 4.639999999999999680e+00 -1.000000000000000000e+00 3.419999999999999929e+00 8.660000000000000142e+00 9.050000000000000711e+00 3.490000000000000213e+00
-1.000000000000000000e+00 6.120000000000000107e+00 1.050000000000000044e+00 3.629999999999999893e+00 4.660000000000000142e+00 -1.000000000000000000e+00 3.439999999999999947e+00 8.779999999999999361e+00 8.929999999999999716e+00 3.490000000000000213e+00
-1.000000000000000000e+00 6.150000000000000355e+00 1.020000000000000018e+00 3.609999999999999876e+00 4.629999999999999893e+00 -1.000000000000000000e+00 3.509999999999999787e+00 8.730000000000000426e+00 8.859999999999999432e+00 3.470000000000000195e+00
-1.000000000000000000e+00 6.099999999999999645e+00 1.050000000000000044e+00 3.620000000000000107e+00 4.639999999999999680e+00 -1.000000000000000000e+00 3.459999999999999964e+00 8.640000000000000568e+00 8.849999999999999645e+00 3.490000000000000213e+00
-1.000000000000000000e+00 6.089999999999999858e+00 1.000000000000000000e+00 3.600000000000000089e+00 4.669999999999999929e+00 -1.000000000000000000e+00 3.439999999999999947e+00 8.679999999999999716e+00 8.869999999999999218e+00 3.490000000000000213e+00
-1.000000000000000000e+00 6.070000000000000284e+00 1.020000000000000018e+00 3.640000000000000124e+00 4.629999999999999893e+00 -1.000000000000000000e+00 3.450000000000000178e+00 8.759999999999999787e+00 8.800000000000000711e+00 3.500000000000000000e+00
-1.000000000000000000e+00 6.089999999999999858e+00 1.020000000000000018e+00 3.560000000000000053e+00 4.620000000000000107e+00 -1.000000000000000000e+00 3.470000000000000195e+00 8.789999999999999147e+00 8.830000000000000071e+00 3.529999999999999805e+00
-1.000000000000000000e+00 6.089999999999999858e+00 1.000000000000000000e+00 3.620000000000000107e+00 4.660000000000000142e+00 -1.000000000000000000e+00 3.359999999999999876e+00 8.689999999999999503e+00 8.869999999999999218e+00 3.529999999999999805e+00
-1.000000000000000000e+00 6.110000000000000320e+00 1.030000000000000027e+00 3.600000000000000089e+00 4.580000000000000071e+00 -1.000000000000000000e+00 3.569999999999999840e+00 8.699999999999999289e+00 8.789999999999999147e+00 3.560000000000000053e+00
-1.000000000000000000e+00 6.139999999999999680e+00 1.030000000000000027e+00 3.689999999999999947e+00 4.669999999999999929e+00 -1.000000000000000000e+00 -1.000000000000000000e+00 8.730000000000000426e+00 8.849999999999999645e+00 3.479999999999999982e+00
-1.000000000000000000e+00 6.089999999999999858e+00 9.899999999999999911e-01 3.770000000000000018e+00 4.639999999999999680e+00 -1.000000000000000000e+00 3.410000000000000142e+00 8.699999999999999289e+00 8.740000000000000213e+00 3.439999999999999947e+00
-1.000000000000000000e+00 6.139999999999999680e+00 1.040000000000000036e+00 3.660000000000000142e+00 4.639999999999999680e+00 -1.000000000000000000e+00 3.419999999999999929e+00 8.820000000000000284e+00 8.839999999999999858e+00 3.500000000000000000e+00
-1.000000000000000000e+00 6.129999999999999893e+00 1.040000000000000036e+00 3.799999999999999822e+00 4.620000000000000107e+00 -1.000000000000000000e+00 3.490000000000000213e+00 8.720000000000000639e+00 8.750000000000000000e+00 3.509999999999999787e+00
-1.000000000000000000e+00 6.179999999999999716e+00 1.030000000000000027e+00 3.729999999999999982e+00 4.610000000000000320e+00 -1.000000000000000000e+00 3.529999999999999805e+00 8.789999999999999147e+00 8.800000000000000711e+00 3.490000000000000213e+00
-1.000000000000000000e+00 6.129999999999999893e+00 1.060000000000000053e+00 3.520000000000000018e+00 4.679999999999999716e+00 -1.000000000000000000e+00 3.549999999999999822e+00 8.679999999999999716e+00 8.830000000000000071e+00 3.459999999999999964e+00
-1.000000000000000000e+00 6.240000000000000213e+00 1.010000000000000009e+00 3.660000000000000142e+00 4.610000000000000320e+00 -1.000000000000000000e+00 3.390000000000000124e+00 8.720000000000000639e+00 8.730000000000000426e+00 3.490000000000000213e+00
-1.000000000000000000e+00 6.179999999999999716e+00 9.899999999999999911e-01 3.859999999999999876e+00 4.669999999999999929e+00 -1.000000000000000000e+00 3.410000000000000142e+00 8.750000000000000000e+00 8.849999999999999645e+00 3.490000000000000213e+00
-1.000000000000000000e+00 6.129999999999999893e+00 1.090000000000000080e+00 4.070000000000000284e+00 4.610000000000000320e+00 -1.000000000000000000e+00 3.589999999999999858e+00 8.759999999999999787e+00 8.800000000000000711e+00 3.490000000000000213e+00
-1.000000000000000000e+00 6.160000000000000142e+00 1.110000000000000098e+00 3.680000000000000160e+00 4.589999999999999858e+00 -1.000000000000000000e+00 3.479999999999999982e+00 8.759999999999999787e+00 8.689999999999999503e+00 3.509999999999999787e+00
-1.000000000000000000e+00 6.089999999999999858e+00 1.060000000000000053e+00 3.649999999999999911e+00 4.570000000000000284e+00 -1.000000000000000000e+00 3.459999999999999964e+00 8.679999999999999716e+00 8.830000000000000071e+00 3.470000000000000195e+00
-1.000000000000000000e+00 6.110000000000000320e+00 1.050000000000000044e+00 3.830000000000000071e+00 4.679999999999999716e+00 -1.000000000000000000e+00 3.479999999999999982e+00 8.699999999999999289e+00 8.679999999999999716e+00 3.479999999999999982e+00
-1.000000000000000000e+00 6.110000000000000320e+00 1.000000000000000000e+00 3.700000000000000178e+00 4.620000000000000107e+00 -1.000000000000000000e+00 3.410000000000000142e+00 8.720000000000000639e+00 8.810000000000000497e+00 3.490000000000000213e+00
-1.000000000000000000e+00 6.099999999999999645e+00 1.050000000000000044e+00 3.680000000000000160e+00 4.679999999999999716e+00 -1.000000000000000000e+00 3.410000000000000142e+00 8.699999999999999289e+00 8.619999999999999218e+00 3.509999999999999787e+00
-1.000000000000000000e+00 6.139999999999999680e+00 1.070000000000000062e+00 3.600000000000000089e+00 4.669999999999999929e+00 -1.000000000000000000e+00 3.410000000000000142e+00 8.740000000000000213e+00 8.699999999999999289e+00 3.509999999999999787e+00
-1.000000000000000000e+00 6.190000000000000391e+00 1.050000000000000044e+00 3.560000000000000053e+00 4.599999999999999645e+00 -1.000000000000000000e+00 3.399999999999999911e+00 8.779999999999999361e+00 8.769999999999999574e+00 3.479999999999999982e+00
-1.000000000000000000e+00 6.139999999999999680e+00 1.040000000000000036e+00 3.600000000000000089e+00 4.629999999999999893e+00 -1.000000000000000000e+00 3.500000000000000000e+00 8.740000000000000213e+00 8.759999999999999787e+00 3.490000000000000213e+00
-1.000000000000000000e+00 6.129999999999999893e+00 1.060000000000000053e+00 3.620000000000000107e+00 4.650000000000000355e+00 -1.000000000000000000e+00 3.479999999999999982e+00 8.839999999999999858e+00 8.830000000000000071e+00 3.500000000000000000e+00
-1.000000000000000000e+00 6.150000000000000355e+00 1.050000000000000044e+00 3.640000000000000124e+00 4.629999999999999893e+00 -1.000000000000000000e+00 3.370000000000000107e+00 8.650000000000000355e+00 8.820000000000000284e+00 3.470000000000000195e+00
-1.000000000000000000e+00 6.110000000000000320e+00 1.100000000000000089e+00 3.569999999999999840e+00 4.639999999999999680e+00 -1.000000000000000000e+00 3.430000000000000160e+00 8.640000000000000568e+00 8.900000000000000355e+00 3.500000000000000000e+00
-1.000000000000000000e+00 6.070000000000000284e+00 1.050000000000000044e+00 3.540000000000000036e+00 4.610000000000000320e+00 -1.000000000000000000e+00 3.529999999999999805e+00 8.689999999999999503e+00 8.740000000000000213e+00 3.529999999999999805e+00
-1.000000000000000000e+00 6.160000000000000142e+00 1.050000000000000044e+00 3.540000000000000036e+00 4.639999999999999680e+00 -1.000000000000000000e+00 3.439999999999999947e+00 8.740000000000000213e+00 8.820000000000000284e+00 3.479999999999999982e+00
-1.000000000000000000e+00 6.070000000000000284e+00 1.000000000000000000e+00 3.529999999999999805e+00 4.669999999999999929e+00 -1.000000000000000000e+00 3.490000000000000213e+00 8.630000000000000782e+00 8.929999999999999716e+00 3.450000000000000178e+00
-1.000000000000000000e+00 6.120000000000000107e+00 1.060000000000000053e+00 3.589999999999999858e+00 4.629999999999999893e+00 -1.000000000000000000e+00 3.479999999999999982e+00 8.789999999999999147e+00 9.050000000000000711e+00 3.490000000000000213e+00
-1.000000000000000000e+00 6.099999999999999645e+00 1.010000000000000009e+00 3.569999999999999840e+00 -1.000000000000000000e+00 -1.000000000000000000e+00 3.410000000000000142e+00 8.630000000000000782e+00 9.140000000000000568e+00 3.470000000000000195e+00
-1.000000000000000000e+00 6.070000000000000284e+00 1.050000000000000044e+00 3.540000000000000036e+00 4.599999999999999645e+00 -1.000000000000000000e+00 3.430000000000000160e+00 8.689999999999999503e+00 8.769999999999999574e+00 3.520000000000000018e+00
-1.000000000000000000e+00 6.150000000000000355e+00 1.040000000000000036e+00 3.640000000000000124e+00 4.599999999999999645e+00 -1.000000000000000000e+00 3.439999999999999947e+00 8.759999999999999787e+00 8.929999999999999716e+00 3.490000000000000213e+00
-1.000000000000000000e+00 6.150000000000000355e+00 1.030000000000000027e+00 3.560000000000000053e+00 4.580000000000000071e+00 -1.000000000000000000e+00 3.470000000000000195e+00 8.699999999999999289e+00 9.179999999999999716e+00 3.520000000000000018e+00
-1.000000000000000000e+00 6.099999999999999645e+00 1.050000000000000044e+00 3.589999999999999858e+00 4.620000000000000107e+00 -1.000000000000000000e+00 3.410000000000000142e+00 8.740000000000000213e+00 9.250000000000000000e+00 3.520000000000000018e+00
-1.000000000000000000e+00 6.070000000000000284e+00 1.030000000000000027e+00 3.600000000000000089e+00 4.610000000000000320e+00 -1.000000000000000000e+00 3.410000000000000142e+00 8.730000000000000426e+00 9.390000000000000568e+00 3.520000000000000018e+00
-1.000000000000000000e+00 6.089999999999999858e+00 1.010000000000000009e+00 3.549999999999999822e+00 4.549999999999999822e+00 -1.000000000000000000e+00 3.410000000000000142e+00 8.720000000000000639e+00 8.849999999999999645e+00 3.479999999999999982e+00
-1.000000000000000000e+00 6.099999999999999645e+00 1.040000000000000036e+00 3.600000000000000089e+00 4.580000000000000071e+00 -1.000000000000000000e+00 3.459999999999999964e+00 8.789999999999999147e+00 8.919999999999999929e+00 3.540000000000000036e+00
-1.000000000000000000e+00 6.120000000000000107e+00 9.899999999999999911e-01 3.580000000000000071e+00 4.650000000000000355e+00 -1.000000000000000000e+00 3.509999999999999787e+00 8.779999999999999361e+00 8.980000000000000426e+00 3.470000000000000195e+00
-1.000000000000000000e+00 6.129999999999999893e+00 1.040000000000000036e+00 3.589999999999999858e+00 4.570000000000000284e+00 -1.000000000000000000e+00 -1.000000000000000000e+00 8.720000000000000639e+00 9.119999999999999218e+00 3.509999999999999787e+00
-1.000000000000000000e+00 6.080000000000000071e+00 1.010000000000000009e+00 3.560000000000000053e+00 4.589999999999999858e+00 -1.000000000000000000e+00 3.379999999999999893e+00 8.750000000000000000e+00 8.949999999999999289e+00 3.419999999999999929e+00
-1.000000000000000000e+00 6.120000000000000107e+00 1.050000000000000044e+00 3.600000000000000089e+00 4.650000000000000355e+00 -1.000000000000000000e+00 3.399999999999999911e+00 8.660000000000000142e+00 9.000000000000000000e+00 3.529999999999999805e+00
-1.000000000000000000e+00 6.089999999999999858e+00 1.020000000000000018e+00 3.560000000000000053e+00 4.610000000000000320e+00 -1.000000000000000000e+00 3.580000000000000071e+00 8.740000000000000213e+00 9.240000000000000213e+00 3.490000000000000213e+00
-1.000000000000000000e+00 6.080000000000000071e+00 1.000000000000000000e+00 3.569999999999999840e+00 4.639999999999999680e+00 -1.000000000000000000e+00 3.569999999999999840e+00 8.779999999999999361e+00 8.900000000000000355e+00 3.490000000000000213e+00
-1.000000000000000000e+00 6.139999999999999680e+00 1.040000000000000036e+00 3.569999999999999840e+00 4.629999999999999893e+00 -1.000000000000000000e+00 3.450000000000000178e+00 8.800000000000000711e+00 8.849999999999999645e+00 3.509999999999999787e+00
-1.000000000000000000e+00 6.129999999999999893e+00 1.050000000000000044e+00 3.629999999999999893e+00 4.530000000000000249e+00 -1.000000000000000000e+00 3.549999999999999822e+00 8.830000000000000071e+00 8.869999999999999218e+00 3.490000000000000213e+00
-1.000000000000000000e+00 6.070000000000000284e+00 1.110000000000000098e+00 3.620000000000000107e+00 4.610000000000000320e+00 -1.000000000000000000e+00 3.640000000000000124e+00 8.750000000000000000e+00 8.890000000000000568e+00 3.549999999999999822e+00
-1.000000000000000000e+00 6.080000000000000071e+00 1.050000000000000044e+00 3.649999999999999911e+00 4.639999999999999680e+00 -1.000000000000000000e+00 3.439999999999999947e+00 8.789999999999999147e+00 8.929999999999999716e+00 3.459999999999999964e+00
-1.000000000000000000e+00 6.070000000000000284e+00 1.070000000000000062e+00 3.680000000000000160e+00 4.660000000000000142e+00 -1.000000000000000000e+00 3.500000000000000000e+00 8.720000000000000639e+00 9.019999999999999574e+00 3.509999999999999787e+00
-1.000000000000000000e+00 6.080000000000000071e+00 1.050000000000000044e+00 3.589999999999999858e+00 4.610000000000000320e+00 -1.000000000000000000e+00 3.459999999999999964e+00 8.810000000000000497e+00 9.150000000000000355e+00 3.490000000000000213e+00
-1.000000000000000000e+00 6.150000000000000355e+00 1.090000000000000080e+00 3.560000000000000053e+00 4.660000000000000142e+00 -1.000000000000000000e+00 3.470000000000000195e+00 8.669999999999999929e+00 9.109999999999999432e+00 3.500000000000000000e+00
-1.000000000000000000e+00 6.200000000000000178e+00 1.090000000000000080e+00 3.620000000000000107e+00 4.679999999999999716e+00 -1.000000000000000000e+00 3.450000000000000178e+00 8.660000000000000142e+00 9.160000000000000142e+00 3.500000000000000000e+00
-1.000000000000000000e+00 6.160000000000000142e+00 1.030000000000000027e+00 3.580000000000000071e+00 4.599999999999999645e+00 -1.000000000000000000e+00 3.450000000000000178e+00 8.759999999999999787e+00 8.849999999999999645e+00 3.500000000000000000e+00
-1.000000000000000000e+00 6.169999999999999929e+00 1.050000000000000044e+00 3.580000000000000071e+00 4.559999999999999609e+00 -1.000000000000000000e+00 3.410000000000000142e+00 8.679999999999999716e+00 8.800000000000000711e+00 3.500000000000000000e+00
-1.000000000000000000e+00 6.129999999999999893e+00 1.050000000000000044e+00 3.569999999999999840e+00 4.719999999999999751e+00 -1.000000000000000000e+00 3.560000000000000053e+00 8.740000000000000213e+00 9.070000000000000284e+00 3.490000000000000213e+00
-1.000000000000000000e+00 6.200000000000000178e+00 1.060000000000000053e+00 3.580000000000000071e+00 4.690000000000000391e+00 -1.000000000000000000e+00 3.490000000000000213e+00 8.849999999999999645e+00 8.919999999999999929e+00 3.529999999999999805e+00
-1.000000000000000000e+00 6.169999999999999929e+00 1.050000000000000044e+00 3.589999999999999858e+00 4.599999999999999645e+00 -1.000000000000000000e+00 3.479999999999999982e+00 8.779999999999999361e+00 8.890000000000000568e+00 3.560000000000000053e+00
-1.000000000000000000e+00 6.080000000000000071e+00 1.100000000000000089e+00 3.580000000000000071e+00 4.629999999999999893e+00 -1.000000000000000000e+00 3.529999999999999805e+00 8.859999999999999432e+00 8.939999999999999503e+00 3.540000000000000036e+00
-1.000000000000000000e+00 6.129999999999999893e+00 1.080000000000000071e+00 3.580000000000000071e+00 4.589999999999999858e+00 -1.000000000000000000e+00 3.569999999999999840e+00 8.830000000000000071e+00 8.990000000000000213e+00 3.500000000000000000e+00
-1.000000000000000000e+00 6.160000000000000142e+00 1.090000000000000080e+00 3.569999999999999840e+00 4.629999999999999893e+00 -1.000000000000000000e+00 3.640000000000000124e+00 8.910000000000000142e+00 8.849999999999999645e+00 3.500000000000000000e+00
