-1.000000000000000000e+00 -1.000000000000000000e+00 -1.000000000000000000e+00 -1.000000000000000000e+00 -1.000000000000000000e+00 -1.000000000000000000e+00 -1.000000000000000000e+00 -1.000000000000000000e+00 -1.000000000000000000e+00 -1.000000000000000000e+00
2.060000000000000053e+00 2.060999999999999943e+01 2.041000000000000014e+01 9.830000000000000071e+00 -1.000000000000000000e+00 1.353999999999999915e+01 -1.000000000000000000e+00 4.969999999999999751e+00 5.099999999999999645e+00 9.689999999999999503e+00
2.069999999999999840e+00 2.067999999999999972e+01 2.042000000000000171e+01 9.830000000000000071e+00 -1.000000000000000000e+00 -1.000000000000000000e+00 -1.000000000000000000e+00 4.910000000000000142e+00 5.089999999999999858e+00 9.710000000000000853e+00
1.969999999999999973e+00 2.067999999999999972e+01 2.042999999999999972e+01 9.830000000000000071e+00 -1.000000000000000000e+00 1.355000000000000071e+01 -1.000000000000000000e+00 4.969999999999999751e+00 5.160000000000000142e+00 9.669999999999999929e+00
2.060000000000000053e+00 2.060000000000000142e+01 2.044999999999999929e+01 9.869999999999999218e+00 -1.000000000000000000e+00 1.347000000000000064e+01 -1.000000000000000000e+00 4.969999999999999751e+00 5.139999999999999680e+00 9.640000000000000568e+00
2.069999999999999840e+00 2.067999999999999972e+01 2.046000000000000085e+01 9.839999999999999858e+00 -1.000000000000000000e+00 -1.000000000000000000e+00 -1.000000000000000000e+00 4.940000000000000391e+00 5.129999999999999893e+00 9.759999999999999787e+00
2.060000000000000053e+00 2.062000000000000099e+01 2.048000000000000043e+01 9.880000000000000782e+00 -1.000000000000000000e+00 1.346000000000000085e+01 -1.000000000000000000e+00 5.059999999999999609e+00 5.219999999999999751e+00 9.660000000000000142e+00
2.080000000000000071e+00 2.046000000000000085e+01 2.041000000000000014e+01 9.769999999999999574e+00 -1.000000000000000000e+00 1.363000000000000078e+01 -1.000000000000000000e+00 4.990000000000000213e+00 5.160000000000000142e+00 9.720000000000000639e+00
2.040000000000000036e+00 2.062000000000000099e+01 2.051000000000000156e+01 9.830000000000000071e+00 -1.000000000000000000e+00 -1.000000000000000000e+00 -1.000000000000000000e+00 4.969999999999999751e+00 5.120000000000000107e+00 9.689999999999999503e+00
1.989999999999999991e+00 2.057999999999999829e+01 2.046999999999999886e+01 9.869999999999999218e+00 -1.000000000000000000e+00 1.346000000000000085e+01 -1.000000000000000000e+00 4.950000000000000178e+00 5.139999999999999680e+00 9.740000000000000213e+00
2.009999999999999787e+00 2.066000000000000014e+01 2.042999999999999972e+01 9.839999999999999858e+00 -1.000000000000000000e+00 -1.000000000000000000e+00 -1.000000000000000000e+00 4.950000000000000178e+00 5.129999999999999893e+00 9.740000000000000213e+00
2.100000000000000089e+00 2.039999999999999858e+01 2.042000000000000171e+01 9.800000000000000711e+00 -1.000000000000000000e+00 -1.000000000000000000e+00 -1.000000000000000000e+00 5.000000000000000000e+00 5.209999999999999964e+00 9.730000000000000426e+00
2.000000000000000000e+00 2.051000000000000156e+01 2.042999999999999972e+01 9.810000000000000497e+00 -1.000000000000000000e+00 1.363000000000000078e+01 -1.000000000000000000e+00 5.000000000000000000e+00 5.230000000000000426e+00 9.669999999999999929e+00
2.060000000000000053e+00 2.067000000000000171e+01 2.042999999999999972e+01 9.830000000000000071e+00 -1.000000000000000000e+00 1.356000000000000050e+01 -1.000000000000000000e+00 4.940000000000000391e+00 5.120000000000000107e+00 9.720000000000000639e+00
2.060000000000000053e+00 2.067999999999999972e+01 2.046000000000000085e+01 9.830000000000000071e+00 -1.000000000000000000e+00 1.342999999999999972e+01 -1.000000000000000000e+00 4.919999999999999929e+00 5.129999999999999893e+00 9.769999999999999574e+00
2.109999999999999876e+00 2.051000000000000156e+01 2.048000000000000043e+01 9.779999999999999361e+00 -1.000000000000000000e+00 -1.000000000000000000e+00 -1.000000000000000000e+00 4.950000000000000178e+00 5.129999999999999893e+00 9.710000000000000853e+00
2.020000000000000018e+00 2.055000000000000071e+01 2.048999999999999844e+01 9.779999999999999361e+00 -1.000000000000000000e+00 1.351999999999999957e+01 -1.000000000000000000e+00 4.959999999999999964e+00 5.129999999999999893e+00 9.669999999999999929e+00
2.060000000000000053e+00 2.062999999999999901e+01 2.044999999999999929e+01 9.820000000000000284e+00 -1.000000000000000000e+00 -1.000000000000000000e+00 -1.000000000000000000e+00 4.969999999999999751e+00 5.169999999999999929e+00 9.699999999999999289e+00
2.029999999999999805e+00 2.035999999999999943e+01 2.051000000000000156e+01 9.880000000000000782e+00 -1.000000000000000000e+00 -1.000000000000000000e+00 -1.000000000000000000e+00 4.990000000000000213e+00 5.190000000000000391e+00 9.640000000000000568e+00
2.100000000000000089e+00 2.062999999999999901e+01 2.048000000000000043e+01 9.919999999999999929e+00 -1.000000000000000000e+00 1.350000000000000000e+01 -1.000000000000000000e+00 5.000000000000000000e+00 5.139999999999999680e+00 9.730000000000000426e+00
2.020000000000000018e+00 2.060000000000000142e+01 2.041000000000000014e+01 9.869999999999999218e+00 -1.000000000000000000e+00 -1.000000000000000000e+00 -1.000000000000000000e+00 4.950000000000000178e+00 5.169999999999999929e+00 9.750000000000000000e+00
2.109999999999999876e+00 2.062000000000000099e+01 2.048999999999999844e+01 9.789999999999999147e+00 -1.000000000000000000e+00 -1.000000000000000000e+00 -1.000000000000000000e+00 4.980000000000000426e+00 5.190000000000000391e+00 9.640000000000000568e+00
2.049999999999999822e+00 2.060000000000000142e+01 2.042999999999999972e+01 9.849999999999999645e+00 -1.000000000000000000e+00 -1.000000000000000000e+00 -1.000000000000000000e+00 4.969999999999999751e+00 -1.000000000000000000e+00 9.710000000000000853e+00
2.060000000000000053e+00 2.055000000000000071e+01 2.046999999999999886e+01 9.839999999999999858e+00 -1.000000000000000000e+00 -1.000000000000000000e+00 -1.000000000000000000e+00 4.959999999999999964e+00 5.129999999999999893e+00 9.669999999999999929e+00
2.089999999999999858e+00 2.066000000000000014e+01 2.041000000000000014e+01 9.779999999999999361e+00 -1.000000000000000000e+00 -1.000000000000000000e+00 -1.000000000000000000e+00 4.969999999999999751e+00 5.169999999999999929e+00 9.679999999999999716e+00
2.040000000000000036e+00 2.062999999999999901e+01 2.046999999999999886e+01 9.779999999999999361e+00 -1.000000000000000000e+00 -1.000000000000000000e+00 -1.000000000000000000e+00 4.969999999999999751e+00 5.129999999999999893e+00 9.699999999999999289e+00
2.060000000000000053e+00 2.062999999999999901e+01 2.046999999999999886e+01 9.830000000000000071e+00 -1.000000000000000000e+00 -1.000000000000000000e+00 -1.000000000000000000e+00 4.980000000000000426e+00 5.129999999999999893e+00 9.730000000000000426e+00
2.089999999999999858e+00 2.053999999999999915e+01 2.044999999999999929e+01 9.810000000000000497e+00 -1.000000000000000000e+00 -1.000000000000000000e+00 -1.000000000000000000e+00 4.990000000000000213e+00 5.179999999999999716e+00 9.630000000000000782e+00
2.060000000000000053e+00 2.058999999999999986e+01 2.050000000000000000e+01 9.830000000000000071e+00 -1.000000000000000000e+00 -1.000000000000000000e+00 -1.000000000000000000e+00 4.959999999999999964e+00 5.160000000000000142e+00 9.660000000000000142e+00
2.020000000000000018e+00 2.048999999999999844e+01 2.039999999999999858e+01 9.810000000000000497e+00 -1.000000000000000000e+00 -1.000000000000000000e+00 -1.000000000000000000e+00 5.000000000000000000e+00 5.209999999999999964e+00 9.650000000000000355e+00
2.020000000000000018e+00 2.060999999999999943e+01 2.042999999999999972e+01 9.859999999999999432e+00 -1.000000000000000000e+00 1.346000000000000085e+01 -1.000000000000000000e+00 4.969999999999999751e+00 5.150000000000000355e+00 9.589999999999999858e+00
2.060000000000000053e+00 2.060000000000000142e+01 2.042000000000000171e+01 -1.000000000000000000e+00 -1.000000000000000000e+00 -1.000000000000000000e+00 -1.000000000000000000e+00 4.969999999999999751e+00 5.120000000000000107e+00 9.679999999999999716e+00
2.009999999999999787e+00 2.060999999999999943e+01 2.046999999999999886e+01 9.769999999999999574e+00 -1.000000000000000000e+00 -1.000000000000000000e+00 -1.000000000000000000e+00 4.969999999999999751e+00 5.160000000000000142e+00 9.660000000000000142e+00
2.069999999999999840e+00 2.064000000000000057e+01 2.044999999999999929e+01 9.830000000000000071e+00 -1.000000000000000000e+00 -1.000000000000000000e+00 -1.000000000000000000e+00 4.940000000000000391e+00 5.120000000000000107e+00 9.730000000000000426e+00
-1.000000000000000000e+00 2.058999999999999986e+01 2.053999999999999915e+01 9.839999999999999858e+00 -1.000000000000000000e+00 -1.000000000000000000e+00 -1.000000000000000000e+00 5.009999999999999787e+00 5.129999999999999893e+00 9.609999999999999432e+00
-1.000000000000000000e+00 2.057000000000000028e+01 2.041000000000000014e+01 9.789999999999999147e+00 -1.000000000000000000e+00 -1.000000000000000000e+00 -1.000000000000000000e+00 4.959999999999999964e+00 5.160000000000000142e+00 9.689999999999999503e+00
-1.000000000000000000e+00 2.044000000000000128e+01 2.044000000000000128e+01 9.830000000000000071e+00 -1.000000000000000000e+00 1.358999999999999986e+01 -1.000000000000000000e+00 5.049999999999999822e+00 5.089999999999999858e+00 9.769999999999999574e+00
-1.000000000000000000e+00 2.051000000000000156e+01 2.039000000000000057e+01 9.869999999999999218e+00 -1.000000000000000000e+00 1.341000000000000014e+01 -1.000000000000000000e+00 4.969999999999999751e+00 5.179999999999999716e+00 9.750000000000000000e+00
-1.000000000000000000e+00 2.071000000000000085e+01 2.046999999999999886e+01 9.800000000000000711e+00 -1.000000000000000000e+00 1.351999999999999957e+01 -1.000000000000000000e+00 4.919999999999999929e+00 5.169999999999999929e+00 9.730000000000000426e+00
-1.000000000000000000e+00 2.058999999999999986e+01 2.048000000000000043e+01 -1.000000000000000000e+00 -1.000000000000000000e+00 -1.000000000000000000e+00 -1.000000000000000000e+00 5.030000000000000249e+00 5.179999999999999716e+00 9.699999999999999289e+00
-1.000000000000000000e+00 2.057000000000000028e+01 2.046000000000000085e+01 9.849999999999999645e+00 -1.000000000000000000e+00 1.350000000000000000e+01 -1.000000000000000000e+00 4.980000000000000426e+00 5.200000000000000178e+00 9.689999999999999503e+00
-1.000000000000000000e+00 2.062999999999999901e+01 2.044000000000000128e+01 9.830000000000000071e+00 -1.000000000000000000e+00 1.360999999999999943e+01 -1.000000000000000000e+00 4.940000000000000391e+00 5.179999999999999716e+00 9.669999999999999929e+00
-1.000000000000000000e+00 2.055000000000000071e+01 2.044999999999999929e+01 -1.000000000000000000e+00 -1.000000000000000000e+00 -1.000000000000000000e+00 -1.000000000000000000e+00 4.929999999999999716e+00 5.139999999999999680e+00 9.710000000000000853e+00
-1.000000000000000000e+00 2.044000000000000128e+01 2.048999999999999844e+01 9.839999999999999858e+00 -1.000000000000000000e+00 1.350000000000000000e+01 -1.000000000000000000e+00 4.990000000000000213e+00 5.169999999999999929e+00 9.740000000000000213e+00
-1.000000000000000000e+00 2.067999999999999972e+01 2.051999999999999957e+01 9.830000000000000071e+00 -1.000000000000000000e+00 1.350999999999999979e+01 -1.000000000000000000e+00 4.959999999999999964e+00 5.059999999999999609e+00 9.679999999999999716e+00
-1.000000000000000000e+00 2.062000000000000099e+01 2.046999999999999886e+01 9.820000000000000284e+00 -1.000000000000000000e+00 1.350999999999999979e+01 -1.000000000000000000e+00 4.950000000000000178e+00 5.139999999999999680e+00 9.759999999999999787e+00
-1.000000000000000000e+00 2.057000000000000028e+01 2.050000000000000000e+01 9.919999999999999929e+00 -1.000000000000000000e+00 1.355000000000000071e+01 -1.000000000000000000e+00 5.009999999999999787e+00 5.160000000000000142e+00 9.720000000000000639e+00
-1.000000000000000000e+00 2.067000000000000171e+01 2.050000000000000000e+01 9.859999999999999432e+00 -1.000000000000000000e+00 1.344999999999999929e+01 -1.000000000000000000e+00 4.919999999999999929e+00 5.200000000000000178e+00 9.769999999999999574e+00
-1.000000000000000000e+00 2.048999999999999844e+01 2.051000000000000156e+01 9.890000000000000568e+00 -1.000000000000000000e+00 1.358999999999999986e+01 -1.000000000000000000e+00 4.849999999999999645e+00 5.129999999999999893e+00 9.679999999999999716e+00
-1.000000000000000000e+00 2.058999999999999986e+01 2.044000000000000128e+01 -1.000000000000000000e+00 -1.000000000000000000e+00 -1.000000000000000000e+00 -1.000000000000000000e+00 4.940000000000000391e+00 5.129999999999999893e+00 9.779999999999999361e+00
-1.000000000000000000e+00 2.064000000000000057e+01 2.044000000000000128e+01 9.810000000000000497e+00 -1.000000000000000000e+00 1.358000000000000007e+01 -1.000000000000000000e+00 5.000000000000000000e+00 5.179999999999999716e+00 9.740000000000000213e+00
-1.000000000000000000e+00 2.062999999999999901e+01 2.048999999999999844e+01 9.750000000000000000e+00 -1.000000000000000000e+00 1.344999999999999929e+01 -1.000000000000000000e+00 4.969999999999999751e+00 5.179999999999999716e+00 9.730000000000000426e+00
-1.000000000000000000e+00 2.066000000000000014e+01 2.042999999999999972e+01 9.820000000000000284e+00 -1.000000000000000000e+00 1.346000000000000085e+01 -1.000000000000000000e+00 4.969999999999999751e+00 5.219999999999999751e+00 9.689999999999999503e+00
-1.000000000000000000e+00 2.062000000000000099e+01 2.042000000000000171e+01 -1.000000000000000000e+00 -1.000000000000000000e+00 -1.000000000000000000e+00 -1.000000000000000000e+00 4.950000000000000178e+00 5.150000000000000355e+00 9.669999999999999929e+00
-1.000000000000000000e+00 2.071000000000000085e+01 2.051999999999999957e+01 -1.000000000000000000e+00 -1.000000000000000000e+00 1.425999999999999979e+01 -1.000000000000000000e+00 4.940000000000000391e+00 5.209999999999999964e+00 9.679999999999999716e+00
-1.000000000000000000e+00 2.067999999999999972e+01 2.042000000000000171e+01 9.949999999999999289e+00 -1.000000000000000000e+00 1.357000000000000028e+01 -1.000000000000000000e+00 4.959999999999999964e+00 5.110000000000000320e+00 9.720000000000000639e+00
-1.000000000000000000e+00 2.066000000000000014e+01 2.051000000000000156e+01 9.830000000000000071e+00 -1.000000000000000000e+00 1.350999999999999979e+01 -1.000000000000000000e+00 4.959999999999999964e+00 5.240000000000000213e+00 9.689999999999999503e+00
-1.000000000000000000e+00 2.062999999999999901e+01 2.046999999999999886e+01 9.810000000000000497e+00 -1.000000000000000000e+00 -1.000000000000000000e+00 -1.000000000000000000e+00 4.969999999999999751e+00 5.200000000000000178e+00 9.740000000000000213e+00
-1.000000000000000000e+00 2.075000000000000000e+01 2.041000000000000014e+01 9.750000000000000000e+00 -1.000000000000000000e+00 -1.000000000000000000e+00 -1.000000000000000000e+00 4.969999999999999751e+00 5.150000000000000355e+00 9.609999999999999432e+00
-1.000000000000000000e+00 2.067999999999999972e+01 2.039999999999999858e+01 9.880000000000000782e+00 -1.000000000000000000e+00 1.349000000000000021e+01 -1.000000000000000000e+00 4.959999999999999964e+00 5.129999999999999893e+00 9.710000000000000853e+00
-1.000000000000000000e+00 2.069999999999999929e+01 2.046999999999999886e+01 9.820000000000000284e+00 -1.000000000000000000e+00 1.346000000000000085e+01 -1.000000000000000000e+00 4.839999999999999858e+00 5.200000000000000178e+00 9.679999999999999716e+00
-1.000000000000000000e+00 2.066000000000000014e+01 2.051000000000000156e+01 9.869999999999999218e+00 -1.000000000000000000e+00 -1.000000000000000000e+00 -1.000000000000000000e+00 4.959999999999999964e+00 5.179999999999999716e+00 9.750000000000000000e+00
-1.000000000000000000e+00 2.062999999999999901e+01 2.044000000000000128e+01 9.820000000000000284e+00 -1.000000000000000000e+00 -1.000000000000000000e+00 -1.000000000000000000e+00 5.030000000000000249e+00 5.169999999999999929e+00 9.650000000000000355e+00
-1.000000000000000000e+00 2.060000000000000142e+01 2.041000000000000014e+01 -1.000000000000000000e+00 -1.000000000000000000e+00 -1.000000000000000000e+00 -1.000000000000000000e+00 5.000000000000000000e+00 5.129999999999999893e+00 9.619999999999999218e+00
-1.000000000000000000e+00 2.062999999999999901e+01 2.039999999999999858e+01 9.919999999999999929e+00 -1.000000000000000000e+00 -1.000000000000000000e+00 -1.000000000000000000e+00 4.929999999999999716e+00 5.179999999999999716e+00 9.619999999999999218e+00
-1.000000000000000000e+00 2.039000000000000057e+01 2.055000000000000071e+01 9.750000000000000000e+00 -1.000000000000000000e+00 1.341000000000000014e+01 -1.000000000000000000e+00 4.940000000000000391e+00 5.160000000000000142e+00 9.660000000000000142e+00
-1.000000000000000000e+00 2.064000000000000057e+01 2.048000000000000043e+01 -1.000000000000000000e+00 -1.000000000000000000e+00 -1.000000000000000000e+00 -1.000000000000000000e+00 4.910000000000000142e+00 5.160000000000000142e+00 9.710000000000000853e+00
-1.000000000000000000e+00 2.057000000000000028e+01 2.042999999999999972e+01 9.820000000000000284e+00 -1.000000000000000000e+00 1.348000000000000043e+01 -1.000000000000000000e+00 4.969999999999999751e+00 5.110000000000000320e+00 9.679999999999999716e+00
-1.000000000000000000e+00 2.058999999999999986e+01 2.048000000000000043e+01 -1.000000000000000000e+00 -1.000000000000000000e+00 -1.000000000000000000e+00 -1.000000000000000000e+00 4.919999999999999929e+00 5.200000000000000178e+00 9.689999999999999503e+00
-1.000000000000000000e+00 2.064999999999999858e+01 2.046000000000000085e+01 -1.000000000000000000e+00 -1.000000000000000000e+00 1.334999999999999964e+01 -1.000000000000000000e+00 4.940000000000000391e+00 5.129999999999999893e+00 9.740000000000000213e+00
-1.000000000000000000e+00 2.069999999999999929e+01 2.046999999999999886e+01 9.800000000000000711e+00 -1.000000000000000000e+00 -1.000000000000000000e+00 -1.000000000000000000e+00 4.959999999999999964e+00 5.120000000000000107e+00 9.740000000000000213e+00
-1.000000000000000000e+00 2.058999999999999986e+01 2.039999999999999858e+01 9.830000000000000071e+00 -1.000000000000000000e+00 -1.000000000000000000e+00 -1.000000000000000000e+00 4.980000000000000426e+00 5.169999999999999929e+00 9.720000000000000639e+00
-1.000000000000000000e+00 2.055000000000000071e+01 2.046000000000000085e+01 9.759999999999999787e+00 -1.000000000000000000e+00 -1.000000000000000000e+00 -1.000000000000000000e+00 5.000000000000000000e+00 5.190000000000000391e+00 9.730000000000000426e+00
-1.000000000000000000e+00 2.062000000000000099e+01 2.042000000000000171e+01 9.800000000000000711e+00 -1.000000000000000000e+00 1.368999999999999950e+01 -1.000000000000000000e+00 4.940000000000000391e+00 5.150000000000000355e+00 9.679999999999999716e+00
-1.000000000000000000e+00 2.055999999999999872e+01 2.051999999999999957e+01 9.730000000000000426e+00 -1.000000000000000000e+00 -1.000000000000000000e+00 -1.000000000000000000e+00 4.900000000000000355e+00 5.139999999999999680e+00 9.730000000000000426e+00
-1.000000000000000000e+00 2.062000000000000099e+01 2.035000000000000142e+01 9.859999999999999432e+00 -1.000000000000000000e+00 -1.000000000000000000e+00 -1.000000000000000000e+00 5.019999999999999574e+00 5.160000000000000142e+00 9.679999999999999716e+00
-1.000000000000000000e+00 2.057999999999999829e+01 2.039999999999999858e+01 9.759999999999999787e+00 -1.000000000000000000e+00 -1.000000000000000000e+00 -1.000000000000000000e+00 4.959999999999999964e+00 5.139999999999999680e+00 9.660000000000000142e+00
-1.000000000000000000e+00 2.067000000000000171e+01 2.042000000000000171e+01 9.769999999999999574e+00 -1.000000000000000000e+00 1.340000000000000036e+01 -1.000000000000000000e+00 4.950000000000000178e+00 5.150000000000000355e+00 9.650000000000000355e+00
-1.000000000000000000e+00 2.067000000000000171e+01 2.042999999999999972e+01 9.820000000000000284e+00 -1.000000000000000000e+00 -1.000000000000000000e+00 -1.000000000000000000e+00 4.910000000000000142e+00 5.179999999999999716e+00 9.750000000000000000e+00
-1.000000000000000000e+00 2.064999999999999858e+01 2.051000000000000156e+01 9.789999999999999147e+00 -1.000000000000000000e+00 -1.000000000000000000e+00 -1.000000000000000000e+00 5.019999999999999574e+00 5.200000000000000178e+00 9.730000000000000426e+00
-1.000000000000000000e+00 2.041000000000000014e+01 2.044999999999999929e+01 9.750000000000000000e+00 -1.000000000000000000e+00 -1.000000000000000000e+00 -1.000000000000000000e+00 4.969999999999999751e+00 5.179999999999999716e+00 9.660000000000000142e+00
-1.000000000000000000e+00 2.037999999999999901e+01 2.051999999999999957e+01 9.890000000000000568e+00 -1.000000000000000000e+00 -1.000000000000000000e+00 -1.000000000000000000e+00 4.950000000000000178e+00 5.179999999999999716e+00 9.740000000000000213e+00
-1.000000000000000000e+00 2.055999999999999872e+01 2.044999999999999929e+01 9.779999999999999361e+00 -1.000000000000000000e+00 -1.000000000000000000e+00 -1.000000000000000000e+00 5.030000000000000249e+00 5.139999999999999680e+00 9.619999999999999218e+00
-1.000000000000000000e+00 2.057999999999999829e+01 2.041000000000000014e+01 9.900000000000000355e+00 -1.000000000000000000e+00 -1.000000000000000000e+00 -1.000000000000000000e+00 4.959999999999999964e+00 5.129999999999999893e+00 9.679999999999999716e+00
-1.000000000000000000e+00 2.064999999999999858e+01 2.041000000000000014e+01 9.919999999999999929e+00 -1.000000000000000000e+00 1.358999999999999986e+01 -1.000000000000000000e+00 4.940000000000000391e+00 5.200000000000000178e+00 9.740000000000000213e+00
-1.000000000000000000e+00 2.060000000000000142e+01 2.039000000000000057e+01 9.849999999999999645e+00 -1.000000000000000000e+00 -1.000000000000000000e+00 -1.000000000000000000e+00 4.889999999999999680e+00 5.200000000000000178e+00 9.759999999999999787e+00
-1.000000000000000000e+00 2.078000000000000114e+01 2.039999999999999858e+01 9.830000000000000071e+00 -1.000000000000000000e+00 -1.000000000000000000e+00 -1.000000000000000000e+00 4.940000000000000391e+00 5.190000000000000391e+00 9.750000000000000000e+00
-1.000000000000000000e+00 2.071000000000000085e+01 2.042000000000000171e+01 9.779999999999999361e+00 -1.000000000000000000e+00 -1.000000000000000000e+00 -1.000000000000000000e+00 4.969999999999999751e+00 5.179999999999999716e+00 9.740000000000000213e+00
-1.000000000000000000e+00 2.060999999999999943e+01 2.039999999999999858e+01 9.830000000000000071e+00 -1.000000000000000000e+00 -1.000000000000000000e+00 -1.000000000000000000e+00 4.990000000000000213e+00 5.169999999999999929e+00 9.669999999999999929e+00
-1.000000000000000000e+00 2.057000000000000028e+01 2.046999999999999886e+01 9.839999999999999858e+00 -1.000000000000000000e+00 -1.000000000000000000e+00 -1.000000000000000000e+00 4.969999999999999751e+00 5.129999999999999893e+00 9.679999999999999716e+00
-1.000000000000000000e+00 2.066000000000000014e+01 2.046000000000000085e+01 9.789999999999999147e+00 -1.000000000000000000e+00 -1.000000000000000000e+00 -1.000000000000000000e+00 5.000000000000000000e+00 5.190000000000000391e+00 1.025000000000000000e+01
-1.000000000000000000e+00 2.071999999999999886e+01 2.050000000000000000e+01 9.769999999999999574e+00 -1.000000000000000000e+00 -1.000000000000000000e+00 -1.000000000000000000e+00 4.959999999999999964e+00 5.099999999999999645e+00 9.710000000000000853e+00
-1.000000000000000000e+00 2.041000000000000014e+01 2.046000000000000085e+01 9.839999999999999858e+00 -1.000000000000000000e+00 -1.000000000000000000e+00 -1.000000000000000000e+00 4.969999999999999751e+00 5.200000000000000178e+00 9.699999999999999289e+00
-1.000000000000000000e+00 2.069999999999999929e+01 2.044999999999999929e+01 9.880000000000000782e+00 -1.000000000000000000e+00 -1.000000000000000000e+00 -1.000000000000000000e+00 4.959999999999999964e+00 5.129999999999999893e+00 9.599999999999999645e+00
-1.000000000000000000e+00 2.069999999999999929e+01 2.044000000000000128e+01 9.859999999999999432e+00 -1.000000000000000000e+00 -1.000000000000000000e+00 -1.000000000000000000e+00 4.950000000000000178e+00 5.250000000000000000e+00 9.750000000000000000e+00
-1.000000000000000000e+00 2.050000000000000000e+01 2.044000000000000128e+01 9.830000000000000071e+00 -1.000000000000000000e+00 -1.000000000000000000e+00 -1.000000000000000000e+00 4.950000000000000178e+00 5.120000000000000107e+00 9.720000000000000639e+00
-1.000000000000000000e+00 2.066000000000000014e+01 2.039000000000000057e+01 9.849999999999999645e+00 -1.000000000000000000e+00 -1.000000000000000000e+00 -1.000000000000000000e+00 4.980000000000000426e+00 5.169999999999999929e+00 9.669999999999999929e+00
-1.000000000000000000e+00 2.026999999999999957e+01 2.046999999999999886e+01 9.779999999999999361e+00 -1.000000000000000000e+00 1.355000000000000071e+01 -1.000000000000000000e+00 4.959999999999999964e+00 5.240000000000000213e+00 9.669999999999999929e+00
-1.000000000000000000e+00 2.064999999999999858e+01 2.039999999999999858e+01 9.859999999999999432e+00 -1.000000000000000000e+00 1.360999999999999943e+01 -1.000000000000000000e+00 4.900000000000000355e+00 5.129999999999999893e+00 9.689999999999999503e+00
-1.000000000000000000e+00 2.062999999999999901e+01 2.050000000000000000e+01 1.000000000000000000e+01 -1.000000000000000000e+00 -1.000000000000000000e+00 -1.000000000000000000e+00 4.900000000000000355e+00 5.160000000000000142e+00 9.699999999999999289e+00
