-1.000000000000000000e+00 -1.000000000000000000e+00 -1.000000000000000000e+00 -1.000000000000000000e+00 -1.000000000000000000e+00 -1.000000000000000000e+00 -1.000000000000000000e+00 -1.000000000000000000e+00 -1.000000000000000000e+00 -1.000000000000000000e+00
-1.000000000000000000e+00 2.067000000000000171e+01 -1.000000000000000000e+00 9.419999999999999929e+00 2.029999999999999805e+00 -1.000000000000000000e+00 -1.000000000000000000e+00 6.019999999999999574e+00 4.679999999999999716e+00 1.025000000000000000e+01
-1.000000000000000000e+00 2.066000000000000014e+01 -1.000000000000000000e+00 9.390000000000000568e+00 2.069999999999999840e+00 1.406000000000000050e+01 -1.000000000000000000e+00 6.019999999999999574e+00 4.690000000000000391e+00 1.032000000000000028e+01
-1.000000000000000000e+00 2.067999999999999972e+01 -1.000000000000000000e+00 9.449999999999999289e+00 2.060000000000000053e+00 1.411999999999999922e+01 -1.000000000000000000e+00 6.030000000000000249e+00 4.660000000000000142e+00 1.031000000000000050e+01
-1.000000000000000000e+00 2.067000000000000171e+01 -1.000000000000000000e+00 9.449999999999999289e+00 2.069999999999999840e+00 1.414000000000000057e+01 -1.000000000000000000e+00 5.990000000000000213e+00 4.639999999999999680e+00 1.025999999999999979e+01
-1.000000000000000000e+00 2.067999999999999972e+01 -1.000000000000000000e+00 9.429999999999999716e+00 2.029999999999999805e+00 -1.000000000000000000e+00 -1.000000000000000000e+00 5.910000000000000142e+00 4.620000000000000107e+00 1.025999999999999979e+01
-1.000000000000000000e+00 2.057000000000000028e+01 -1.000000000000000000e+00 9.410000000000000142e+00 2.080000000000000071e+00 1.406000000000000050e+01 -1.000000000000000000e+00 6.049999999999999822e+00 4.610000000000000320e+00 1.022000000000000064e+01
-1.000000000000000000e+00 2.060000000000000142e+01 -1.000000000000000000e+00 9.490000000000000213e+00 2.060000000000000053e+00 1.407000000000000028e+01 -1.000000000000000000e+00 6.040000000000000036e+00 4.679999999999999716e+00 1.036999999999999922e+01
-1.000000000000000000e+00 2.060000000000000142e+01 -1.000000000000000000e+00 9.419999999999999929e+00 2.069999999999999840e+00 1.413000000000000078e+01 -1.000000000000000000e+00 6.080000000000000071e+00 4.660000000000000142e+00 1.028999999999999915e+01
-1.000000000000000000e+00 2.062000000000000099e+01 -1.000000000000000000e+00 9.439999999999999503e+00 2.069999999999999840e+00 1.410999999999999943e+01 -1.000000000000000000e+00 6.059999999999999609e+00 4.599999999999999645e+00 1.026999999999999957e+01
-1.000000000000000000e+00 2.062999999999999901e+01 -1.000000000000000000e+00 9.449999999999999289e+00 2.009999999999999787e+00 1.411999999999999922e+01 -1.000000000000000000e+00 6.000000000000000000e+00 4.700000000000000178e+00 1.027999999999999936e+01
-1.000000000000000000e+00 2.069999999999999929e+01 -1.000000000000000000e+00 9.429999999999999716e+00 2.129999999999999893e+00 1.408999999999999986e+01 -1.000000000000000000e+00 6.070000000000000284e+00 4.669999999999999929e+00 1.033000000000000007e+01
-1.000000000000000000e+00 2.067999999999999972e+01 -1.000000000000000000e+00 9.410000000000000142e+00 2.089999999999999858e+00 1.413000000000000078e+01 -1.000000000000000000e+00 6.089999999999999858e+00 4.570000000000000284e+00 1.026999999999999957e+01
-1.000000000000000000e+00 2.073000000000000043e+01 -1.000000000000000000e+00 9.470000000000000639e+00 2.069999999999999840e+00 1.408000000000000007e+01 -1.000000000000000000e+00 6.009999999999999787e+00 4.639999999999999680e+00 1.022000000000000064e+01
-1.000000000000000000e+00 2.060000000000000142e+01 -1.000000000000000000e+00 9.490000000000000213e+00 2.100000000000000089e+00 1.406000000000000050e+01 -1.000000000000000000e+00 6.019999999999999574e+00 4.690000000000000391e+00 1.034999999999999964e+01
-1.000000000000000000e+00 2.066000000000000014e+01 -1.000000000000000000e+00 9.429999999999999716e+00 2.109999999999999876e+00 1.408999999999999986e+01 -1.000000000000000000e+00 6.049999999999999822e+00 4.629999999999999893e+00 1.028999999999999915e+01
-1.000000000000000000e+00 2.060999999999999943e+01 -1.000000000000000000e+00 9.519999999999999574e+00 2.069999999999999840e+00 -1.000000000000000000e+00 -1.000000000000000000e+00 5.990000000000000213e+00 4.679999999999999716e+00 1.032000000000000028e+01
-1.000000000000000000e+00 2.060999999999999943e+01 -1.000000000000000000e+00 9.529999999999999361e+00 2.029999999999999805e+00 1.408000000000000007e+01 -1.000000000000000000e+00 5.980000000000000426e+00 4.730000000000000426e+00 1.026999999999999957e+01
-1.000000000000000000e+00 2.062999999999999901e+01 -1.000000000000000000e+00 9.480000000000000426e+00 2.100000000000000089e+00 -1.000000000000000000e+00 -1.000000000000000000e+00 5.969999999999999751e+00 4.629999999999999893e+00 1.026999999999999957e+01
-1.000000000000000000e+00 2.073000000000000043e+01 -1.000000000000000000e+00 9.410000000000000142e+00 2.089999999999999858e+00 1.399000000000000021e+01 -1.000000000000000000e+00 6.019999999999999574e+00 4.679999999999999716e+00 1.021000000000000085e+01
-1.000000000000000000e+00 2.060000000000000142e+01 -1.000000000000000000e+00 9.529999999999999361e+00 2.049999999999999822e+00 1.407000000000000028e+01 -1.000000000000000000e+00 5.980000000000000426e+00 4.730000000000000426e+00 1.030000000000000071e+01
-1.000000000000000000e+00 2.066000000000000014e+01 -1.000000000000000000e+00 9.460000000000000853e+00 2.049999999999999822e+00 1.410999999999999943e+01 -1.000000000000000000e+00 6.000000000000000000e+00 4.589999999999999858e+00 1.028999999999999915e+01
-1.000000000000000000e+00 2.062999999999999901e+01 -1.000000000000000000e+00 9.419999999999999929e+00 2.069999999999999840e+00 1.405000000000000071e+01 -1.000000000000000000e+00 5.929999999999999716e+00 4.639999999999999680e+00 1.030000000000000071e+01
-1.000000000000000000e+00 2.067999999999999972e+01 -1.000000000000000000e+00 9.410000000000000142e+00 2.040000000000000036e+00 -1.000000000000000000e+00 -1.000000000000000000e+00 5.919999999999999929e+00 4.629999999999999893e+00 1.025999999999999979e+01
-1.000000000000000000e+00 2.064000000000000057e+01 -1.000000000000000000e+00 9.380000000000000782e+00 2.060000000000000053e+00 1.401999999999999957e+01 -1.000000000000000000e+00 6.009999999999999787e+00 4.679999999999999716e+00 1.025000000000000000e+01
-1.000000000000000000e+00 2.073999999999999844e+01 -1.000000000000000000e+00 9.439999999999999503e+00 2.040000000000000036e+00 1.408000000000000007e+01 -1.000000000000000000e+00 5.959999999999999964e+00 4.650000000000000355e+00 1.027999999999999936e+01
-1.000000000000000000e+00 2.071000000000000085e+01 -1.000000000000000000e+00 9.400000000000000355e+00 2.040000000000000036e+00 1.407000000000000028e+01 -1.000000000000000000e+00 6.089999999999999858e+00 4.620000000000000107e+00 1.033999999999999986e+01
-1.000000000000000000e+00 2.064999999999999858e+01 -1.000000000000000000e+00 9.400000000000000355e+00 2.140000000000000124e+00 1.403999999999999915e+01 -1.000000000000000000e+00 5.940000000000000391e+00 4.669999999999999929e+00 1.033000000000000007e+01
-1.000000000000000000e+00 2.055000000000000071e+01 -1.000000000000000000e+00 9.490000000000000213e+00 2.060000000000000053e+00 1.408999999999999986e+01 -1.000000000000000000e+00 5.959999999999999964e+00 4.660000000000000142e+00 1.032000000000000028e+01
-1.000000000000000000e+00 2.055000000000000071e+01 -1.000000000000000000e+00 9.460000000000000853e+00 2.020000000000000018e+00 1.401999999999999957e+01 -1.000000000000000000e+00 5.980000000000000426e+00 4.660000000000000142e+00 1.027999999999999936e+01
-1.000000000000000000e+00 2.071000000000000085e+01 -1.000000000000000000e+00 9.439999999999999503e+00 2.089999999999999858e+00 1.391999999999999993e+01 -1.000000000000000000e+00 5.990000000000000213e+00 4.599999999999999645e+00 1.025999999999999979e+01
-1.000000000000000000e+00 2.057999999999999829e+01 -1.000000000000000000e+00 9.400000000000000355e+00 2.069999999999999840e+00 -1.000000000000000000e+00 -1.000000000000000000e+00 6.000000000000000000e+00 4.610000000000000320e+00 1.032000000000000028e+01
-1.000000000000000000e+00 2.060999999999999943e+01 -1.000000000000000000e+00 9.509999999999999787e+00 2.089999999999999858e+00 1.411999999999999922e+01 -1.000000000000000000e+00 6.049999999999999822e+00 4.620000000000000107e+00 1.028999999999999915e+01
-1.000000000000000000e+00 2.073000000000000043e+01 -1.000000000000000000e+00 9.490000000000000213e+00 2.040000000000000036e+00 1.408999999999999986e+01 -1.000000000000000000e+00 6.009999999999999787e+00 4.629999999999999893e+00 1.031000000000000050e+01
-1.000000000000000000e+00 2.075000000000000000e+01 -1.000000000000000000e+00 9.460000000000000853e+00 2.069999999999999840e+00 1.410999999999999943e+01 -1.000000000000000000e+00 6.030000000000000249e+00 4.599999999999999645e+00 1.032000000000000028e+01
-1.000000000000000000e+00 2.066000000000000014e+01 -1.000000000000000000e+00 9.380000000000000782e+00 2.020000000000000018e+00 1.409999999999999964e+01 -1.000000000000000000e+00 5.950000000000000178e+00 4.679999999999999716e+00 1.026999999999999957e+01
-1.000000000000000000e+00 2.066000000000000014e+01 -1.000000000000000000e+00 9.449999999999999289e+00 2.069999999999999840e+00 1.413000000000000078e+01 -1.000000000000000000e+00 5.969999999999999751e+00 4.700000000000000178e+00 1.033000000000000007e+01
-1.000000000000000000e+00 2.071000000000000085e+01 -1.000000000000000000e+00 9.449999999999999289e+00 2.060000000000000053e+00 1.410999999999999943e+01 -1.000000000000000000e+00 6.000000000000000000e+00 4.669999999999999929e+00 1.033000000000000007e+01
-1.000000000000000000e+00 2.064999999999999858e+01 -1.000000000000000000e+00 9.429999999999999716e+00 2.069999999999999840e+00 1.413000000000000078e+01 -1.000000000000000000e+00 6.019999999999999574e+00 4.629999999999999893e+00 1.030000000000000071e+01
-1.000000000000000000e+00 2.069000000000000128e+01 -1.000000000000000000e+00 9.439999999999999503e+00 2.080000000000000071e+00 1.409999999999999964e+01 -1.000000000000000000e+00 6.000000000000000000e+00 4.730000000000000426e+00 1.028999999999999915e+01
-1.000000000000000000e+00 2.071999999999999886e+01 -1.000000000000000000e+00 9.460000000000000853e+00 2.069999999999999840e+00 1.405000000000000071e+01 -1.000000000000000000e+00 6.030000000000000249e+00 4.629999999999999893e+00 1.032000000000000028e+01
-1.000000000000000000e+00 2.057999999999999829e+01 -1.000000000000000000e+00 9.439999999999999503e+00 2.060000000000000053e+00 1.422000000000000064e+01 -1.000000000000000000e+00 5.950000000000000178e+00 4.700000000000000178e+00 1.030000000000000071e+01
-1.000000000000000000e+00 2.073999999999999844e+01 -1.000000000000000000e+00 9.449999999999999289e+00 2.080000000000000071e+00 1.408000000000000007e+01 -1.000000000000000000e+00 6.059999999999999609e+00 4.669999999999999929e+00 1.033000000000000007e+01
-1.000000000000000000e+00 2.066000000000000014e+01 -1.000000000000000000e+00 9.439999999999999503e+00 2.069999999999999840e+00 1.415000000000000036e+01 -1.000000000000000000e+00 6.009999999999999787e+00 4.639999999999999680e+00 1.027999999999999936e+01
-1.000000000000000000e+00 2.069000000000000128e+01 -1.000000000000000000e+00 9.429999999999999716e+00 2.049999999999999822e+00 1.409999999999999964e+01 -1.000000000000000000e+00 6.019999999999999574e+00 4.660000000000000142e+00 1.028999999999999915e+01
-1.000000000000000000e+00 2.069000000000000128e+01 -1.000000000000000000e+00 9.429999999999999716e+00 2.069999999999999840e+00 1.408999999999999986e+01 -1.000000000000000000e+00 5.919999999999999929e+00 4.599999999999999645e+00 1.027999999999999936e+01
-1.000000000000000000e+00 2.060000000000000142e+01 -1.000000000000000000e+00 9.509999999999999787e+00 2.020000000000000018e+00 1.406000000000000050e+01 -1.000000000000000000e+00 5.990000000000000213e+00 4.650000000000000355e+00 1.026999999999999957e+01
-1.000000000000000000e+00 2.064999999999999858e+01 -1.000000000000000000e+00 9.429999999999999716e+00 2.040000000000000036e+00 1.406000000000000050e+01 -1.000000000000000000e+00 5.980000000000000426e+00 4.599999999999999645e+00 1.033000000000000007e+01
-1.000000000000000000e+00 2.073000000000000043e+01 -1.000000000000000000e+00 9.410000000000000142e+00 2.080000000000000071e+00 1.400999999999999979e+01 -1.000000000000000000e+00 5.990000000000000213e+00 4.690000000000000391e+00 1.027999999999999936e+01
-1.000000000000000000e+00 2.075000000000000000e+01 -1.000000000000000000e+00 9.449999999999999289e+00 2.080000000000000071e+00 1.407000000000000028e+01 -1.000000000000000000e+00 5.940000000000000391e+00 4.639999999999999680e+00 1.027999999999999936e+01
-1.000000000000000000e+00 2.060999999999999943e+01 -1.000000000000000000e+00 9.429999999999999716e+00 2.069999999999999840e+00 1.410999999999999943e+01 -1.000000000000000000e+00 5.959999999999999964e+00 4.650000000000000355e+00 1.027999999999999936e+01
-1.000000000000000000e+00 2.060000000000000142e+01 -1.000000000000000000e+00 9.449999999999999289e+00 2.069999999999999840e+00 1.411999999999999922e+01 -1.000000000000000000e+00 5.959999999999999964e+00 4.610000000000000320e+00 1.027999999999999936e+01
-1.000000000000000000e+00 2.057000000000000028e+01 -1.000000000000000000e+00 9.429999999999999716e+00 2.120000000000000107e+00 1.405000000000000071e+01 -1.000000000000000000e+00 5.990000000000000213e+00 4.690000000000000391e+00 1.026999999999999957e+01
-1.000000000000000000e+00 2.071999999999999886e+01 -1.000000000000000000e+00 9.390000000000000568e+00 2.080000000000000071e+00 1.401999999999999957e+01 -1.000000000000000000e+00 6.080000000000000071e+00 4.610000000000000320e+00 1.027999999999999936e+01
-1.000000000000000000e+00 2.069000000000000128e+01 -1.000000000000000000e+00 9.470000000000000639e+00 2.080000000000000071e+00 1.409999999999999964e+01 -1.000000000000000000e+00 5.969999999999999751e+00 4.700000000000000178e+00 1.025999999999999979e+01
-1.000000000000000000e+00 2.062000000000000099e+01 -1.000000000000000000e+00 9.400000000000000355e+00 2.069999999999999840e+00 1.405000000000000071e+01 -1.000000000000000000e+00 5.990000000000000213e+00 4.639999999999999680e+00 1.032000000000000028e+01
-1.000000000000000000e+00 2.069000000000000128e+01 -1.000000000000000000e+00 9.480000000000000426e+00 2.100000000000000089e+00 1.406000000000000050e+01 -1.000000000000000000e+00 6.080000000000000071e+00 4.580000000000000071e+00 1.026999999999999957e+01
-1.000000000000000000e+00 -1.000000000000000000e+00 -1.000000000000000000e+00 9.429999999999999716e+00 2.040000000000000036e+00 1.405000000000000071e+01 -1.000000000000000000e+00 5.950000000000000178e+00 4.599999999999999645e+00 1.030000000000000071e+01
-1.000000000000000000e+00 2.073999999999999844e+01 -1.000000000000000000e+00 9.419999999999999929e+00 2.060000000000000053e+00 1.411999999999999922e+01 -1.000000000000000000e+00 5.950000000000000178e+00 4.620000000000000107e+00 1.023000000000000043e+01
-1.000000000000000000e+00 2.067999999999999972e+01 -1.000000000000000000e+00 9.419999999999999929e+00 2.069999999999999840e+00 1.410999999999999943e+01 -1.000000000000000000e+00 5.990000000000000213e+00 4.669999999999999929e+00 1.033000000000000007e+01
-1.000000000000000000e+00 2.073000000000000043e+01 -1.000000000000000000e+00 9.410000000000000142e+00 2.020000000000000018e+00 1.405000000000000071e+01 -1.000000000000000000e+00 5.950000000000000178e+00 4.620000000000000107e+00 1.027999999999999936e+01
-1.000000000000000000e+00 2.067000000000000171e+01 -1.000000000000000000e+00 9.429999999999999716e+00 2.069999999999999840e+00 1.408999999999999986e+01 -1.000000000000000000e+00 6.009999999999999787e+00 4.650000000000000355e+00 1.024000000000000021e+01
-1.000000000000000000e+00 2.067000000000000171e+01 -1.000000000000000000e+00 9.490000000000000213e+00 2.040000000000000036e+00 1.413000000000000078e+01 -1.000000000000000000e+00 6.080000000000000071e+00 4.629999999999999893e+00 1.023000000000000043e+01
-1.000000000000000000e+00 2.073999999999999844e+01 -1.000000000000000000e+00 -1.000000000000000000e+00 2.060000000000000053e+00 1.403999999999999915e+01 -1.000000000000000000e+00 5.950000000000000178e+00 4.629999999999999893e+00 1.031000000000000050e+01
-1.000000000000000000e+00 2.062999999999999901e+01 -1.000000000000000000e+00 9.359999999999999432e+00 2.009999999999999787e+00 1.408000000000000007e+01 -1.000000000000000000e+00 5.959999999999999964e+00 4.679999999999999716e+00 1.030000000000000071e+01
-1.000000000000000000e+00 2.075000000000000000e+01 -1.000000000000000000e+00 9.429999999999999716e+00 2.080000000000000071e+00 -1.000000000000000000e+00 -1.000000000000000000e+00 6.030000000000000249e+00 4.660000000000000142e+00 1.034999999999999964e+01
-1.000000000000000000e+00 2.062999999999999901e+01 -1.000000000000000000e+00 9.419999999999999929e+00 2.049999999999999822e+00 1.408000000000000007e+01 -1.000000000000000000e+00 5.990000000000000213e+00 4.580000000000000071e+00 1.027999999999999936e+01
-1.000000000000000000e+00 2.062999999999999901e+01 -1.000000000000000000e+00 9.380000000000000782e+00 2.049999999999999822e+00 -1.000000000000000000e+00 -1.000000000000000000e+00 5.990000000000000213e+00 4.719999999999999751e+00 1.033999999999999986e+01
-1.000000000000000000e+00 2.062000000000000099e+01 -1.000000000000000000e+00 9.449999999999999289e+00 2.029999999999999805e+00 1.406000000000000050e+01 -1.000000000000000000e+00 6.019999999999999574e+00 4.679999999999999716e+00 1.031000000000000050e+01
-1.000000000000000000e+00 2.069999999999999929e+01 -1.000000000000000000e+00 9.470000000000000639e+00 2.040000000000000036e+00 1.403999999999999915e+01 -1.000000000000000000e+00 6.000000000000000000e+00 4.589999999999999858e+00 1.028999999999999915e+01
-1.000000000000000000e+00 2.062999999999999901e+01 -1.000000000000000000e+00 9.490000000000000213e+00 2.069999999999999840e+00 1.405000000000000071e+01 -1.000000000000000000e+00 6.030000000000000249e+00 4.650000000000000355e+00 1.030000000000000071e+01
-1.000000000000000000e+00 2.066000000000000014e+01 -1.000000000000000000e+00 9.470000000000000639e+00 2.109999999999999876e+00 1.405000000000000071e+01 -1.000000000000000000e+00 5.959999999999999964e+00 4.580000000000000071e+00 1.027999999999999936e+01
-1.000000000000000000e+00 2.071000000000000085e+01 -1.000000000000000000e+00 9.419999999999999929e+00 2.049999999999999822e+00 1.419999999999999929e+01 -1.000000000000000000e+00 6.009999999999999787e+00 4.669999999999999929e+00 1.026999999999999957e+01
-1.000000000000000000e+00 2.069000000000000128e+01 -1.000000000000000000e+00 9.390000000000000568e+00 2.069999999999999840e+00 1.421000000000000085e+01 -1.000000000000000000e+00 6.059999999999999609e+00 4.650000000000000355e+00 1.030000000000000071e+01
-1.000000000000000000e+00 2.067999999999999972e+01 -1.000000000000000000e+00 9.480000000000000426e+00 2.069999999999999840e+00 1.407000000000000028e+01 -1.000000000000000000e+00 5.940000000000000391e+00 4.690000000000000391e+00 1.033000000000000007e+01
-1.000000000000000000e+00 2.064999999999999858e+01 -1.000000000000000000e+00 9.419999999999999929e+00 2.020000000000000018e+00 1.409999999999999964e+01 -1.000000000000000000e+00 6.009999999999999787e+00 4.639999999999999680e+00 1.030000000000000071e+01
-1.000000000000000000e+00 2.067000000000000171e+01 -1.000000000000000000e+00 9.480000000000000426e+00 2.069999999999999840e+00 1.409999999999999964e+01 -1.000000000000000000e+00 5.900000000000000355e+00 4.610000000000000320e+00 1.030000000000000071e+01
-1.000000000000000000e+00 2.064999999999999858e+01 -1.000000000000000000e+00 9.400000000000000355e+00 2.120000000000000107e+00 1.408999999999999986e+01 -1.000000000000000000e+00 5.980000000000000426e+00 4.660000000000000142e+00 1.033000000000000007e+01
-1.000000000000000000e+00 2.057999999999999829e+01 -1.000000000000000000e+00 9.449999999999999289e+00 2.069999999999999840e+00 1.411999999999999922e+01 -1.000000000000000000e+00 5.959999999999999964e+00 4.620000000000000107e+00 1.027999999999999936e+01
-1.000000000000000000e+00 2.069000000000000128e+01 -1.000000000000000000e+00 9.480000000000000426e+00 2.069999999999999840e+00 1.402999999999999936e+01 -1.000000000000000000e+00 6.030000000000000249e+00 4.650000000000000355e+00 1.026999999999999957e+01
-1.000000000000000000e+00 2.064000000000000057e+01 -1.000000000000000000e+00 9.419999999999999929e+00 2.089999999999999858e+00 1.416999999999999993e+01 -1.000000000000000000e+00 6.070000000000000284e+00 4.709999999999999964e+00 1.033000000000000007e+01
-1.000000000000000000e+00 2.064999999999999858e+01 -1.000000000000000000e+00 9.439999999999999503e+00 2.060000000000000053e+00 1.414000000000000057e+01 -1.000000000000000000e+00 5.980000000000000426e+00 4.599999999999999645e+00 1.026999999999999957e+01
-1.000000000000000000e+00 2.062999999999999901e+01 -1.000000000000000000e+00 9.429999999999999716e+00 2.069999999999999840e+00 1.408000000000000007e+01 -1.000000000000000000e+00 5.980000000000000426e+00 4.570000000000000284e+00 1.033000000000000007e+01
-1.000000000000000000e+00 2.064000000000000057e+01 -1.000000000000000000e+00 9.449999999999999289e+00 2.069999999999999840e+00 1.406000000000000050e+01 -1.000000000000000000e+00 5.980000000000000426e+00 4.589999999999999858e+00 1.032000000000000028e+01
-1.000000000000000000e+00 2.066000000000000014e+01 -1.000000000000000000e+00 9.439999999999999503e+00 2.040000000000000036e+00 -1.000000000000000000e+00 -1.000000000000000000e+00 6.000000000000000000e+00 4.679999999999999716e+00 1.026999999999999957e+01
-1.000000000000000000e+00 2.055999999999999872e+01 -1.000000000000000000e+00 9.449999999999999289e+00 2.100000000000000089e+00 1.403999999999999915e+01 -1.000000000000000000e+00 6.009999999999999787e+00 4.709999999999999964e+00 1.026999999999999957e+01
-1.000000000000000000e+00 2.069000000000000128e+01 -1.000000000000000000e+00 9.400000000000000355e+00 2.049999999999999822e+00 1.407000000000000028e+01 -1.000000000000000000e+00 5.950000000000000178e+00 4.700000000000000178e+00 1.025000000000000000e+01
-1.000000000000000000e+00 2.058999999999999986e+01 -1.000000000000000000e+00 9.390000000000000568e+00 2.089999999999999858e+00 1.405000000000000071e+01 -1.000000000000000000e+00 6.049999999999999822e+00 4.580000000000000071e+00 1.026999999999999957e+01
-1.000000000000000000e+00 2.071000000000000085e+01 -1.000000000000000000e+00 9.439999999999999503e+00 2.049999999999999822e+00 1.411999999999999922e+01 -1.000000000000000000e+00 6.000000000000000000e+00 4.540000000000000036e+00 1.030000000000000071e+01
-1.000000000000000000e+00 2.060000000000000142e+01 -1.000000000000000000e+00 9.369999999999999218e+00 2.080000000000000071e+00 1.400999999999999979e+01 -1.000000000000000000e+00 5.959999999999999964e+00 4.650000000000000355e+00 1.030000000000000071e+01
-1.000000000000000000e+00 2.062000000000000099e+01 -1.000000000000000000e+00 9.500000000000000000e+00 2.080000000000000071e+00 1.409999999999999964e+01 -1.000000000000000000e+00 5.959999999999999964e+00 4.650000000000000355e+00 1.031000000000000050e+01
-1.000000000000000000e+00 2.067000000000000171e+01 -1.000000000000000000e+00 9.460000000000000853e+00 2.000000000000000000e+00 1.405000000000000071e+01 -1.000000000000000000e+00 5.969999999999999751e+00 4.650000000000000355e+00 1.034999999999999964e+01
-1.000000000000000000e+00 2.073999999999999844e+01 -1.000000000000000000e+00 9.429999999999999716e+00 2.049999999999999822e+00 1.408999999999999986e+01 -1.000000000000000000e+00 6.019999999999999574e+00 4.660000000000000142e+00 1.028999999999999915e+01
-1.000000000000000000e+00 2.073000000000000043e+01 -1.000000000000000000e+00 9.429999999999999716e+00 2.080000000000000071e+00 1.415000000000000036e+01 -1.000000000000000000e+00 6.019999999999999574e+00 4.709999999999999964e+00 1.025999999999999979e+01
-1.000000000000000000e+00 2.066000000000000014e+01 -1.000000000000000000e+00 9.400000000000000355e+00 2.069999999999999840e+00 1.408000000000000007e+01 -1.000000000000000000e+00 5.980000000000000426e+00 4.669999999999999929e+00 1.026999999999999957e+01
-1.000000000000000000e+00 2.064000000000000057e+01 -1.000000000000000000e+00 9.400000000000000355e+00 2.029999999999999805e+00 1.415000000000000036e+01 -1.000000000000000000e+00 6.059999999999999609e+00 4.580000000000000071e+00 1.033999999999999986e+01
-1.000000000000000000e+00 2.064999999999999858e+01 -1.000000000000000000e+00 9.449999999999999289e+00 2.049999999999999822e+00 1.409999999999999964e+01 -1.000000000000000000e+00 5.959999999999999964e+00 4.679999999999999716e+00 1.031000000000000050e+01
-1.000000000000000000e+00 2.058999999999999986e+01 -1.000000000000000000e+00 9.449999999999999289e+00 2.069999999999999840e+00 -1.000000000000000000e+00 -1.000000000000000000e+00 5.980000000000000426e+00 4.709999999999999964e+00 1.028999999999999915e+01
-1.000000000000000000e+00 2.069000000000000128e+01 -1.000000000000000000e+00 9.369999999999999218e+00 2.069999999999999840e+00 1.407000000000000028e+01 -1.000000000000000000e+00 6.019999999999999574e+00 4.580000000000000071e+00 1.026999999999999957e+01
-1.000000000000000000e+00 2.062999999999999901e+01 -1.000000000000000000e+00 9.349999999999999645e+00 2.069999999999999840e+00 1.408000000000000007e+01 -1.000000000000000000e+00 5.879999999999999893e+00 4.650000000000000355e+00 1.034999999999999964e+01
