-1.000000000000000000e+00 -1.000000000000000000e+00 -1.000000000000000000e+00 -1.000000000000000000e+00 -1.000000000000000000e+00 -1.000000000000000000e+00 -1.000000000000000000e+00 -1.000000000000000000e+00 -1.000000000000000000e+00 -1.000000000000000000e+00
-1.000000000000000000e+00 1.014000000000000057e+01 1.083999999999999986e+01 3.919999999999999929e+00 9.630000000000000782e+00 5.620000000000000107e+00 3.439999999999999947e+00 4.830000000000000071e+00 6.320000000000000284e+00 -1.000000000000000000e+00
-1.000000000000000000e+00 -1.000000000000000000e+00 1.096000000000000085e+01 3.959999999999999964e+00 1.013000000000000078e+01 5.599999999999999645e+00 3.500000000000000000e+00 4.870000000000000107e+00 6.320000000000000284e+00 -1.000000000000000000e+00
-1.000000000000000000e+00 1.016999999999999993e+01 1.083999999999999986e+01 3.910000000000000142e+00 9.589999999999999858e+00 5.629999999999999893e+00 3.459999999999999964e+00 4.849999999999999645e+00 6.299999999999999822e+00 -1.000000000000000000e+00
-1.000000000000000000e+00 -1.000000000000000000e+00 1.088000000000000078e+01 3.899999999999999911e+00 1.010999999999999943e+01 5.700000000000000178e+00 3.500000000000000000e+00 4.830000000000000071e+00 6.280000000000000249e+00 -1.000000000000000000e+00
-1.000000000000000000e+00 1.011999999999999922e+01 1.086999999999999922e+01 3.930000000000000160e+00 1.000999999999999979e+01 5.750000000000000000e+00 3.509999999999999787e+00 4.849999999999999645e+00 6.330000000000000071e+00 -1.000000000000000000e+00
-1.000000000000000000e+00 1.003999999999999915e+01 1.091999999999999993e+01 3.930000000000000160e+00 1.046000000000000085e+01 5.570000000000000284e+00 3.479999999999999982e+00 4.889999999999999680e+00 6.290000000000000036e+00 -1.000000000000000000e+00
-1.000000000000000000e+00 1.005000000000000071e+01 1.091000000000000014e+01 3.899999999999999911e+00 1.008999999999999986e+01 5.709999999999999964e+00 3.509999999999999787e+00 4.849999999999999645e+00 6.320000000000000284e+00 -1.000000000000000000e+00
-1.000000000000000000e+00 1.011999999999999922e+01 1.098000000000000043e+01 3.899999999999999911e+00 9.570000000000000284e+00 5.559999999999999609e+00 3.479999999999999982e+00 4.830000000000000071e+00 6.309999999999999609e+00 -1.000000000000000000e+00
-1.000000000000000000e+00 1.010999999999999943e+01 1.093999999999999950e+01 3.939999999999999947e+00 9.650000000000000355e+00 5.379999999999999893e+00 3.450000000000000178e+00 4.860000000000000320e+00 6.299999999999999822e+00 -1.000000000000000000e+00
-1.000000000000000000e+00 1.007000000000000028e+01 1.090000000000000036e+01 3.910000000000000142e+00 1.003999999999999915e+01 5.679999999999999716e+00 3.490000000000000213e+00 4.889999999999999680e+00 6.320000000000000284e+00 -1.000000000000000000e+00
-1.000000000000000000e+00 1.011999999999999922e+01 1.094999999999999929e+01 3.830000000000000071e+00 1.056000000000000050e+01 5.650000000000000355e+00 3.529999999999999805e+00 4.790000000000000036e+00 6.290000000000000036e+00 -1.000000000000000000e+00
-1.000000000000000000e+00 -1.000000000000000000e+00 1.091000000000000014e+01 3.919999999999999929e+00 9.980000000000000426e+00 5.599999999999999645e+00 3.529999999999999805e+00 4.830000000000000071e+00 6.330000000000000071e+00 -1.000000000000000000e+00
-1.000000000000000000e+00 1.066999999999999993e+01 1.090000000000000036e+01 3.930000000000000160e+00 1.009999999999999964e+01 5.599999999999999645e+00 3.430000000000000160e+00 4.900000000000000355e+00 6.309999999999999609e+00 -1.000000000000000000e+00
-1.000000000000000000e+00 1.000000000000000000e+01 1.150999999999999979e+01 3.930000000000000160e+00 1.009999999999999964e+01 5.419999999999999929e+00 3.509999999999999787e+00 4.830000000000000071e+00 6.330000000000000071e+00 -1.000000000000000000e+00
-1.000000000000000000e+00 -1.000000000000000000e+00 1.148000000000000043e+01 3.899999999999999911e+00 9.970000000000000639e+00 5.629999999999999893e+00 3.589999999999999858e+00 4.860000000000000320e+00 6.320000000000000284e+00 -1.000000000000000000e+00
-1.000000000000000000e+00 9.980000000000000426e+00 1.088000000000000078e+01 3.950000000000000178e+00 1.005000000000000071e+01 5.429999999999999716e+00 3.529999999999999805e+00 4.860000000000000320e+00 6.339999999999999858e+00 -1.000000000000000000e+00
-1.000000000000000000e+00 -1.000000000000000000e+00 1.092999999999999972e+01 3.939999999999999947e+00 1.011999999999999922e+01 5.769999999999999574e+00 3.490000000000000213e+00 4.860000000000000320e+00 6.320000000000000284e+00 -1.000000000000000000e+00
-1.000000000000000000e+00 1.017999999999999972e+01 1.085999999999999943e+01 3.950000000000000178e+00 9.560000000000000497e+00 5.700000000000000178e+00 3.529999999999999805e+00 4.849999999999999645e+00 6.299999999999999822e+00 -1.000000000000000000e+00
-1.000000000000000000e+00 1.005000000000000071e+01 1.096000000000000085e+01 3.939999999999999947e+00 1.006000000000000050e+01 5.719999999999999751e+00 3.529999999999999805e+00 4.830000000000000071e+00 6.320000000000000284e+00 -1.000000000000000000e+00
-1.000000000000000000e+00 1.010999999999999943e+01 1.100000000000000000e+01 3.919999999999999929e+00 1.009999999999999964e+01 5.719999999999999751e+00 3.529999999999999805e+00 4.839999999999999858e+00 6.320000000000000284e+00 -1.000000000000000000e+00
-1.000000000000000000e+00 1.015000000000000036e+01 1.143999999999999950e+01 3.859999999999999876e+00 9.710000000000000853e+00 5.980000000000000426e+00 3.479999999999999982e+00 4.870000000000000107e+00 6.339999999999999858e+00 -1.000000000000000000e+00
-1.000000000000000000e+00 1.014000000000000057e+01 1.096000000000000085e+01 3.930000000000000160e+00 1.005000000000000071e+01 5.559999999999999609e+00 3.509999999999999787e+00 4.820000000000000284e+00 6.280000000000000249e+00 -1.000000000000000000e+00
-1.000000000000000000e+00 1.010999999999999943e+01 1.091000000000000014e+01 3.879999999999999893e+00 1.003999999999999915e+01 5.540000000000000036e+00 3.479999999999999982e+00 4.839999999999999858e+00 6.349999999999999645e+00 -1.000000000000000000e+00
-1.000000000000000000e+00 1.003999999999999915e+01 1.092999999999999972e+01 3.970000000000000195e+00 9.630000000000000782e+00 6.190000000000000391e+00 3.470000000000000195e+00 4.820000000000000284e+00 6.309999999999999609e+00 -1.000000000000000000e+00
-1.000000000000000000e+00 1.000000000000000000e+01 1.094999999999999929e+01 3.899999999999999911e+00 9.660000000000000142e+00 6.040000000000000036e+00 3.490000000000000213e+00 4.879999999999999893e+00 6.290000000000000036e+00 -1.000000000000000000e+00
-1.000000000000000000e+00 -1.000000000000000000e+00 1.101999999999999957e+01 3.959999999999999964e+00 9.669999999999999929e+00 6.290000000000000036e+00 3.540000000000000036e+00 4.860000000000000320e+00 6.339999999999999858e+00 -1.000000000000000000e+00
-1.000000000000000000e+00 1.010999999999999943e+01 1.090000000000000036e+01 3.930000000000000160e+00 1.007000000000000028e+01 5.860000000000000320e+00 3.500000000000000000e+00 4.839999999999999858e+00 6.320000000000000284e+00 -1.000000000000000000e+00
-1.000000000000000000e+00 1.011999999999999922e+01 1.122000000000000064e+01 3.910000000000000142e+00 9.730000000000000426e+00 6.269999999999999574e+00 3.500000000000000000e+00 4.879999999999999893e+00 6.280000000000000249e+00 -1.000000000000000000e+00
-1.000000000000000000e+00 -1.000000000000000000e+00 1.096000000000000085e+01 -1.000000000000000000e+00 1.010999999999999943e+01 6.099999999999999645e+00 3.470000000000000195e+00 4.860000000000000320e+00 6.309999999999999609e+00 -1.000000000000000000e+00
-1.000000000000000000e+00 1.014000000000000057e+01 1.089000000000000057e+01 3.890000000000000124e+00 9.630000000000000782e+00 -1.000000000000000000e+00 3.520000000000000018e+00 4.900000000000000355e+00 6.339999999999999858e+00 -1.000000000000000000e+00
-1.000000000000000000e+00 1.009999999999999964e+01 1.127999999999999936e+01 3.890000000000000124e+00 1.051999999999999957e+01 5.990000000000000213e+00 3.490000000000000213e+00 4.879999999999999893e+00 6.360000000000000320e+00 -1.000000000000000000e+00
-1.000000000000000000e+00 1.014000000000000057e+01 -1.000000000000000000e+00 3.950000000000000178e+00 1.002999999999999936e+01 6.070000000000000284e+00 3.490000000000000213e+00 4.919999999999999929e+00 6.330000000000000071e+00 -1.000000000000000000e+00
-1.000000000000000000e+00 -1.000000000000000000e+00 1.144999999999999929e+01 3.910000000000000142e+00 1.051999999999999957e+01 6.110000000000000320e+00 3.490000000000000213e+00 4.780000000000000249e+00 6.360000000000000320e+00 -1.000000000000000000e+00
-1.000000000000000000e+00 1.013000000000000078e+01 1.167999999999999972e+01 3.979999999999999982e+00 9.619999999999999218e+00 6.150000000000000355e+00 3.520000000000000018e+00 4.820000000000000284e+00 6.309999999999999609e+00 -1.000000000000000000e+00
-1.000000000000000000e+00 1.021000000000000085e+01 1.166000000000000014e+01 3.899999999999999911e+00 1.008999999999999986e+01 6.120000000000000107e+00 3.520000000000000018e+00 4.860000000000000320e+00 6.320000000000000284e+00 -1.000000000000000000e+00
-1.000000000000000000e+00 -1.000000000000000000e+00 1.175999999999999979e+01 3.930000000000000160e+00 1.050000000000000000e+01 6.150000000000000355e+00 3.500000000000000000e+00 4.860000000000000320e+00 6.269999999999999574e+00 -1.000000000000000000e+00
-1.000000000000000000e+00 1.009999999999999964e+01 1.082000000000000028e+01 3.939999999999999947e+00 1.015000000000000036e+01 6.080000000000000071e+00 3.479999999999999982e+00 4.889999999999999680e+00 6.330000000000000071e+00 -1.000000000000000000e+00
-1.000000000000000000e+00 -1.000000000000000000e+00 1.088000000000000078e+01 3.930000000000000160e+00 1.051999999999999957e+01 6.019999999999999574e+00 3.490000000000000213e+00 4.820000000000000284e+00 6.320000000000000284e+00 -1.000000000000000000e+00
-1.000000000000000000e+00 1.003999999999999915e+01 1.138000000000000078e+01 3.890000000000000124e+00 9.609999999999999432e+00 5.620000000000000107e+00 3.509999999999999787e+00 4.910000000000000142e+00 6.339999999999999858e+00 -1.000000000000000000e+00
-1.000000000000000000e+00 -1.000000000000000000e+00 1.082000000000000028e+01 3.950000000000000178e+00 9.679999999999999716e+00 5.980000000000000426e+00 3.479999999999999982e+00 4.860000000000000320e+00 6.320000000000000284e+00 -1.000000000000000000e+00
-1.000000000000000000e+00 1.011999999999999922e+01 1.082000000000000028e+01 3.919999999999999929e+00 1.008999999999999986e+01 6.000000000000000000e+00 3.520000000000000018e+00 4.919999999999999929e+00 6.320000000000000284e+00 -1.000000000000000000e+00
-1.000000000000000000e+00 1.003999999999999915e+01 1.088000000000000078e+01 3.970000000000000195e+00 1.007000000000000028e+01 5.969999999999999751e+00 3.459999999999999964e+00 4.870000000000000107e+00 6.320000000000000284e+00 -1.000000000000000000e+00
-1.000000000000000000e+00 1.002999999999999936e+01 1.084999999999999964e+01 3.930000000000000160e+00 1.016000000000000014e+01 6.019999999999999574e+00 3.500000000000000000e+00 4.830000000000000071e+00 6.290000000000000036e+00 -1.000000000000000000e+00
-1.000000000000000000e+00 1.000000000000000000e+01 1.092999999999999972e+01 3.930000000000000160e+00 1.000999999999999979e+01 6.059999999999999609e+00 3.490000000000000213e+00 4.839999999999999858e+00 6.309999999999999609e+00 -1.000000000000000000e+00
-1.000000000000000000e+00 1.013000000000000078e+01 1.081000000000000050e+01 3.899999999999999911e+00 1.048000000000000043e+01 6.089999999999999858e+00 3.490000000000000213e+00 4.830000000000000071e+00 6.309999999999999609e+00 -1.000000000000000000e+00
-1.000000000000000000e+00 1.015000000000000036e+01 1.081000000000000050e+01 3.859999999999999876e+00 1.006000000000000050e+01 6.110000000000000320e+00 3.459999999999999964e+00 4.879999999999999893e+00 6.309999999999999609e+00 -1.000000000000000000e+00
-1.000000000000000000e+00 1.019999999999999929e+01 1.093999999999999950e+01 3.939999999999999947e+00 1.043999999999999950e+01 6.089999999999999858e+00 3.479999999999999982e+00 4.870000000000000107e+00 6.309999999999999609e+00 -1.000000000000000000e+00
-1.000000000000000000e+00 1.003999999999999915e+01 1.085999999999999943e+01 3.899999999999999911e+00 1.007000000000000028e+01 5.629999999999999893e+00 3.479999999999999982e+00 4.849999999999999645e+00 6.320000000000000284e+00 -1.000000000000000000e+00
-1.000000000000000000e+00 1.006000000000000050e+01 1.085999999999999943e+01 3.879999999999999893e+00 1.051999999999999957e+01 5.809999999999999609e+00 3.490000000000000213e+00 4.839999999999999858e+00 6.269999999999999574e+00 -1.000000000000000000e+00
-1.000000000000000000e+00 1.001999999999999957e+01 1.081000000000000050e+01 3.899999999999999911e+00 1.044999999999999929e+01 5.969999999999999751e+00 3.509999999999999787e+00 4.849999999999999645e+00 6.339999999999999858e+00 -1.000000000000000000e+00
-1.000000000000000000e+00 1.016000000000000014e+01 1.081000000000000050e+01 3.890000000000000124e+00 1.050000000000000000e+01 5.589999999999999858e+00 3.509999999999999787e+00 4.839999999999999858e+00 -1.000000000000000000e+00 -1.000000000000000000e+00
-1.000000000000000000e+00 1.014000000000000057e+01 1.083000000000000007e+01 3.910000000000000142e+00 9.710000000000000853e+00 6.160000000000000142e+00 3.490000000000000213e+00 4.809999999999999609e+00 6.330000000000000071e+00 -1.000000000000000000e+00
-1.000000000000000000e+00 1.005000000000000071e+01 1.091999999999999993e+01 3.959999999999999964e+00 1.008999999999999986e+01 5.660000000000000142e+00 3.470000000000000195e+00 4.860000000000000320e+00 6.370000000000000107e+00 -1.000000000000000000e+00
-1.000000000000000000e+00 -1.000000000000000000e+00 1.085999999999999943e+01 -1.000000000000000000e+00 1.009999999999999964e+01 5.620000000000000107e+00 3.479999999999999982e+00 4.860000000000000320e+00 6.299999999999999822e+00 -1.000000000000000000e+00
-1.000000000000000000e+00 1.014000000000000057e+01 1.088000000000000078e+01 3.950000000000000178e+00 1.008000000000000007e+01 6.139999999999999680e+00 3.470000000000000195e+00 4.870000000000000107e+00 6.320000000000000284e+00 -1.000000000000000000e+00
-1.000000000000000000e+00 -1.000000000000000000e+00 1.089000000000000057e+01 3.930000000000000160e+00 1.008999999999999986e+01 6.599999999999999645e+00 3.490000000000000213e+00 4.780000000000000249e+00 6.309999999999999609e+00 -1.000000000000000000e+00
-1.000000000000000000e+00 1.078999999999999915e+01 1.082000000000000028e+01 3.879999999999999893e+00 9.720000000000000639e+00 5.660000000000000142e+00 3.549999999999999822e+00 4.879999999999999893e+00 6.320000000000000284e+00 -1.000000000000000000e+00
-1.000000000000000000e+00 -1.000000000000000000e+00 1.093999999999999950e+01 3.879999999999999893e+00 1.051999999999999957e+01 5.799999999999999822e+00 3.529999999999999805e+00 4.910000000000000142e+00 6.330000000000000071e+00 -1.000000000000000000e+00
-1.000000000000000000e+00 1.008999999999999986e+01 1.083999999999999986e+01 3.910000000000000142e+00 1.050000000000000000e+01 6.160000000000000142e+00 3.520000000000000018e+00 4.889999999999999680e+00 6.280000000000000249e+00 -1.000000000000000000e+00
-1.000000000000000000e+00 -1.000000000000000000e+00 1.086999999999999922e+01 3.939999999999999947e+00 1.003999999999999915e+01 5.620000000000000107e+00 3.490000000000000213e+00 4.820000000000000284e+00 6.320000000000000284e+00 -1.000000000000000000e+00
-1.000000000000000000e+00 1.014000000000000057e+01 1.086999999999999922e+01 3.899999999999999911e+00 1.008999999999999986e+01 5.809999999999999609e+00 3.540000000000000036e+00 4.860000000000000320e+00 6.330000000000000071e+00 -1.000000000000000000e+00
-1.000000000000000000e+00 1.011999999999999922e+01 1.083999999999999986e+01 3.870000000000000107e+00 1.009999999999999964e+01 5.610000000000000320e+00 3.529999999999999805e+00 4.830000000000000071e+00 6.320000000000000284e+00 -1.000000000000000000e+00
-1.000000000000000000e+00 1.008999999999999986e+01 1.089000000000000057e+01 3.939999999999999947e+00 1.055000000000000071e+01 5.570000000000000284e+00 3.509999999999999787e+00 4.799999999999999822e+00 6.299999999999999822e+00 -1.000000000000000000e+00
-1.000000000000000000e+00 1.003999999999999915e+01 1.089000000000000057e+01 3.910000000000000142e+00 9.669999999999999929e+00 5.610000000000000320e+00 3.479999999999999982e+00 4.849999999999999645e+00 6.320000000000000284e+00 -1.000000000000000000e+00
-1.000000000000000000e+00 -1.000000000000000000e+00 1.093999999999999950e+01 3.930000000000000160e+00 9.660000000000000142e+00 5.650000000000000355e+00 3.490000000000000213e+00 4.809999999999999609e+00 6.320000000000000284e+00 -1.000000000000000000e+00
-1.000000000000000000e+00 1.010999999999999943e+01 1.086999999999999922e+01 3.950000000000000178e+00 1.014000000000000057e+01 5.679999999999999716e+00 3.540000000000000036e+00 4.889999999999999680e+00 6.290000000000000036e+00 -1.000000000000000000e+00
-1.000000000000000000e+00 1.010999999999999943e+01 1.083999999999999986e+01 3.879999999999999893e+00 1.052999999999999936e+01 5.610000000000000320e+00 3.490000000000000213e+00 4.879999999999999893e+00 6.309999999999999609e+00 -1.000000000000000000e+00
-1.000000000000000000e+00 -1.000000000000000000e+00 1.089000000000000057e+01 3.919999999999999929e+00 1.005000000000000071e+01 5.650000000000000355e+00 3.509999999999999787e+00 4.849999999999999645e+00 6.330000000000000071e+00 -1.000000000000000000e+00
-1.000000000000000000e+00 -1.000000000000000000e+00 1.088000000000000078e+01 3.890000000000000124e+00 1.011999999999999922e+01 5.709999999999999964e+00 3.479999999999999982e+00 4.889999999999999680e+00 6.320000000000000284e+00 -1.000000000000000000e+00
-1.000000000000000000e+00 1.007000000000000028e+01 1.084999999999999964e+01 3.939999999999999947e+00 9.640000000000000568e+00 5.639999999999999680e+00 3.500000000000000000e+00 4.780000000000000249e+00 6.290000000000000036e+00 -1.000000000000000000e+00
-1.000000000000000000e+00 1.018999999999999950e+01 1.088000000000000078e+01 3.930000000000000160e+00 1.008000000000000007e+01 5.599999999999999645e+00 3.540000000000000036e+00 4.910000000000000142e+00 6.320000000000000284e+00 -1.000000000000000000e+00
-1.000000000000000000e+00 1.017999999999999972e+01 1.083999999999999986e+01 3.899999999999999911e+00 9.679999999999999716e+00 5.769999999999999574e+00 3.589999999999999858e+00 4.820000000000000284e+00 6.320000000000000284e+00 -1.000000000000000000e+00
-1.000000000000000000e+00 -1.000000000000000000e+00 1.088000000000000078e+01 3.919999999999999929e+00 1.016999999999999993e+01 5.870000000000000107e+00 3.529999999999999805e+00 4.860000000000000320e+00 6.330000000000000071e+00 -1.000000000000000000e+00
-1.000000000000000000e+00 1.008000000000000007e+01 1.082000000000000028e+01 3.950000000000000178e+00 9.980000000000000426e+00 5.740000000000000213e+00 3.529999999999999805e+00 4.900000000000000355e+00 6.330000000000000071e+00 -1.000000000000000000e+00
-1.000000000000000000e+00 1.018999999999999950e+01 1.085999999999999943e+01 3.890000000000000124e+00 1.055000000000000071e+01 5.750000000000000000e+00 3.509999999999999787e+00 4.889999999999999680e+00 6.320000000000000284e+00 -1.000000000000000000e+00
-1.000000000000000000e+00 1.010999999999999943e+01 1.091999999999999993e+01 3.910000000000000142e+00 1.013000000000000078e+01 5.780000000000000249e+00 3.569999999999999840e+00 4.849999999999999645e+00 6.330000000000000071e+00 -1.000000000000000000e+00
-1.000000000000000000e+00 1.015000000000000036e+01 1.092999999999999972e+01 3.910000000000000142e+00 9.539999999999999147e+00 5.610000000000000320e+00 3.479999999999999982e+00 4.919999999999999929e+00 6.320000000000000284e+00 -1.000000000000000000e+00
-1.000000000000000000e+00 -1.000000000000000000e+00 1.090000000000000036e+01 3.890000000000000124e+00 1.003999999999999915e+01 5.580000000000000071e+00 3.479999999999999982e+00 4.870000000000000107e+00 6.320000000000000284e+00 -1.000000000000000000e+00
-1.000000000000000000e+00 -1.000000000000000000e+00 1.088000000000000078e+01 3.919999999999999929e+00 1.010999999999999943e+01 5.679999999999999716e+00 3.509999999999999787e+00 4.910000000000000142e+00 6.309999999999999609e+00 -1.000000000000000000e+00
-1.000000000000000000e+00 -1.000000000000000000e+00 1.092999999999999972e+01 3.930000000000000160e+00 9.599999999999999645e+00 5.629999999999999893e+00 3.410000000000000142e+00 -1.000000000000000000e+00 6.360000000000000320e+00 -1.000000000000000000e+00
-1.000000000000000000e+00 1.011999999999999922e+01 1.082000000000000028e+01 3.899999999999999911e+00 1.009999999999999964e+01 5.709999999999999964e+00 3.490000000000000213e+00 4.860000000000000320e+00 6.330000000000000071e+00 -1.000000000000000000e+00
-1.000000000000000000e+00 1.005000000000000071e+01 1.091000000000000014e+01 3.930000000000000160e+00 1.007000000000000028e+01 5.759999999999999787e+00 3.500000000000000000e+00 4.849999999999999645e+00 6.320000000000000284e+00 -1.000000000000000000e+00
-1.000000000000000000e+00 1.013000000000000078e+01 1.091000000000000014e+01 3.890000000000000124e+00 1.000999999999999979e+01 5.660000000000000142e+00 3.490000000000000213e+00 4.940000000000000391e+00 6.360000000000000320e+00 -1.000000000000000000e+00
-1.000000000000000000e+00 1.013000000000000078e+01 1.085999999999999943e+01 3.890000000000000124e+00 9.550000000000000711e+00 5.589999999999999858e+00 3.520000000000000018e+00 4.820000000000000284e+00 6.290000000000000036e+00 -1.000000000000000000e+00
-1.000000000000000000e+00 1.007000000000000028e+01 1.084999999999999964e+01 3.879999999999999893e+00 1.048000000000000043e+01 5.690000000000000391e+00 3.490000000000000213e+00 4.809999999999999609e+00 6.320000000000000284e+00 -1.000000000000000000e+00
-1.000000000000000000e+00 1.013000000000000078e+01 1.089000000000000057e+01 3.899999999999999911e+00 1.013000000000000078e+01 5.620000000000000107e+00 3.439999999999999947e+00 4.830000000000000071e+00 6.299999999999999822e+00 -1.000000000000000000e+00
-1.000000000000000000e+00 1.003999999999999915e+01 1.091999999999999993e+01 3.930000000000000160e+00 1.006000000000000050e+01 5.690000000000000391e+00 3.500000000000000000e+00 4.900000000000000355e+00 6.339999999999999858e+00 -1.000000000000000000e+00
-1.000000000000000000e+00 1.008000000000000007e+01 1.091000000000000014e+01 3.970000000000000195e+00 1.008999999999999986e+01 5.650000000000000355e+00 3.549999999999999822e+00 4.860000000000000320e+00 6.349999999999999645e+00 -1.000000000000000000e+00
-1.000000000000000000e+00 1.000000000000000000e+01 1.090000000000000036e+01 3.919999999999999929e+00 1.008999999999999986e+01 5.639999999999999680e+00 3.560000000000000053e+00 4.879999999999999893e+00 6.320000000000000284e+00 -1.000000000000000000e+00
-1.000000000000000000e+00 1.000999999999999979e+01 1.090000000000000036e+01 3.859999999999999876e+00 1.015000000000000036e+01 5.610000000000000320e+00 3.569999999999999840e+00 4.830000000000000071e+00 6.320000000000000284e+00 -1.000000000000000000e+00
-1.000000000000000000e+00 9.970000000000000639e+00 1.089000000000000057e+01 3.950000000000000178e+00 9.589999999999999858e+00 5.669999999999999929e+00 3.560000000000000053e+00 4.839999999999999858e+00 6.320000000000000284e+00 -1.000000000000000000e+00
-1.000000000000000000e+00 1.009999999999999964e+01 1.088000000000000078e+01 3.879999999999999893e+00 9.990000000000000213e+00 5.700000000000000178e+00 3.560000000000000053e+00 4.900000000000000355e+00 6.339999999999999858e+00 -1.000000000000000000e+00
-1.000000000000000000e+00 1.001999999999999957e+01 1.088000000000000078e+01 3.950000000000000178e+00 1.007000000000000028e+01 5.750000000000000000e+00 3.520000000000000018e+00 4.889999999999999680e+00 6.339999999999999858e+00 -1.000000000000000000e+00
-1.000000000000000000e+00 1.009999999999999964e+01 1.088000000000000078e+01 3.899999999999999911e+00 1.050000000000000000e+01 5.639999999999999680e+00 3.589999999999999858e+00 4.830000000000000071e+00 6.299999999999999822e+00 -1.000000000000000000e+00
-1.000000000000000000e+00 1.011999999999999922e+01 1.092999999999999972e+01 3.910000000000000142e+00 1.008999999999999986e+01 5.589999999999999858e+00 3.439999999999999947e+00 4.870000000000000107e+00 6.320000000000000284e+00 -1.000000000000000000e+00
-1.000000000000000000e+00 1.016000000000000014e+01 1.086999999999999922e+01 3.959999999999999964e+00 1.051999999999999957e+01 5.599999999999999645e+00 3.609999999999999876e+00 4.919999999999999929e+00 6.320000000000000284e+00 -1.000000000000000000e+00
-1.000000000000000000e+00 1.017999999999999972e+01 1.091999999999999993e+01 3.919999999999999929e+00 1.010999999999999943e+01 5.700000000000000178e+00 3.540000000000000036e+00 4.900000000000000355e+00 6.349999999999999645e+00 -1.000000000000000000e+00
-1.000000000000000000e+00 1.006000000000000050e+01 1.098000000000000043e+01 3.950000000000000178e+00 9.570000000000000284e+00 5.709999999999999964e+00 3.560000000000000053e+00 4.870000000000000107e+00 6.320000000000000284e+00 -1.000000000000000000e+00
-1.000000000000000000e+00 1.006000000000000050e+01 1.088000000000000078e+01 3.910000000000000142e+00 9.589999999999999858e+00 5.679999999999999716e+00 3.589999999999999858e+00 4.900000000000000355e+00 6.339999999999999858e+00 -1.000000000000000000e+00
