-1.000000000000000000e+00 -1.000000000000000000e+00 -1.000000000000000000e+00 -1.000000000000000000e+00 -1.000000000000000000e+00 -1.000000000000000000e+00 -1.000000000000000000e+00 -1.000000000000000000e+00 -1.000000000000000000e+00 -1.000000000000000000e+00
-1.000000000000000000e+00 -1.000000000000000000e+00 4.019999999999999574e+00 1.081000000000000050e+01 2.053000000000000114e+01 7.549999999999999822e+00 -1.000000000000000000e+00 1.571000000000000085e+01 1.566000000000000014e+01 -1.000000000000000000e+00
-1.000000000000000000e+00 -1.000000000000000000e+00 3.919999999999999929e+00 1.084999999999999964e+01 2.057999999999999829e+01 7.530000000000000249e+00 -1.000000000000000000e+00 1.558999999999999986e+01 1.563000000000000078e+01 1.136999999999999922e+01
-1.000000000000000000e+00 -1.000000000000000000e+00 3.959999999999999964e+00 1.084999999999999964e+01 2.060999999999999943e+01 7.620000000000000107e+00 -1.000000000000000000e+00 1.553999999999999915e+01 1.572000000000000064e+01 1.008000000000000007e+01
-1.000000000000000000e+00 -1.000000000000000000e+00 3.970000000000000195e+00 1.082000000000000028e+01 2.050000000000000000e+01 7.589999999999999858e+00 -1.000000000000000000e+00 1.583000000000000007e+01 1.563000000000000078e+01 -1.000000000000000000e+00
-1.000000000000000000e+00 -1.000000000000000000e+00 3.899999999999999911e+00 1.089000000000000057e+01 2.050000000000000000e+01 7.589999999999999858e+00 -1.000000000000000000e+00 1.578999999999999915e+01 1.571000000000000085e+01 1.133000000000000007e+01
-1.000000000000000000e+00 -1.000000000000000000e+00 3.979999999999999982e+00 1.083000000000000007e+01 2.051000000000000156e+01 7.580000000000000071e+00 -1.000000000000000000e+00 1.553999999999999915e+01 1.564000000000000057e+01 -1.000000000000000000e+00
-1.000000000000000000e+00 -1.000000000000000000e+00 3.990000000000000213e+00 1.089000000000000057e+01 2.053999999999999915e+01 7.620000000000000107e+00 -1.000000000000000000e+00 1.550999999999999979e+01 1.567999999999999972e+01 -1.000000000000000000e+00
-1.000000000000000000e+00 -1.000000000000000000e+00 3.990000000000000213e+00 1.082000000000000028e+01 2.051999999999999957e+01 7.589999999999999858e+00 -1.000000000000000000e+00 1.578999999999999915e+01 1.569999999999999929e+01 -1.000000000000000000e+00
-1.000000000000000000e+00 -1.000000000000000000e+00 4.009999999999999787e+00 1.083000000000000007e+01 2.048999999999999844e+01 7.599999999999999645e+00 -1.000000000000000000e+00 1.578999999999999915e+01 1.571000000000000085e+01 1.136999999999999922e+01
-1.000000000000000000e+00 -1.000000000000000000e+00 4.040000000000000036e+00 1.078999999999999915e+01 2.046000000000000085e+01 7.660000000000000142e+00 -1.000000000000000000e+00 1.558999999999999986e+01 1.567999999999999972e+01 -1.000000000000000000e+00
-1.000000000000000000e+00 -1.000000000000000000e+00 3.939999999999999947e+00 1.083999999999999986e+01 2.055000000000000071e+01 7.629999999999999893e+00 -1.000000000000000000e+00 1.558999999999999986e+01 1.568999999999999950e+01 -1.000000000000000000e+00
-1.000000000000000000e+00 -1.000000000000000000e+00 3.990000000000000213e+00 1.084999999999999964e+01 2.048999999999999844e+01 7.540000000000000036e+00 -1.000000000000000000e+00 1.588000000000000078e+01 1.566999999999999993e+01 -1.000000000000000000e+00
-1.000000000000000000e+00 -1.000000000000000000e+00 3.990000000000000213e+00 1.086999999999999922e+01 2.057000000000000028e+01 7.559999999999999609e+00 -1.000000000000000000e+00 1.591000000000000014e+01 1.566999999999999993e+01 -1.000000000000000000e+00
-1.000000000000000000e+00 -1.000000000000000000e+00 3.979999999999999982e+00 1.078999999999999915e+01 2.055000000000000071e+01 7.650000000000000355e+00 -1.000000000000000000e+00 1.590000000000000036e+01 1.566999999999999993e+01 -1.000000000000000000e+00
-1.000000000000000000e+00 -1.000000000000000000e+00 3.990000000000000213e+00 1.077999999999999936e+01 2.048999999999999844e+01 7.650000000000000355e+00 -1.000000000000000000e+00 1.584999999999999964e+01 1.567999999999999972e+01 -1.000000000000000000e+00
-1.000000000000000000e+00 -1.000000000000000000e+00 3.950000000000000178e+00 1.077999999999999936e+01 2.046999999999999886e+01 7.599999999999999645e+00 -1.000000000000000000e+00 1.550000000000000000e+01 1.568999999999999950e+01 -1.000000000000000000e+00
-1.000000000000000000e+00 -1.000000000000000000e+00 3.990000000000000213e+00 1.082000000000000028e+01 2.046999999999999886e+01 7.570000000000000284e+00 -1.000000000000000000e+00 1.549000000000000021e+01 1.566000000000000014e+01 1.016000000000000014e+01
-1.000000000000000000e+00 -1.000000000000000000e+00 3.990000000000000213e+00 1.077999999999999936e+01 2.051000000000000156e+01 7.519999999999999574e+00 -1.000000000000000000e+00 1.591000000000000014e+01 1.564000000000000057e+01 1.124000000000000021e+01
-1.000000000000000000e+00 -1.000000000000000000e+00 3.979999999999999982e+00 -1.000000000000000000e+00 2.053000000000000114e+01 7.639999999999999680e+00 -1.000000000000000000e+00 1.585999999999999943e+01 1.564000000000000057e+01 -1.000000000000000000e+00
-1.000000000000000000e+00 -1.000000000000000000e+00 4.000000000000000000e+00 1.075000000000000000e+01 2.046999999999999886e+01 7.620000000000000107e+00 -1.000000000000000000e+00 1.555000000000000071e+01 1.568999999999999950e+01 -1.000000000000000000e+00
-1.000000000000000000e+00 -1.000000000000000000e+00 4.009999999999999787e+00 1.076999999999999957e+01 2.051999999999999957e+01 7.559999999999999609e+00 -1.000000000000000000e+00 1.548000000000000043e+01 1.567999999999999972e+01 -1.000000000000000000e+00
-1.000000000000000000e+00 -1.000000000000000000e+00 4.000000000000000000e+00 1.077999999999999936e+01 2.048000000000000043e+01 7.509999999999999787e+00 -1.000000000000000000e+00 1.540000000000000036e+01 1.575000000000000000e+01 -1.000000000000000000e+00
-1.000000000000000000e+00 -1.000000000000000000e+00 4.000000000000000000e+00 1.082000000000000028e+01 2.051000000000000156e+01 7.530000000000000249e+00 -1.000000000000000000e+00 1.563000000000000078e+01 1.566999999999999993e+01 -1.000000000000000000e+00
-1.000000000000000000e+00 -1.000000000000000000e+00 3.970000000000000195e+00 1.077999999999999936e+01 2.053999999999999915e+01 7.679999999999999716e+00 -1.000000000000000000e+00 1.580000000000000071e+01 1.571000000000000085e+01 -1.000000000000000000e+00
-1.000000000000000000e+00 -1.000000000000000000e+00 3.959999999999999964e+00 1.080000000000000071e+01 2.050000000000000000e+01 7.580000000000000071e+00 -1.000000000000000000e+00 1.557000000000000028e+01 1.566000000000000014e+01 -1.000000000000000000e+00
-1.000000000000000000e+00 -1.000000000000000000e+00 4.009999999999999787e+00 1.075000000000000000e+01 2.051000000000000156e+01 7.620000000000000107e+00 -1.000000000000000000e+00 1.531000000000000050e+01 1.566999999999999993e+01 1.008999999999999986e+01
-1.000000000000000000e+00 -1.000000000000000000e+00 4.009999999999999787e+00 1.076999999999999957e+01 2.053000000000000114e+01 7.620000000000000107e+00 -1.000000000000000000e+00 1.521000000000000085e+01 1.571000000000000085e+01 -1.000000000000000000e+00
-1.000000000000000000e+00 -1.000000000000000000e+00 4.009999999999999787e+00 1.080000000000000071e+01 2.057000000000000028e+01 7.610000000000000320e+00 -1.000000000000000000e+00 1.591000000000000014e+01 1.567999999999999972e+01 -1.000000000000000000e+00
-1.000000000000000000e+00 -1.000000000000000000e+00 4.000000000000000000e+00 1.083000000000000007e+01 2.051000000000000156e+01 7.620000000000000107e+00 -1.000000000000000000e+00 1.584999999999999964e+01 1.571000000000000085e+01 -1.000000000000000000e+00
-1.000000000000000000e+00 -1.000000000000000000e+00 3.970000000000000195e+00 1.075999999999999979e+01 2.055000000000000071e+01 7.620000000000000107e+00 -1.000000000000000000e+00 1.574000000000000021e+01 1.564000000000000057e+01 -1.000000000000000000e+00
-1.000000000000000000e+00 -1.000000000000000000e+00 3.919999999999999929e+00 1.080000000000000071e+01 2.050000000000000000e+01 7.599999999999999645e+00 -1.000000000000000000e+00 1.583000000000000007e+01 1.566000000000000014e+01 -1.000000000000000000e+00
-1.000000000000000000e+00 -1.000000000000000000e+00 3.990000000000000213e+00 1.076999999999999957e+01 2.055000000000000071e+01 7.629999999999999893e+00 -1.000000000000000000e+00 1.550999999999999979e+01 1.567999999999999972e+01 -1.000000000000000000e+00
-1.000000000000000000e+00 -1.000000000000000000e+00 3.950000000000000178e+00 1.075999999999999979e+01 2.050000000000000000e+01 7.589999999999999858e+00 -1.000000000000000000e+00 1.583000000000000007e+01 1.567999999999999972e+01 -1.000000000000000000e+00
-1.000000000000000000e+00 -1.000000000000000000e+00 3.979999999999999982e+00 1.074000000000000021e+01 2.055000000000000071e+01 7.580000000000000071e+00 -1.000000000000000000e+00 1.561999999999999922e+01 1.568999999999999950e+01 -1.000000000000000000e+00
-1.000000000000000000e+00 -1.000000000000000000e+00 3.990000000000000213e+00 1.084999999999999964e+01 2.051000000000000156e+01 7.580000000000000071e+00 -1.000000000000000000e+00 1.588000000000000078e+01 1.571000000000000085e+01 -1.000000000000000000e+00
-1.000000000000000000e+00 -1.000000000000000000e+00 3.970000000000000195e+00 1.078999999999999915e+01 2.057000000000000028e+01 7.559999999999999609e+00 -1.000000000000000000e+00 1.558999999999999986e+01 1.566999999999999993e+01 -1.000000000000000000e+00
-1.000000000000000000e+00 -1.000000000000000000e+00 4.009999999999999787e+00 1.081000000000000050e+01 2.055999999999999872e+01 7.589999999999999858e+00 -1.000000000000000000e+00 1.588000000000000078e+01 1.566999999999999993e+01 -1.000000000000000000e+00
-1.000000000000000000e+00 -1.000000000000000000e+00 3.930000000000000160e+00 1.083000000000000007e+01 2.053999999999999915e+01 7.599999999999999645e+00 -1.000000000000000000e+00 1.589000000000000057e+01 1.564000000000000057e+01 -1.000000000000000000e+00
-1.000000000000000000e+00 -1.000000000000000000e+00 3.990000000000000213e+00 1.081000000000000050e+01 2.051000000000000156e+01 7.589999999999999858e+00 -1.000000000000000000e+00 1.589000000000000057e+01 1.569999999999999929e+01 -1.000000000000000000e+00
-1.000000000000000000e+00 -1.000000000000000000e+00 3.939999999999999947e+00 1.083000000000000007e+01 2.048000000000000043e+01 7.549999999999999822e+00 -1.000000000000000000e+00 1.583999999999999986e+01 1.564000000000000057e+01 -1.000000000000000000e+00
-1.000000000000000000e+00 -1.000000000000000000e+00 3.930000000000000160e+00 1.080000000000000071e+01 2.048000000000000043e+01 7.580000000000000071e+00 -1.000000000000000000e+00 1.556000000000000050e+01 1.566999999999999993e+01 -1.000000000000000000e+00
-1.000000000000000000e+00 -1.000000000000000000e+00 3.939999999999999947e+00 1.081000000000000050e+01 2.053999999999999915e+01 7.580000000000000071e+00 -1.000000000000000000e+00 1.580000000000000071e+01 1.567999999999999972e+01 -1.000000000000000000e+00
-1.000000000000000000e+00 -1.000000000000000000e+00 3.990000000000000213e+00 1.088000000000000078e+01 2.053999999999999915e+01 7.580000000000000071e+00 -1.000000000000000000e+00 1.583000000000000007e+01 1.563000000000000078e+01 1.009999999999999964e+01
-1.000000000000000000e+00 -1.000000000000000000e+00 4.000000000000000000e+00 1.081000000000000050e+01 2.053999999999999915e+01 7.559999999999999609e+00 -1.000000000000000000e+00 1.544999999999999929e+01 1.565000000000000036e+01 -1.000000000000000000e+00
-1.000000000000000000e+00 -1.000000000000000000e+00 4.030000000000000249e+00 1.088000000000000078e+01 2.051999999999999957e+01 7.559999999999999609e+00 -1.000000000000000000e+00 1.556000000000000050e+01 1.572000000000000064e+01 -1.000000000000000000e+00
-1.000000000000000000e+00 -1.000000000000000000e+00 3.990000000000000213e+00 1.085999999999999943e+01 2.053999999999999915e+01 7.580000000000000071e+00 -1.000000000000000000e+00 1.575999999999999979e+01 1.565000000000000036e+01 -1.000000000000000000e+00
-1.000000000000000000e+00 -1.000000000000000000e+00 3.959999999999999964e+00 1.080000000000000071e+01 2.053000000000000114e+01 7.599999999999999645e+00 -1.000000000000000000e+00 1.586999999999999922e+01 1.566999999999999993e+01 -1.000000000000000000e+00
-1.000000000000000000e+00 -1.000000000000000000e+00 3.970000000000000195e+00 1.086999999999999922e+01 2.051000000000000156e+01 7.580000000000000071e+00 -1.000000000000000000e+00 1.586999999999999922e+01 1.572000000000000064e+01 1.100999999999999979e+01
-1.000000000000000000e+00 -1.000000000000000000e+00 3.910000000000000142e+00 1.082000000000000028e+01 2.057999999999999829e+01 7.549999999999999822e+00 -1.000000000000000000e+00 1.548000000000000043e+01 1.573000000000000043e+01 1.131000000000000050e+01
-1.000000000000000000e+00 -1.000000000000000000e+00 3.990000000000000213e+00 1.086999999999999922e+01 2.051999999999999957e+01 7.620000000000000107e+00 -1.000000000000000000e+00 1.515000000000000036e+01 1.568999999999999950e+01 1.122000000000000064e+01
-1.000000000000000000e+00 -1.000000000000000000e+00 3.979999999999999982e+00 1.080000000000000071e+01 2.055999999999999872e+01 7.650000000000000355e+00 -1.000000000000000000e+00 1.581000000000000050e+01 1.573000000000000043e+01 -1.000000000000000000e+00
-1.000000000000000000e+00 -1.000000000000000000e+00 3.990000000000000213e+00 1.084999999999999964e+01 2.058999999999999986e+01 7.610000000000000320e+00 -1.000000000000000000e+00 1.588000000000000078e+01 1.569999999999999929e+01 1.098000000000000043e+01
-1.000000000000000000e+00 -1.000000000000000000e+00 3.979999999999999982e+00 1.089000000000000057e+01 2.053999999999999915e+01 7.639999999999999680e+00 -1.000000000000000000e+00 1.578999999999999915e+01 1.568999999999999950e+01 -1.000000000000000000e+00
-1.000000000000000000e+00 -1.000000000000000000e+00 4.009999999999999787e+00 1.083999999999999986e+01 2.050000000000000000e+01 7.650000000000000355e+00 -1.000000000000000000e+00 1.521000000000000085e+01 1.571000000000000085e+01 1.009999999999999964e+01
-1.000000000000000000e+00 -1.000000000000000000e+00 4.000000000000000000e+00 1.088000000000000078e+01 2.055000000000000071e+01 7.500000000000000000e+00 -1.000000000000000000e+00 1.583000000000000007e+01 1.569999999999999929e+01 -1.000000000000000000e+00
-1.000000000000000000e+00 -1.000000000000000000e+00 3.930000000000000160e+00 1.088000000000000078e+01 2.057000000000000028e+01 7.620000000000000107e+00 -1.000000000000000000e+00 1.546000000000000085e+01 1.565000000000000036e+01 -1.000000000000000000e+00
-1.000000000000000000e+00 -1.000000000000000000e+00 4.040000000000000036e+00 1.084999999999999964e+01 2.046000000000000085e+01 7.610000000000000320e+00 -1.000000000000000000e+00 1.580000000000000071e+01 1.572000000000000064e+01 1.100999999999999979e+01
-1.000000000000000000e+00 -1.000000000000000000e+00 3.979999999999999982e+00 1.083999999999999986e+01 2.057000000000000028e+01 7.490000000000000213e+00 -1.000000000000000000e+00 1.500999999999999979e+01 1.568999999999999950e+01 -1.000000000000000000e+00
-1.000000000000000000e+00 -1.000000000000000000e+00 4.009999999999999787e+00 1.084999999999999964e+01 2.046999999999999886e+01 7.509999999999999787e+00 -1.000000000000000000e+00 1.585999999999999943e+01 1.566999999999999993e+01 1.100999999999999979e+01
-1.000000000000000000e+00 -1.000000000000000000e+00 4.030000000000000249e+00 1.085999999999999943e+01 2.051999999999999957e+01 7.570000000000000284e+00 -1.000000000000000000e+00 1.580000000000000071e+01 1.566000000000000014e+01 -1.000000000000000000e+00
-1.000000000000000000e+00 -1.000000000000000000e+00 4.009999999999999787e+00 1.084999999999999964e+01 2.055000000000000071e+01 7.570000000000000284e+00 -1.000000000000000000e+00 1.575000000000000000e+01 1.559999999999999964e+01 -1.000000000000000000e+00
-1.000000000000000000e+00 -1.000000000000000000e+00 4.009999999999999787e+00 1.086999999999999922e+01 2.053999999999999915e+01 7.620000000000000107e+00 -1.000000000000000000e+00 1.588000000000000078e+01 1.566000000000000014e+01 -1.000000000000000000e+00
-1.000000000000000000e+00 -1.000000000000000000e+00 3.979999999999999982e+00 1.082000000000000028e+01 2.053999999999999915e+01 7.589999999999999858e+00 -1.000000000000000000e+00 1.557000000000000028e+01 1.567999999999999972e+01 -1.000000000000000000e+00
-1.000000000000000000e+00 -1.000000000000000000e+00 4.040000000000000036e+00 1.083999999999999986e+01 2.055000000000000071e+01 7.629999999999999893e+00 -1.000000000000000000e+00 1.558999999999999986e+01 1.567999999999999972e+01 1.134999999999999964e+01
-1.000000000000000000e+00 -1.000000000000000000e+00 4.000000000000000000e+00 1.081000000000000050e+01 2.053000000000000114e+01 7.559999999999999609e+00 -1.000000000000000000e+00 1.510999999999999943e+01 1.566000000000000014e+01 1.106000000000000050e+01
-1.000000000000000000e+00 -1.000000000000000000e+00 3.950000000000000178e+00 1.083000000000000007e+01 2.053999999999999915e+01 7.570000000000000284e+00 -1.000000000000000000e+00 1.517999999999999972e+01 1.566999999999999993e+01 -1.000000000000000000e+00
-1.000000000000000000e+00 -1.000000000000000000e+00 3.950000000000000178e+00 1.090000000000000036e+01 2.051000000000000156e+01 7.639999999999999680e+00 -1.000000000000000000e+00 1.575000000000000000e+01 1.571000000000000085e+01 -1.000000000000000000e+00
-1.000000000000000000e+00 -1.000000000000000000e+00 3.930000000000000160e+00 1.080000000000000071e+01 2.051999999999999957e+01 7.610000000000000320e+00 -1.000000000000000000e+00 1.541000000000000014e+01 1.564000000000000057e+01 -1.000000000000000000e+00
-1.000000000000000000e+00 -1.000000000000000000e+00 3.919999999999999929e+00 1.080000000000000071e+01 2.053000000000000114e+01 7.629999999999999893e+00 -1.000000000000000000e+00 1.583999999999999986e+01 1.566000000000000014e+01 1.101999999999999957e+01
-1.000000000000000000e+00 -1.000000000000000000e+00 3.990000000000000213e+00 1.083999999999999986e+01 2.055999999999999872e+01 7.650000000000000355e+00 -1.000000000000000000e+00 1.517999999999999972e+01 1.565000000000000036e+01 1.099000000000000021e+01
-1.000000000000000000e+00 -1.000000000000000000e+00 3.959999999999999964e+00 1.084999999999999964e+01 2.057000000000000028e+01 7.650000000000000355e+00 -1.000000000000000000e+00 1.553999999999999915e+01 1.565000000000000036e+01 -1.000000000000000000e+00
-1.000000000000000000e+00 -1.000000000000000000e+00 4.030000000000000249e+00 1.075999999999999979e+01 2.051999999999999957e+01 7.660000000000000142e+00 -1.000000000000000000e+00 -1.000000000000000000e+00 1.564000000000000057e+01 1.093999999999999950e+01
-1.000000000000000000e+00 -1.000000000000000000e+00 3.930000000000000160e+00 1.083999999999999986e+01 2.055999999999999872e+01 7.660000000000000142e+00 -1.000000000000000000e+00 1.582000000000000028e+01 1.566999999999999993e+01 -1.000000000000000000e+00
-1.000000000000000000e+00 -1.000000000000000000e+00 3.990000000000000213e+00 1.083000000000000007e+01 2.053999999999999915e+01 7.650000000000000355e+00 -1.000000000000000000e+00 1.577999999999999936e+01 1.565000000000000036e+01 -1.000000000000000000e+00
-1.000000000000000000e+00 -1.000000000000000000e+00 3.979999999999999982e+00 1.077999999999999936e+01 2.053000000000000114e+01 7.750000000000000000e+00 -1.000000000000000000e+00 1.580000000000000071e+01 1.566999999999999993e+01 -1.000000000000000000e+00
-1.000000000000000000e+00 -1.000000000000000000e+00 3.970000000000000195e+00 1.076999999999999957e+01 2.051999999999999957e+01 7.599999999999999645e+00 -1.000000000000000000e+00 1.558999999999999986e+01 1.566999999999999993e+01 -1.000000000000000000e+00
-1.000000000000000000e+00 -1.000000000000000000e+00 3.899999999999999911e+00 1.081000000000000050e+01 2.051999999999999957e+01 7.540000000000000036e+00 -1.000000000000000000e+00 1.585999999999999943e+01 1.567999999999999972e+01 -1.000000000000000000e+00
-1.000000000000000000e+00 -1.000000000000000000e+00 4.009999999999999787e+00 1.083000000000000007e+01 2.051999999999999957e+01 7.599999999999999645e+00 -1.000000000000000000e+00 1.543999999999999950e+01 1.571000000000000085e+01 -1.000000000000000000e+00
-1.000000000000000000e+00 -1.000000000000000000e+00 3.939999999999999947e+00 1.083000000000000007e+01 2.051000000000000156e+01 7.549999999999999822e+00 -1.000000000000000000e+00 1.558000000000000007e+01 1.567999999999999972e+01 1.119999999999999929e+01
-1.000000000000000000e+00 -1.000000000000000000e+00 3.970000000000000195e+00 1.086999999999999922e+01 2.055000000000000071e+01 7.610000000000000320e+00 -1.000000000000000000e+00 1.550999999999999979e+01 1.567999999999999972e+01 1.146000000000000085e+01
-1.000000000000000000e+00 -1.000000000000000000e+00 4.000000000000000000e+00 1.086999999999999922e+01 2.051000000000000156e+01 7.629999999999999893e+00 -1.000000000000000000e+00 1.569999999999999929e+01 1.572000000000000064e+01 1.123000000000000043e+01
-1.000000000000000000e+00 -1.000000000000000000e+00 3.970000000000000195e+00 1.085999999999999943e+01 2.057000000000000028e+01 7.599999999999999645e+00 -1.000000000000000000e+00 1.582000000000000028e+01 1.569999999999999929e+01 -1.000000000000000000e+00
-1.000000000000000000e+00 -1.000000000000000000e+00 3.899999999999999911e+00 1.083000000000000007e+01 2.051000000000000156e+01 7.540000000000000036e+00 -1.000000000000000000e+00 1.515000000000000036e+01 1.569999999999999929e+01 1.021000000000000085e+01
-1.000000000000000000e+00 -1.000000000000000000e+00 3.970000000000000195e+00 1.088000000000000078e+01 2.051000000000000156e+01 7.589999999999999858e+00 -1.000000000000000000e+00 1.549000000000000021e+01 1.567999999999999972e+01 -1.000000000000000000e+00
-1.000000000000000000e+00 -1.000000000000000000e+00 4.009999999999999787e+00 1.081000000000000050e+01 2.055999999999999872e+01 7.620000000000000107e+00 -1.000000000000000000e+00 1.533000000000000007e+01 1.569999999999999929e+01 1.108000000000000007e+01
-1.000000000000000000e+00 -1.000000000000000000e+00 3.979999999999999982e+00 1.091000000000000014e+01 2.055999999999999872e+01 7.629999999999999893e+00 -1.000000000000000000e+00 1.548000000000000043e+01 1.571000000000000085e+01 -1.000000000000000000e+00
-1.000000000000000000e+00 -1.000000000000000000e+00 4.019999999999999574e+00 1.086999999999999922e+01 2.057000000000000028e+01 7.580000000000000071e+00 -1.000000000000000000e+00 1.583999999999999986e+01 1.566000000000000014e+01 -1.000000000000000000e+00
-1.000000000000000000e+00 -1.000000000000000000e+00 4.009999999999999787e+00 1.090000000000000036e+01 2.055000000000000071e+01 7.620000000000000107e+00 -1.000000000000000000e+00 1.582000000000000028e+01 1.567999999999999972e+01 1.013000000000000078e+01
-1.000000000000000000e+00 -1.000000000000000000e+00 3.990000000000000213e+00 1.082000000000000028e+01 2.048999999999999844e+01 7.570000000000000284e+00 -1.000000000000000000e+00 1.576999999999999957e+01 1.566000000000000014e+01 1.100999999999999979e+01
-1.000000000000000000e+00 -1.000000000000000000e+00 3.990000000000000213e+00 1.086999999999999922e+01 2.046999999999999886e+01 7.620000000000000107e+00 -1.000000000000000000e+00 1.581000000000000050e+01 1.566000000000000014e+01 1.011999999999999922e+01
-1.000000000000000000e+00 -1.000000000000000000e+00 3.970000000000000195e+00 1.080000000000000071e+01 2.051000000000000156e+01 7.580000000000000071e+00 -1.000000000000000000e+00 1.548000000000000043e+01 1.561999999999999922e+01 -1.000000000000000000e+00
-1.000000000000000000e+00 -1.000000000000000000e+00 4.009999999999999787e+00 1.082000000000000028e+01 2.051000000000000156e+01 7.620000000000000107e+00 -1.000000000000000000e+00 1.553999999999999915e+01 1.567999999999999972e+01 -1.000000000000000000e+00
-1.000000000000000000e+00 -1.000000000000000000e+00 3.939999999999999947e+00 1.080000000000000071e+01 2.046999999999999886e+01 7.549999999999999822e+00 -1.000000000000000000e+00 1.549000000000000021e+01 1.563000000000000078e+01 -1.000000000000000000e+00
-1.000000000000000000e+00 -1.000000000000000000e+00 4.009999999999999787e+00 1.083999999999999986e+01 2.048999999999999844e+01 7.589999999999999858e+00 -1.000000000000000000e+00 1.583000000000000007e+01 1.569999999999999929e+01 -1.000000000000000000e+00
-1.000000000000000000e+00 -1.000000000000000000e+00 4.009999999999999787e+00 1.080000000000000071e+01 2.053999999999999915e+01 7.639999999999999680e+00 -1.000000000000000000e+00 1.535999999999999943e+01 1.569999999999999929e+01 -1.000000000000000000e+00
-1.000000000000000000e+00 -1.000000000000000000e+00 3.990000000000000213e+00 1.085999999999999943e+01 2.057000000000000028e+01 7.509999999999999787e+00 -1.000000000000000000e+00 1.581000000000000050e+01 1.565000000000000036e+01 1.101999999999999957e+01
-1.000000000000000000e+00 -1.000000000000000000e+00 3.959999999999999964e+00 1.085999999999999943e+01 2.050000000000000000e+01 7.519999999999999574e+00 -1.000000000000000000e+00 1.591000000000000014e+01 1.569999999999999929e+01 -1.000000000000000000e+00
-1.000000000000000000e+00 -1.000000000000000000e+00 3.939999999999999947e+00 1.088000000000000078e+01 2.053000000000000114e+01 7.679999999999999716e+00 -1.000000000000000000e+00 1.547000000000000064e+01 1.575999999999999979e+01 -1.000000000000000000e+00
-1.000000000000000000e+00 -1.000000000000000000e+00 3.950000000000000178e+00 1.080000000000000071e+01 2.051999999999999957e+01 7.519999999999999574e+00 -1.000000000000000000e+00 1.563000000000000078e+01 1.573000000000000043e+01 -1.000000000000000000e+00
