-1.000000000000000000e+00 -1.000000000000000000e+00 -1.000000000000000000e+00 -1.000000000000000000e+00 -1.000000000000000000e+00 -1.000000000000000000e+00 -1.000000000000000000e+00 -1.000000000000000000e+00 -1.000000000000000000e+00 -1.000000000000000000e+00
-1.000000000000000000e+00 1.560999999999999943e+01 1.583000000000000007e+01 4.870000000000000107e+00 5.190000000000000391e+00 8.550000000000000711e+00 -1.000000000000000000e+00 3.819999999999999840e+00 -1.000000000000000000e+00 6.450000000000000178e+00
-1.000000000000000000e+00 1.558999999999999986e+01 1.581000000000000050e+01 4.849999999999999645e+00 5.240000000000000213e+00 8.529999999999999361e+00 -1.000000000000000000e+00 3.830000000000000071e+00 -1.000000000000000000e+00 6.440000000000000391e+00
-1.000000000000000000e+00 1.572000000000000064e+01 1.581000000000000050e+01 4.860000000000000320e+00 5.250000000000000000e+00 8.589999999999999858e+00 -1.000000000000000000e+00 3.839999999999999858e+00 -1.000000000000000000e+00 6.440000000000000391e+00
-1.000000000000000000e+00 1.568999999999999950e+01 1.582000000000000028e+01 4.820000000000000284e+00 5.209999999999999964e+00 8.560000000000000497e+00 -1.000000000000000000e+00 3.850000000000000089e+00 -1.000000000000000000e+00 6.459999999999999964e+00
-1.000000000000000000e+00 1.560999999999999943e+01 1.578999999999999915e+01 4.860000000000000320e+00 5.200000000000000178e+00 8.480000000000000426e+00 -1.000000000000000000e+00 3.810000000000000053e+00 -1.000000000000000000e+00 6.400000000000000355e+00
-1.000000000000000000e+00 1.567999999999999972e+01 1.583000000000000007e+01 4.849999999999999645e+00 5.219999999999999751e+00 8.500000000000000000e+00 -1.000000000000000000e+00 3.850000000000000089e+00 -1.000000000000000000e+00 6.450000000000000178e+00
-1.000000000000000000e+00 1.565000000000000036e+01 1.581000000000000050e+01 4.870000000000000107e+00 5.280000000000000249e+00 8.560000000000000497e+00 -1.000000000000000000e+00 3.790000000000000036e+00 -1.000000000000000000e+00 6.360000000000000320e+00
-1.000000000000000000e+00 1.565000000000000036e+01 1.581000000000000050e+01 4.849999999999999645e+00 5.179999999999999716e+00 8.539999999999999147e+00 -1.000000000000000000e+00 3.859999999999999876e+00 -1.000000000000000000e+00 6.389999999999999680e+00
-1.000000000000000000e+00 1.566000000000000014e+01 1.584999999999999964e+01 4.870000000000000107e+00 5.290000000000000036e+00 8.529999999999999361e+00 -1.000000000000000000e+00 3.850000000000000089e+00 -1.000000000000000000e+00 6.450000000000000178e+00
-1.000000000000000000e+00 1.567999999999999972e+01 1.582000000000000028e+01 4.860000000000000320e+00 5.259999999999999787e+00 8.550000000000000711e+00 -1.000000000000000000e+00 3.819999999999999840e+00 -1.000000000000000000e+00 6.389999999999999680e+00
-1.000000000000000000e+00 1.564000000000000057e+01 1.583000000000000007e+01 4.849999999999999645e+00 5.219999999999999751e+00 8.599999999999999645e+00 -1.000000000000000000e+00 3.819999999999999840e+00 -1.000000000000000000e+00 6.320000000000000284e+00
-1.000000000000000000e+00 1.568999999999999950e+01 1.582000000000000028e+01 4.839999999999999858e+00 5.240000000000000213e+00 8.619999999999999218e+00 -1.000000000000000000e+00 3.839999999999999858e+00 -1.000000000000000000e+00 6.450000000000000178e+00
-1.000000000000000000e+00 1.560999999999999943e+01 1.582000000000000028e+01 4.879999999999999893e+00 5.200000000000000178e+00 8.619999999999999218e+00 -1.000000000000000000e+00 3.879999999999999893e+00 -1.000000000000000000e+00 6.429999999999999716e+00
-1.000000000000000000e+00 1.563000000000000078e+01 1.585999999999999943e+01 4.839999999999999858e+00 5.209999999999999964e+00 8.580000000000000071e+00 -1.000000000000000000e+00 3.839999999999999858e+00 -1.000000000000000000e+00 6.400000000000000355e+00
-1.000000000000000000e+00 1.574000000000000021e+01 1.581000000000000050e+01 4.839999999999999858e+00 5.250000000000000000e+00 8.570000000000000284e+00 -1.000000000000000000e+00 3.810000000000000053e+00 -1.000000000000000000e+00 6.440000000000000391e+00
-1.000000000000000000e+00 1.567999999999999972e+01 1.583000000000000007e+01 -1.000000000000000000e+00 5.299999999999999822e+00 8.570000000000000284e+00 -1.000000000000000000e+00 3.850000000000000089e+00 -1.000000000000000000e+00 6.450000000000000178e+00
-1.000000000000000000e+00 1.575999999999999979e+01 1.584999999999999964e+01 4.879999999999999893e+00 5.250000000000000000e+00 8.529999999999999361e+00 -1.000000000000000000e+00 3.779999999999999805e+00 -1.000000000000000000e+00 6.419999999999999929e+00
-1.000000000000000000e+00 1.565000000000000036e+01 -1.000000000000000000e+00 4.879999999999999893e+00 5.240000000000000213e+00 8.570000000000000284e+00 -1.000000000000000000e+00 3.819999999999999840e+00 -1.000000000000000000e+00 6.410000000000000142e+00
-1.000000000000000000e+00 1.569999999999999929e+01 1.583000000000000007e+01 4.849999999999999645e+00 5.190000000000000391e+00 8.509999999999999787e+00 -1.000000000000000000e+00 3.790000000000000036e+00 -1.000000000000000000e+00 6.450000000000000178e+00
-1.000000000000000000e+00 1.564000000000000057e+01 1.585999999999999943e+01 4.860000000000000320e+00 5.169999999999999929e+00 8.609999999999999432e+00 -1.000000000000000000e+00 3.850000000000000089e+00 -1.000000000000000000e+00 6.440000000000000391e+00
-1.000000000000000000e+00 1.574000000000000021e+01 1.575999999999999979e+01 4.870000000000000107e+00 5.280000000000000249e+00 8.570000000000000284e+00 -1.000000000000000000e+00 3.830000000000000071e+00 -1.000000000000000000e+00 6.429999999999999716e+00
-1.000000000000000000e+00 1.565000000000000036e+01 1.583000000000000007e+01 4.910000000000000142e+00 5.200000000000000178e+00 8.619999999999999218e+00 -1.000000000000000000e+00 3.859999999999999876e+00 -1.000000000000000000e+00 6.339999999999999858e+00
-1.000000000000000000e+00 1.566999999999999993e+01 1.583000000000000007e+01 4.849999999999999645e+00 5.200000000000000178e+00 8.570000000000000284e+00 -1.000000000000000000e+00 3.870000000000000107e+00 -1.000000000000000000e+00 6.339999999999999858e+00
-1.000000000000000000e+00 1.563000000000000078e+01 1.581000000000000050e+01 4.860000000000000320e+00 5.309999999999999609e+00 8.490000000000000213e+00 -1.000000000000000000e+00 3.799999999999999822e+00 -1.000000000000000000e+00 6.440000000000000391e+00
-1.000000000000000000e+00 1.566999999999999993e+01 1.583999999999999986e+01 4.900000000000000355e+00 5.309999999999999609e+00 8.529999999999999361e+00 -1.000000000000000000e+00 3.799999999999999822e+00 -1.000000000000000000e+00 6.410000000000000142e+00
-1.000000000000000000e+00 1.557000000000000028e+01 1.584999999999999964e+01 4.900000000000000355e+00 5.240000000000000213e+00 8.560000000000000497e+00 -1.000000000000000000e+00 3.850000000000000089e+00 -1.000000000000000000e+00 6.379999999999999893e+00
-1.000000000000000000e+00 1.555000000000000071e+01 1.583999999999999986e+01 4.849999999999999645e+00 5.200000000000000178e+00 8.509999999999999787e+00 -1.000000000000000000e+00 3.870000000000000107e+00 -1.000000000000000000e+00 6.440000000000000391e+00
-1.000000000000000000e+00 1.563000000000000078e+01 1.582000000000000028e+01 4.889999999999999680e+00 5.259999999999999787e+00 8.560000000000000497e+00 -1.000000000000000000e+00 3.819999999999999840e+00 -1.000000000000000000e+00 6.450000000000000178e+00
-1.000000000000000000e+00 1.564000000000000057e+01 1.585999999999999943e+01 4.860000000000000320e+00 5.219999999999999751e+00 8.550000000000000711e+00 -1.000000000000000000e+00 3.799999999999999822e+00 -1.000000000000000000e+00 6.429999999999999716e+00
-1.000000000000000000e+00 1.558000000000000007e+01 1.580000000000000071e+01 4.900000000000000355e+00 5.179999999999999716e+00 8.580000000000000071e+00 -1.000000000000000000e+00 -1.000000000000000000e+00 -1.000000000000000000e+00 6.440000000000000391e+00
-1.000000000000000000e+00 1.559999999999999964e+01 1.583000000000000007e+01 4.839999999999999858e+00 5.219999999999999751e+00 8.539999999999999147e+00 -1.000000000000000000e+00 3.819999999999999840e+00 -1.000000000000000000e+00 6.410000000000000142e+00
-1.000000000000000000e+00 1.564000000000000057e+01 1.582000000000000028e+01 4.839999999999999858e+00 5.250000000000000000e+00 8.550000000000000711e+00 -1.000000000000000000e+00 3.810000000000000053e+00 -1.000000000000000000e+00 6.429999999999999716e+00
-1.000000000000000000e+00 1.558000000000000007e+01 1.584999999999999964e+01 4.860000000000000320e+00 5.169999999999999929e+00 8.580000000000000071e+00 -1.000000000000000000e+00 3.850000000000000089e+00 -1.000000000000000000e+00 6.419999999999999929e+00
-1.000000000000000000e+00 1.564000000000000057e+01 1.582000000000000028e+01 4.879999999999999893e+00 5.299999999999999822e+00 8.599999999999999645e+00 -1.000000000000000000e+00 3.859999999999999876e+00 -1.000000000000000000e+00 6.339999999999999858e+00
-1.000000000000000000e+00 1.564000000000000057e+01 1.581000000000000050e+01 4.860000000000000320e+00 5.179999999999999716e+00 8.529999999999999361e+00 -1.000000000000000000e+00 3.830000000000000071e+00 -1.000000000000000000e+00 6.450000000000000178e+00
-1.000000000000000000e+00 1.569999999999999929e+01 1.580000000000000071e+01 4.860000000000000320e+00 5.240000000000000213e+00 8.539999999999999147e+00 -1.000000000000000000e+00 3.839999999999999858e+00 -1.000000000000000000e+00 6.339999999999999858e+00
-1.000000000000000000e+00 1.569999999999999929e+01 1.584999999999999964e+01 4.849999999999999645e+00 5.269999999999999574e+00 8.539999999999999147e+00 -1.000000000000000000e+00 3.859999999999999876e+00 -1.000000000000000000e+00 6.330000000000000071e+00
-1.000000000000000000e+00 1.564000000000000057e+01 1.582000000000000028e+01 4.870000000000000107e+00 5.230000000000000426e+00 8.580000000000000071e+00 -1.000000000000000000e+00 3.850000000000000089e+00 -1.000000000000000000e+00 6.410000000000000142e+00
-1.000000000000000000e+00 1.566000000000000014e+01 1.585999999999999943e+01 4.830000000000000071e+00 5.160000000000000142e+00 8.570000000000000284e+00 -1.000000000000000000e+00 3.819999999999999840e+00 -1.000000000000000000e+00 6.389999999999999680e+00
-1.000000000000000000e+00 1.568999999999999950e+01 1.582000000000000028e+01 4.870000000000000107e+00 5.219999999999999751e+00 8.539999999999999147e+00 -1.000000000000000000e+00 3.819999999999999840e+00 -1.000000000000000000e+00 6.370000000000000107e+00
-1.000000000000000000e+00 1.565000000000000036e+01 1.583000000000000007e+01 4.849999999999999645e+00 5.209999999999999964e+00 8.529999999999999361e+00 -1.000000000000000000e+00 3.790000000000000036e+00 -1.000000000000000000e+00 6.419999999999999929e+00
-1.000000000000000000e+00 1.563000000000000078e+01 1.580000000000000071e+01 4.870000000000000107e+00 5.209999999999999964e+00 8.570000000000000284e+00 -1.000000000000000000e+00 3.830000000000000071e+00 -1.000000000000000000e+00 6.459999999999999964e+00
-1.000000000000000000e+00 1.569999999999999929e+01 1.584999999999999964e+01 4.839999999999999858e+00 5.259999999999999787e+00 8.550000000000000711e+00 -1.000000000000000000e+00 3.859999999999999876e+00 -1.000000000000000000e+00 6.389999999999999680e+00
-1.000000000000000000e+00 1.566000000000000014e+01 1.581000000000000050e+01 4.860000000000000320e+00 5.269999999999999574e+00 8.570000000000000284e+00 -1.000000000000000000e+00 3.850000000000000089e+00 -1.000000000000000000e+00 6.410000000000000142e+00
-1.000000000000000000e+00 1.558000000000000007e+01 1.584999999999999964e+01 4.870000000000000107e+00 5.169999999999999929e+00 8.599999999999999645e+00 -1.000000000000000000e+00 3.799999999999999822e+00 -1.000000000000000000e+00 6.360000000000000320e+00
-1.000000000000000000e+00 1.572000000000000064e+01 1.583999999999999986e+01 4.849999999999999645e+00 5.240000000000000213e+00 8.560000000000000497e+00 -1.000000000000000000e+00 3.859999999999999876e+00 -1.000000000000000000e+00 6.450000000000000178e+00
-1.000000000000000000e+00 1.571000000000000085e+01 1.580000000000000071e+01 4.839999999999999858e+00 5.200000000000000178e+00 8.539999999999999147e+00 -1.000000000000000000e+00 3.839999999999999858e+00 -1.000000000000000000e+00 6.320000000000000284e+00
-1.000000000000000000e+00 1.564000000000000057e+01 1.582000000000000028e+01 4.849999999999999645e+00 5.230000000000000426e+00 8.539999999999999147e+00 -1.000000000000000000e+00 3.779999999999999805e+00 -1.000000000000000000e+00 6.320000000000000284e+00
-1.000000000000000000e+00 1.561999999999999922e+01 1.588000000000000078e+01 4.839999999999999858e+00 5.280000000000000249e+00 8.550000000000000711e+00 -1.000000000000000000e+00 3.799999999999999822e+00 -1.000000000000000000e+00 6.360000000000000320e+00
-1.000000000000000000e+00 1.559999999999999964e+01 1.585999999999999943e+01 4.910000000000000142e+00 5.179999999999999716e+00 8.509999999999999787e+00 -1.000000000000000000e+00 3.810000000000000053e+00 -1.000000000000000000e+00 6.349999999999999645e+00
-1.000000000000000000e+00 1.567999999999999972e+01 1.581000000000000050e+01 4.910000000000000142e+00 5.219999999999999751e+00 8.509999999999999787e+00 -1.000000000000000000e+00 3.819999999999999840e+00 -1.000000000000000000e+00 6.419999999999999929e+00
-1.000000000000000000e+00 1.571000000000000085e+01 1.578999999999999915e+01 4.830000000000000071e+00 5.259999999999999787e+00 8.599999999999999645e+00 -1.000000000000000000e+00 3.859999999999999876e+00 -1.000000000000000000e+00 6.309999999999999609e+00
-1.000000000000000000e+00 1.566999999999999993e+01 1.584999999999999964e+01 4.860000000000000320e+00 5.230000000000000426e+00 8.550000000000000711e+00 -1.000000000000000000e+00 3.799999999999999822e+00 -1.000000000000000000e+00 6.459999999999999964e+00
-1.000000000000000000e+00 1.555000000000000071e+01 1.582000000000000028e+01 4.839999999999999858e+00 5.240000000000000213e+00 8.560000000000000497e+00 -1.000000000000000000e+00 3.830000000000000071e+00 -1.000000000000000000e+00 6.450000000000000178e+00
-1.000000000000000000e+00 1.569999999999999929e+01 1.582000000000000028e+01 4.849999999999999645e+00 5.240000000000000213e+00 8.580000000000000071e+00 -1.000000000000000000e+00 3.850000000000000089e+00 -1.000000000000000000e+00 6.440000000000000391e+00
-1.000000000000000000e+00 1.558999999999999986e+01 1.583000000000000007e+01 4.879999999999999893e+00 5.240000000000000213e+00 8.599999999999999645e+00 -1.000000000000000000e+00 3.819999999999999840e+00 -1.000000000000000000e+00 6.429999999999999716e+00
-1.000000000000000000e+00 1.566000000000000014e+01 1.582000000000000028e+01 4.830000000000000071e+00 5.250000000000000000e+00 8.470000000000000639e+00 -1.000000000000000000e+00 3.799999999999999822e+00 -1.000000000000000000e+00 6.450000000000000178e+00
-1.000000000000000000e+00 1.563000000000000078e+01 1.582000000000000028e+01 4.860000000000000320e+00 5.209999999999999964e+00 8.630000000000000782e+00 -1.000000000000000000e+00 3.879999999999999893e+00 -1.000000000000000000e+00 6.370000000000000107e+00
-1.000000000000000000e+00 1.574000000000000021e+01 1.582000000000000028e+01 4.860000000000000320e+00 5.280000000000000249e+00 8.570000000000000284e+00 -1.000000000000000000e+00 3.830000000000000071e+00 -1.000000000000000000e+00 6.459999999999999964e+00
-1.000000000000000000e+00 1.566000000000000014e+01 1.584999999999999964e+01 4.879999999999999893e+00 5.179999999999999716e+00 8.589999999999999858e+00 -1.000000000000000000e+00 3.839999999999999858e+00 -1.000000000000000000e+00 6.450000000000000178e+00
-1.000000000000000000e+00 1.567999999999999972e+01 1.585999999999999943e+01 4.849999999999999645e+00 5.209999999999999964e+00 8.570000000000000284e+00 -1.000000000000000000e+00 3.799999999999999822e+00 -1.000000000000000000e+00 6.389999999999999680e+00
-1.000000000000000000e+00 1.564000000000000057e+01 1.577999999999999936e+01 4.830000000000000071e+00 5.240000000000000213e+00 8.589999999999999858e+00 -1.000000000000000000e+00 3.850000000000000089e+00 -1.000000000000000000e+00 6.410000000000000142e+00
-1.000000000000000000e+00 1.565000000000000036e+01 1.584999999999999964e+01 4.860000000000000320e+00 5.240000000000000213e+00 8.599999999999999645e+00 -1.000000000000000000e+00 3.830000000000000071e+00 -1.000000000000000000e+00 6.440000000000000391e+00
-1.000000000000000000e+00 1.566000000000000014e+01 1.578999999999999915e+01 4.860000000000000320e+00 5.179999999999999716e+00 8.500000000000000000e+00 -1.000000000000000000e+00 3.850000000000000089e+00 -1.000000000000000000e+00 6.450000000000000178e+00
-1.000000000000000000e+00 1.567999999999999972e+01 1.585999999999999943e+01 4.879999999999999893e+00 5.219999999999999751e+00 8.529999999999999361e+00 -1.000000000000000000e+00 3.850000000000000089e+00 -1.000000000000000000e+00 6.450000000000000178e+00
-1.000000000000000000e+00 1.559999999999999964e+01 1.581000000000000050e+01 4.860000000000000320e+00 5.230000000000000426e+00 8.560000000000000497e+00 -1.000000000000000000e+00 3.810000000000000053e+00 -1.000000000000000000e+00 6.440000000000000391e+00
-1.000000000000000000e+00 1.572000000000000064e+01 1.582000000000000028e+01 4.879999999999999893e+00 5.259999999999999787e+00 8.509999999999999787e+00 -1.000000000000000000e+00 3.819999999999999840e+00 -1.000000000000000000e+00 6.389999999999999680e+00
-1.000000000000000000e+00 1.564000000000000057e+01 1.583000000000000007e+01 4.889999999999999680e+00 5.190000000000000391e+00 8.480000000000000426e+00 -1.000000000000000000e+00 3.819999999999999840e+00 -1.000000000000000000e+00 6.370000000000000107e+00
-1.000000000000000000e+00 1.571000000000000085e+01 1.583000000000000007e+01 4.849999999999999645e+00 5.169999999999999929e+00 8.529999999999999361e+00 -1.000000000000000000e+00 3.839999999999999858e+00 -1.000000000000000000e+00 6.450000000000000178e+00
-1.000000000000000000e+00 1.559999999999999964e+01 1.581000000000000050e+01 4.849999999999999645e+00 5.219999999999999751e+00 8.529999999999999361e+00 -1.000000000000000000e+00 3.819999999999999840e+00 -1.000000000000000000e+00 6.370000000000000107e+00
-1.000000000000000000e+00 1.571000000000000085e+01 1.581000000000000050e+01 4.870000000000000107e+00 5.299999999999999822e+00 8.500000000000000000e+00 -1.000000000000000000e+00 3.879999999999999893e+00 -1.000000000000000000e+00 6.370000000000000107e+00
-1.000000000000000000e+00 1.559999999999999964e+01 1.580000000000000071e+01 4.870000000000000107e+00 5.250000000000000000e+00 8.550000000000000711e+00 -1.000000000000000000e+00 3.819999999999999840e+00 -1.000000000000000000e+00 6.429999999999999716e+00
-1.000000000000000000e+00 1.563000000000000078e+01 1.584999999999999964e+01 4.879999999999999893e+00 5.190000000000000391e+00 8.609999999999999432e+00 -1.000000000000000000e+00 3.850000000000000089e+00 -1.000000000000000000e+00 6.379999999999999893e+00
-1.000000000000000000e+00 1.577999999999999936e+01 1.581000000000000050e+01 4.879999999999999893e+00 5.280000000000000249e+00 8.519999999999999574e+00 -1.000000000000000000e+00 3.810000000000000053e+00 -1.000000000000000000e+00 6.459999999999999964e+00
-1.000000000000000000e+00 1.566000000000000014e+01 1.547000000000000064e+01 4.860000000000000320e+00 5.290000000000000036e+00 8.589999999999999858e+00 -1.000000000000000000e+00 3.819999999999999840e+00 -1.000000000000000000e+00 6.440000000000000391e+00
-1.000000000000000000e+00 1.563000000000000078e+01 1.578999999999999915e+01 4.870000000000000107e+00 5.219999999999999751e+00 8.550000000000000711e+00 -1.000000000000000000e+00 3.819999999999999840e+00 -1.000000000000000000e+00 6.440000000000000391e+00
-1.000000000000000000e+00 1.567999999999999972e+01 1.578999999999999915e+01 4.900000000000000355e+00 5.280000000000000249e+00 8.550000000000000711e+00 -1.000000000000000000e+00 3.859999999999999876e+00 -1.000000000000000000e+00 6.440000000000000391e+00
-1.000000000000000000e+00 1.571000000000000085e+01 1.585999999999999943e+01 4.849999999999999645e+00 5.219999999999999751e+00 8.500000000000000000e+00 -1.000000000000000000e+00 3.850000000000000089e+00 -1.000000000000000000e+00 6.360000000000000320e+00
-1.000000000000000000e+00 1.560999999999999943e+01 1.578999999999999915e+01 4.889999999999999680e+00 5.259999999999999787e+00 8.570000000000000284e+00 -1.000000000000000000e+00 3.810000000000000053e+00 -1.000000000000000000e+00 6.389999999999999680e+00
-1.000000000000000000e+00 1.563000000000000078e+01 1.582000000000000028e+01 4.849999999999999645e+00 5.240000000000000213e+00 8.529999999999999361e+00 -1.000000000000000000e+00 3.870000000000000107e+00 -1.000000000000000000e+00 6.400000000000000355e+00
-1.000000000000000000e+00 1.566999999999999993e+01 1.578999999999999915e+01 4.889999999999999680e+00 5.259999999999999787e+00 8.550000000000000711e+00 -1.000000000000000000e+00 3.850000000000000089e+00 -1.000000000000000000e+00 6.459999999999999964e+00
-1.000000000000000000e+00 1.567999999999999972e+01 1.582000000000000028e+01 4.849999999999999645e+00 5.259999999999999787e+00 8.570000000000000284e+00 -1.000000000000000000e+00 3.859999999999999876e+00 -1.000000000000000000e+00 6.389999999999999680e+00
-1.000000000000000000e+00 1.577999999999999936e+01 1.578999999999999915e+01 4.879999999999999893e+00 5.240000000000000213e+00 8.570000000000000284e+00 -1.000000000000000000e+00 3.810000000000000053e+00 -1.000000000000000000e+00 6.440000000000000391e+00
-1.000000000000000000e+00 1.561999999999999922e+01 1.581000000000000050e+01 4.870000000000000107e+00 5.250000000000000000e+00 8.619999999999999218e+00 -1.000000000000000000e+00 3.830000000000000071e+00 -1.000000000000000000e+00 6.450000000000000178e+00
-1.000000000000000000e+00 1.561999999999999922e+01 1.584999999999999964e+01 4.860000000000000320e+00 5.240000000000000213e+00 8.560000000000000497e+00 -1.000000000000000000e+00 3.859999999999999876e+00 -1.000000000000000000e+00 6.379999999999999893e+00
-1.000000000000000000e+00 1.566000000000000014e+01 1.581000000000000050e+01 4.870000000000000107e+00 5.299999999999999822e+00 8.560000000000000497e+00 -1.000000000000000000e+00 3.850000000000000089e+00 -1.000000000000000000e+00 6.440000000000000391e+00
-1.000000000000000000e+00 1.567999999999999972e+01 1.580000000000000071e+01 4.879999999999999893e+00 5.219999999999999751e+00 8.519999999999999574e+00 -1.000000000000000000e+00 3.850000000000000089e+00 -1.000000000000000000e+00 6.400000000000000355e+00
-1.000000000000000000e+00 1.567999999999999972e+01 1.585999999999999943e+01 4.879999999999999893e+00 5.179999999999999716e+00 8.539999999999999147e+00 -1.000000000000000000e+00 3.750000000000000000e+00 -1.000000000000000000e+00 6.419999999999999929e+00
-1.000000000000000000e+00 1.560999999999999943e+01 1.584999999999999964e+01 4.830000000000000071e+00 5.209999999999999964e+00 8.500000000000000000e+00 -1.000000000000000000e+00 3.839999999999999858e+00 -1.000000000000000000e+00 6.440000000000000391e+00
-1.000000000000000000e+00 1.565000000000000036e+01 1.584999999999999964e+01 4.830000000000000071e+00 5.250000000000000000e+00 8.500000000000000000e+00 -1.000000000000000000e+00 3.859999999999999876e+00 -1.000000000000000000e+00 6.410000000000000142e+00
-1.000000000000000000e+00 1.555000000000000071e+01 1.585999999999999943e+01 4.849999999999999645e+00 5.240000000000000213e+00 8.589999999999999858e+00 -1.000000000000000000e+00 3.850000000000000089e+00 -1.000000000000000000e+00 6.400000000000000355e+00
-1.000000000000000000e+00 1.566000000000000014e+01 1.582000000000000028e+01 4.879999999999999893e+00 5.139999999999999680e+00 8.480000000000000426e+00 -1.000000000000000000e+00 3.870000000000000107e+00 -1.000000000000000000e+00 6.349999999999999645e+00
-1.000000000000000000e+00 1.566999999999999993e+01 1.588000000000000078e+01 4.870000000000000107e+00 5.219999999999999751e+00 8.490000000000000213e+00 -1.000000000000000000e+00 3.859999999999999876e+00 -1.000000000000000000e+00 6.440000000000000391e+00
-1.000000000000000000e+00 1.560999999999999943e+01 1.583999999999999986e+01 4.889999999999999680e+00 5.269999999999999574e+00 8.570000000000000284e+00 -1.000000000000000000e+00 3.870000000000000107e+00 -1.000000000000000000e+00 6.440000000000000391e+00
-1.000000000000000000e+00 1.565000000000000036e+01 1.586999999999999922e+01 4.839999999999999858e+00 5.219999999999999751e+00 8.539999999999999147e+00 -1.000000000000000000e+00 3.790000000000000036e+00 -1.000000000000000000e+00 6.440000000000000391e+00
-1.000000000000000000e+00 1.565000000000000036e+01 1.586999999999999922e+01 4.860000000000000320e+00 5.190000000000000391e+00 8.509999999999999787e+00 -1.000000000000000000e+00 3.839999999999999858e+00 -1.000000000000000000e+00 6.459999999999999964e+00
-1.000000000000000000e+00 1.564000000000000057e+01 1.583000000000000007e+01 4.870000000000000107e+00 5.230000000000000426e+00 8.529999999999999361e+00 -1.000000000000000000e+00 3.790000000000000036e+00 -1.000000000000000000e+00 6.459999999999999964e+00
-1.000000000000000000e+00 1.569999999999999929e+01 1.580000000000000071e+01 4.879999999999999893e+00 5.219999999999999751e+00 8.550000000000000711e+00 -1.000000000000000000e+00 3.839999999999999858e+00 -1.000000000000000000e+00 6.440000000000000391e+00
-1.000000000000000000e+00 1.563000000000000078e+01 1.581000000000000050e+01 4.830000000000000071e+00 5.169999999999999929e+00 8.550000000000000711e+00 -1.000000000000000000e+00 3.819999999999999840e+00 -1.000000000000000000e+00 6.459999999999999964e+00
