-1.000000000000000000e+00 -1.000000000000000000e+00 -1.000000000000000000e+00 -1.000000000000000000e+00 -1.000000000000000000e+00 -1.000000000000000000e+00 -1.000000000000000000e+00 -1.000000000000000000e+00 -1.000000000000000000e+00 -1.000000000000000000e+00
-1.000000000000000000e+00 1.085999999999999943e+01 1.006000000000000050e+01 -1.000000000000000000e+00 9.900000000000000355e+00 3.459999999999999964e+00 5.320000000000000284e+00 -1.000000000000000000e+00 4.820000000000000284e+00 3.859999999999999876e+00
-1.000000000000000000e+00 1.084999999999999964e+01 1.015000000000000036e+01 -1.000000000000000000e+00 9.830000000000000071e+00 3.540000000000000036e+00 5.320000000000000284e+00 -1.000000000000000000e+00 4.799999999999999822e+00 3.879999999999999893e+00
-1.000000000000000000e+00 1.086999999999999922e+01 1.010999999999999943e+01 -1.000000000000000000e+00 9.869999999999999218e+00 3.470000000000000195e+00 5.269999999999999574e+00 -1.000000000000000000e+00 4.769999999999999574e+00 3.850000000000000089e+00
-1.000000000000000000e+00 1.086999999999999922e+01 1.013000000000000078e+01 -1.000000000000000000e+00 9.810000000000000497e+00 3.450000000000000178e+00 5.330000000000000071e+00 -1.000000000000000000e+00 4.799999999999999822e+00 3.810000000000000053e+00
-1.000000000000000000e+00 1.090000000000000036e+01 1.014000000000000057e+01 -1.000000000000000000e+00 9.820000000000000284e+00 3.560000000000000053e+00 5.290000000000000036e+00 -1.000000000000000000e+00 4.849999999999999645e+00 3.839999999999999858e+00
-1.000000000000000000e+00 1.088000000000000078e+01 1.011999999999999922e+01 -1.000000000000000000e+00 9.779999999999999361e+00 3.450000000000000178e+00 5.259999999999999787e+00 -1.000000000000000000e+00 4.849999999999999645e+00 3.850000000000000089e+00
-1.000000000000000000e+00 1.092999999999999972e+01 1.018999999999999950e+01 -1.000000000000000000e+00 9.830000000000000071e+00 3.540000000000000036e+00 5.299999999999999822e+00 -1.000000000000000000e+00 4.879999999999999893e+00 3.850000000000000089e+00
-1.000000000000000000e+00 1.088000000000000078e+01 1.011999999999999922e+01 -1.000000000000000000e+00 9.830000000000000071e+00 3.509999999999999787e+00 5.320000000000000284e+00 -1.000000000000000000e+00 4.849999999999999645e+00 3.850000000000000089e+00
-1.000000000000000000e+00 1.088000000000000078e+01 1.013000000000000078e+01 -1.000000000000000000e+00 9.800000000000000711e+00 3.509999999999999787e+00 5.309999999999999609e+00 -1.000000000000000000e+00 4.820000000000000284e+00 3.799999999999999822e+00
-1.000000000000000000e+00 1.089000000000000057e+01 1.008999999999999986e+01 -1.000000000000000000e+00 9.839999999999999858e+00 3.490000000000000213e+00 5.330000000000000071e+00 -1.000000000000000000e+00 4.830000000000000071e+00 3.859999999999999876e+00
-1.000000000000000000e+00 1.088000000000000078e+01 1.015000000000000036e+01 -1.000000000000000000e+00 9.849999999999999645e+00 3.509999999999999787e+00 5.339999999999999858e+00 -1.000000000000000000e+00 4.839999999999999858e+00 3.850000000000000089e+00
-1.000000000000000000e+00 1.084999999999999964e+01 1.008999999999999986e+01 -1.000000000000000000e+00 9.919999999999999929e+00 3.549999999999999822e+00 5.349999999999999645e+00 -1.000000000000000000e+00 4.849999999999999645e+00 3.819999999999999840e+00
-1.000000000000000000e+00 1.090000000000000036e+01 1.015000000000000036e+01 -1.000000000000000000e+00 9.880000000000000782e+00 3.470000000000000195e+00 5.320000000000000284e+00 -1.000000000000000000e+00 4.799999999999999822e+00 3.850000000000000089e+00
-1.000000000000000000e+00 1.083000000000000007e+01 1.010999999999999943e+01 -1.000000000000000000e+00 9.859999999999999432e+00 3.399999999999999911e+00 5.290000000000000036e+00 -1.000000000000000000e+00 4.849999999999999645e+00 3.870000000000000107e+00
-1.000000000000000000e+00 1.086999999999999922e+01 1.011999999999999922e+01 -1.000000000000000000e+00 9.859999999999999432e+00 3.490000000000000213e+00 5.280000000000000249e+00 -1.000000000000000000e+00 4.870000000000000107e+00 3.839999999999999858e+00
-1.000000000000000000e+00 1.090000000000000036e+01 1.008999999999999986e+01 -1.000000000000000000e+00 9.810000000000000497e+00 3.509999999999999787e+00 5.269999999999999574e+00 -1.000000000000000000e+00 4.950000000000000178e+00 3.850000000000000089e+00
-1.000000000000000000e+00 1.086999999999999922e+01 1.010999999999999943e+01 -1.000000000000000000e+00 -1.000000000000000000e+00 3.520000000000000018e+00 5.269999999999999574e+00 -1.000000000000000000e+00 4.860000000000000320e+00 3.830000000000000071e+00
-1.000000000000000000e+00 1.089000000000000057e+01 1.011999999999999922e+01 -1.000000000000000000e+00 9.890000000000000568e+00 3.459999999999999964e+00 5.280000000000000249e+00 -1.000000000000000000e+00 4.849999999999999645e+00 3.870000000000000107e+00
-1.000000000000000000e+00 1.086999999999999922e+01 1.008999999999999986e+01 -1.000000000000000000e+00 9.769999999999999574e+00 3.520000000000000018e+00 5.259999999999999787e+00 -1.000000000000000000e+00 4.820000000000000284e+00 3.850000000000000089e+00
-1.000000000000000000e+00 1.083000000000000007e+01 1.008999999999999986e+01 -1.000000000000000000e+00 9.839999999999999858e+00 3.529999999999999805e+00 5.280000000000000249e+00 -1.000000000000000000e+00 4.820000000000000284e+00 3.899999999999999911e+00
-1.000000000000000000e+00 1.078999999999999915e+01 1.016999999999999993e+01 -1.000000000000000000e+00 9.810000000000000497e+00 3.500000000000000000e+00 5.320000000000000284e+00 -1.000000000000000000e+00 4.870000000000000107e+00 3.850000000000000089e+00
-1.000000000000000000e+00 1.083999999999999986e+01 1.015000000000000036e+01 -1.000000000000000000e+00 9.779999999999999361e+00 3.540000000000000036e+00 5.280000000000000249e+00 -1.000000000000000000e+00 4.900000000000000355e+00 3.859999999999999876e+00
-1.000000000000000000e+00 1.088000000000000078e+01 1.010999999999999943e+01 -1.000000000000000000e+00 9.810000000000000497e+00 3.419999999999999929e+00 5.309999999999999609e+00 -1.000000000000000000e+00 4.879999999999999893e+00 3.819999999999999840e+00
-1.000000000000000000e+00 1.090000000000000036e+01 1.009999999999999964e+01 -1.000000000000000000e+00 9.830000000000000071e+00 3.549999999999999822e+00 5.280000000000000249e+00 -1.000000000000000000e+00 4.830000000000000071e+00 3.839999999999999858e+00
-1.000000000000000000e+00 1.091000000000000014e+01 1.013000000000000078e+01 -1.000000000000000000e+00 9.820000000000000284e+00 3.529999999999999805e+00 5.309999999999999609e+00 -1.000000000000000000e+00 4.860000000000000320e+00 3.790000000000000036e+00
-1.000000000000000000e+00 1.082000000000000028e+01 1.008000000000000007e+01 -1.000000000000000000e+00 9.859999999999999432e+00 3.439999999999999947e+00 5.320000000000000284e+00 -1.000000000000000000e+00 4.830000000000000071e+00 3.850000000000000089e+00
-1.000000000000000000e+00 1.088000000000000078e+01 1.006000000000000050e+01 -1.000000000000000000e+00 9.890000000000000568e+00 3.500000000000000000e+00 5.339999999999999858e+00 -1.000000000000000000e+00 4.879999999999999893e+00 3.859999999999999876e+00
-1.000000000000000000e+00 1.091000000000000014e+01 1.013000000000000078e+01 -1.000000000000000000e+00 9.759999999999999787e+00 3.509999999999999787e+00 5.309999999999999609e+00 -1.000000000000000000e+00 4.860000000000000320e+00 3.830000000000000071e+00
-1.000000000000000000e+00 1.085999999999999943e+01 1.008000000000000007e+01 -1.000000000000000000e+00 9.810000000000000497e+00 3.549999999999999822e+00 5.259999999999999787e+00 -1.000000000000000000e+00 4.830000000000000071e+00 3.859999999999999876e+00
-1.000000000000000000e+00 1.083000000000000007e+01 1.013000000000000078e+01 -1.000000000000000000e+00 9.880000000000000782e+00 3.500000000000000000e+00 5.290000000000000036e+00 -1.000000000000000000e+00 4.870000000000000107e+00 3.819999999999999840e+00
-1.000000000000000000e+00 1.088000000000000078e+01 1.013000000000000078e+01 -1.000000000000000000e+00 9.859999999999999432e+00 3.509999999999999787e+00 5.299999999999999822e+00 -1.000000000000000000e+00 4.900000000000000355e+00 3.870000000000000107e+00
-1.000000000000000000e+00 1.090000000000000036e+01 1.010999999999999943e+01 -1.000000000000000000e+00 9.859999999999999432e+00 3.450000000000000178e+00 -1.000000000000000000e+00 -1.000000000000000000e+00 4.830000000000000071e+00 3.830000000000000071e+00
-1.000000000000000000e+00 1.089000000000000057e+01 1.008000000000000007e+01 -1.000000000000000000e+00 9.810000000000000497e+00 -1.000000000000000000e+00 5.309999999999999609e+00 6.290000000000000036e+00 4.870000000000000107e+00 3.850000000000000089e+00
-1.000000000000000000e+00 1.088000000000000078e+01 1.016000000000000014e+01 -1.000000000000000000e+00 9.789999999999999147e+00 -1.000000000000000000e+00 5.240000000000000213e+00 6.280000000000000249e+00 4.889999999999999680e+00 3.879999999999999893e+00
-1.000000000000000000e+00 1.083000000000000007e+01 1.014000000000000057e+01 -1.000000000000000000e+00 9.869999999999999218e+00 -1.000000000000000000e+00 5.280000000000000249e+00 6.230000000000000426e+00 4.879999999999999893e+00 3.839999999999999858e+00
-1.000000000000000000e+00 1.091000000000000014e+01 1.009999999999999964e+01 -1.000000000000000000e+00 9.800000000000000711e+00 -1.000000000000000000e+00 5.280000000000000249e+00 6.190000000000000391e+00 4.870000000000000107e+00 3.850000000000000089e+00
-1.000000000000000000e+00 1.091999999999999993e+01 1.013000000000000078e+01 -1.000000000000000000e+00 9.839999999999999858e+00 -1.000000000000000000e+00 5.309999999999999609e+00 6.250000000000000000e+00 4.870000000000000107e+00 3.850000000000000089e+00
-1.000000000000000000e+00 1.088000000000000078e+01 1.008999999999999986e+01 -1.000000000000000000e+00 9.830000000000000071e+00 -1.000000000000000000e+00 5.299999999999999822e+00 6.259999999999999787e+00 4.849999999999999645e+00 3.859999999999999876e+00
-1.000000000000000000e+00 1.091999999999999993e+01 1.014000000000000057e+01 -1.000000000000000000e+00 9.810000000000000497e+00 -1.000000000000000000e+00 5.309999999999999609e+00 6.230000000000000426e+00 4.870000000000000107e+00 3.859999999999999876e+00
-1.000000000000000000e+00 1.090000000000000036e+01 1.005000000000000071e+01 -1.000000000000000000e+00 9.750000000000000000e+00 -1.000000000000000000e+00 5.370000000000000107e+00 6.309999999999999609e+00 4.839999999999999858e+00 3.819999999999999840e+00
-1.000000000000000000e+00 1.088000000000000078e+01 1.008000000000000007e+01 -1.000000000000000000e+00 9.779999999999999361e+00 -1.000000000000000000e+00 5.240000000000000213e+00 6.209999999999999964e+00 4.849999999999999645e+00 3.859999999999999876e+00
-1.000000000000000000e+00 1.081000000000000050e+01 1.013000000000000078e+01 -1.000000000000000000e+00 9.849999999999999645e+00 -1.000000000000000000e+00 5.309999999999999609e+00 6.250000000000000000e+00 4.839999999999999858e+00 3.819999999999999840e+00
-1.000000000000000000e+00 1.083999999999999986e+01 1.014000000000000057e+01 -1.000000000000000000e+00 9.910000000000000142e+00 -1.000000000000000000e+00 5.290000000000000036e+00 6.240000000000000213e+00 4.879999999999999893e+00 3.839999999999999858e+00
-1.000000000000000000e+00 1.088000000000000078e+01 1.007000000000000028e+01 -1.000000000000000000e+00 9.820000000000000284e+00 -1.000000000000000000e+00 5.290000000000000036e+00 6.309999999999999609e+00 4.849999999999999645e+00 3.839999999999999858e+00
-1.000000000000000000e+00 1.083000000000000007e+01 1.008000000000000007e+01 -1.000000000000000000e+00 9.900000000000000355e+00 -1.000000000000000000e+00 5.280000000000000249e+00 6.190000000000000391e+00 4.879999999999999893e+00 3.850000000000000089e+00
-1.000000000000000000e+00 1.084999999999999964e+01 1.014000000000000057e+01 -1.000000000000000000e+00 9.849999999999999645e+00 -1.000000000000000000e+00 5.330000000000000071e+00 6.179999999999999716e+00 4.839999999999999858e+00 3.850000000000000089e+00
-1.000000000000000000e+00 1.084999999999999964e+01 1.013000000000000078e+01 -1.000000000000000000e+00 9.849999999999999645e+00 -1.000000000000000000e+00 5.290000000000000036e+00 6.299999999999999822e+00 4.849999999999999645e+00 3.830000000000000071e+00
-1.000000000000000000e+00 1.086999999999999922e+01 1.009999999999999964e+01 -1.000000000000000000e+00 9.830000000000000071e+00 -1.000000000000000000e+00 5.240000000000000213e+00 6.320000000000000284e+00 4.879999999999999893e+00 3.859999999999999876e+00
-1.000000000000000000e+00 1.091999999999999993e+01 1.009999999999999964e+01 -1.000000000000000000e+00 9.800000000000000711e+00 -1.000000000000000000e+00 5.269999999999999574e+00 6.209999999999999964e+00 4.870000000000000107e+00 3.850000000000000089e+00
-1.000000000000000000e+00 1.091999999999999993e+01 1.011999999999999922e+01 -1.000000000000000000e+00 9.960000000000000853e+00 -1.000000000000000000e+00 5.269999999999999574e+00 6.150000000000000355e+00 4.889999999999999680e+00 3.850000000000000089e+00
-1.000000000000000000e+00 1.088000000000000078e+01 1.013000000000000078e+01 -1.000000000000000000e+00 9.810000000000000497e+00 -1.000000000000000000e+00 5.330000000000000071e+00 6.230000000000000426e+00 4.849999999999999645e+00 3.779999999999999805e+00
-1.000000000000000000e+00 1.090000000000000036e+01 1.007000000000000028e+01 -1.000000000000000000e+00 9.830000000000000071e+00 -1.000000000000000000e+00 5.280000000000000249e+00 6.219999999999999751e+00 4.870000000000000107e+00 3.839999999999999858e+00
-1.000000000000000000e+00 1.089000000000000057e+01 1.013000000000000078e+01 -1.000000000000000000e+00 9.900000000000000355e+00 -1.000000000000000000e+00 5.330000000000000071e+00 6.259999999999999787e+00 4.879999999999999893e+00 3.870000000000000107e+00
-1.000000000000000000e+00 1.089000000000000057e+01 1.011999999999999922e+01 -1.000000000000000000e+00 9.789999999999999147e+00 -1.000000000000000000e+00 5.309999999999999609e+00 6.259999999999999787e+00 4.870000000000000107e+00 3.859999999999999876e+00
-1.000000000000000000e+00 1.083999999999999986e+01 1.013000000000000078e+01 -1.000000000000000000e+00 9.849999999999999645e+00 -1.000000000000000000e+00 5.389999999999999680e+00 6.250000000000000000e+00 4.839999999999999858e+00 3.839999999999999858e+00
-1.000000000000000000e+00 1.088000000000000078e+01 1.014000000000000057e+01 -1.000000000000000000e+00 9.859999999999999432e+00 -1.000000000000000000e+00 5.280000000000000249e+00 6.230000000000000426e+00 4.879999999999999893e+00 3.819999999999999840e+00
-1.000000000000000000e+00 1.085999999999999943e+01 1.007000000000000028e+01 -1.000000000000000000e+00 9.859999999999999432e+00 -1.000000000000000000e+00 5.299999999999999822e+00 6.309999999999999609e+00 4.900000000000000355e+00 3.810000000000000053e+00
-1.000000000000000000e+00 1.081000000000000050e+01 1.016999999999999993e+01 -1.000000000000000000e+00 9.890000000000000568e+00 -1.000000000000000000e+00 5.269999999999999574e+00 6.209999999999999964e+00 4.839999999999999858e+00 3.850000000000000089e+00
-1.000000000000000000e+00 1.084999999999999964e+01 1.013000000000000078e+01 -1.000000000000000000e+00 9.820000000000000284e+00 -1.000000000000000000e+00 5.290000000000000036e+00 6.309999999999999609e+00 4.879999999999999893e+00 3.850000000000000089e+00
-1.000000000000000000e+00 1.088000000000000078e+01 1.011999999999999922e+01 -1.000000000000000000e+00 9.820000000000000284e+00 -1.000000000000000000e+00 5.269999999999999574e+00 6.219999999999999751e+00 4.870000000000000107e+00 3.850000000000000089e+00
-1.000000000000000000e+00 1.085999999999999943e+01 1.009999999999999964e+01 -1.000000000000000000e+00 9.789999999999999147e+00 -1.000000000000000000e+00 5.290000000000000036e+00 6.190000000000000391e+00 4.849999999999999645e+00 3.870000000000000107e+00
-1.000000000000000000e+00 1.081000000000000050e+01 1.006000000000000050e+01 -1.000000000000000000e+00 9.779999999999999361e+00 -1.000000000000000000e+00 5.309999999999999609e+00 6.290000000000000036e+00 4.849999999999999645e+00 3.879999999999999893e+00
-1.000000000000000000e+00 1.083000000000000007e+01 1.015000000000000036e+01 -1.000000000000000000e+00 9.810000000000000497e+00 -1.000000000000000000e+00 5.259999999999999787e+00 6.269999999999999574e+00 4.860000000000000320e+00 3.859999999999999876e+00
-1.000000000000000000e+00 1.091000000000000014e+01 1.014000000000000057e+01 -1.000000000000000000e+00 9.769999999999999574e+00 -1.000000000000000000e+00 5.269999999999999574e+00 6.259999999999999787e+00 4.889999999999999680e+00 3.850000000000000089e+00
-1.000000000000000000e+00 1.085999999999999943e+01 1.009999999999999964e+01 -1.000000000000000000e+00 9.830000000000000071e+00 -1.000000000000000000e+00 5.250000000000000000e+00 6.269999999999999574e+00 4.870000000000000107e+00 3.850000000000000089e+00
-1.000000000000000000e+00 1.092999999999999972e+01 1.008000000000000007e+01 -1.000000000000000000e+00 9.839999999999999858e+00 -1.000000000000000000e+00 5.290000000000000036e+00 6.259999999999999787e+00 4.830000000000000071e+00 3.779999999999999805e+00
-1.000000000000000000e+00 1.086999999999999922e+01 1.011999999999999922e+01 -1.000000000000000000e+00 9.800000000000000711e+00 -1.000000000000000000e+00 5.269999999999999574e+00 6.259999999999999787e+00 4.839999999999999858e+00 3.830000000000000071e+00
-1.000000000000000000e+00 1.092999999999999972e+01 1.007000000000000028e+01 -1.000000000000000000e+00 9.880000000000000782e+00 -1.000000000000000000e+00 5.290000000000000036e+00 6.209999999999999964e+00 4.889999999999999680e+00 3.819999999999999840e+00
-1.000000000000000000e+00 1.089000000000000057e+01 1.006000000000000050e+01 -1.000000000000000000e+00 9.769999999999999574e+00 -1.000000000000000000e+00 5.250000000000000000e+00 6.219999999999999751e+00 4.919999999999999929e+00 3.859999999999999876e+00
-1.000000000000000000e+00 1.091000000000000014e+01 1.009999999999999964e+01 -1.000000000000000000e+00 9.869999999999999218e+00 -1.000000000000000000e+00 5.290000000000000036e+00 6.160000000000000142e+00 4.870000000000000107e+00 3.850000000000000089e+00
-1.000000000000000000e+00 1.075000000000000000e+01 1.014000000000000057e+01 -1.000000000000000000e+00 9.800000000000000711e+00 -1.000000000000000000e+00 5.209999999999999964e+00 6.150000000000000355e+00 4.879999999999999893e+00 3.850000000000000089e+00
-1.000000000000000000e+00 1.088000000000000078e+01 1.008000000000000007e+01 -1.000000000000000000e+00 9.839999999999999858e+00 -1.000000000000000000e+00 5.269999999999999574e+00 6.209999999999999964e+00 4.889999999999999680e+00 3.810000000000000053e+00
-1.000000000000000000e+00 1.088000000000000078e+01 1.011999999999999922e+01 -1.000000000000000000e+00 9.830000000000000071e+00 -1.000000000000000000e+00 5.299999999999999822e+00 6.269999999999999574e+00 4.849999999999999645e+00 3.850000000000000089e+00
-1.000000000000000000e+00 1.089000000000000057e+01 1.013000000000000078e+01 -1.000000000000000000e+00 9.750000000000000000e+00 -1.000000000000000000e+00 5.320000000000000284e+00 6.250000000000000000e+00 4.870000000000000107e+00 3.850000000000000089e+00
-1.000000000000000000e+00 1.081000000000000050e+01 1.010999999999999943e+01 -1.000000000000000000e+00 9.830000000000000071e+00 -1.000000000000000000e+00 5.209999999999999964e+00 6.240000000000000213e+00 4.830000000000000071e+00 3.890000000000000124e+00
-1.000000000000000000e+00 1.084999999999999964e+01 1.007000000000000028e+01 -1.000000000000000000e+00 9.789999999999999147e+00 -1.000000000000000000e+00 5.280000000000000249e+00 6.219999999999999751e+00 4.860000000000000320e+00 3.819999999999999840e+00
-1.000000000000000000e+00 1.090000000000000036e+01 1.006000000000000050e+01 -1.000000000000000000e+00 9.839999999999999858e+00 -1.000000000000000000e+00 5.320000000000000284e+00 6.299999999999999822e+00 4.830000000000000071e+00 3.799999999999999822e+00
-1.000000000000000000e+00 1.088000000000000078e+01 1.008999999999999986e+01 -1.000000000000000000e+00 9.769999999999999574e+00 -1.000000000000000000e+00 5.250000000000000000e+00 6.219999999999999751e+00 4.839999999999999858e+00 3.879999999999999893e+00
-1.000000000000000000e+00 1.081000000000000050e+01 1.013000000000000078e+01 -1.000000000000000000e+00 9.830000000000000071e+00 -1.000000000000000000e+00 5.299999999999999822e+00 6.209999999999999964e+00 4.889999999999999680e+00 3.850000000000000089e+00
-1.000000000000000000e+00 1.088000000000000078e+01 1.015000000000000036e+01 -1.000000000000000000e+00 9.810000000000000497e+00 -1.000000000000000000e+00 5.169999999999999929e+00 6.230000000000000426e+00 4.879999999999999893e+00 3.819999999999999840e+00
-1.000000000000000000e+00 1.090000000000000036e+01 1.016000000000000014e+01 -1.000000000000000000e+00 9.779999999999999361e+00 -1.000000000000000000e+00 5.269999999999999574e+00 6.269999999999999574e+00 4.870000000000000107e+00 3.850000000000000089e+00
-1.000000000000000000e+00 1.088000000000000078e+01 1.013000000000000078e+01 -1.000000000000000000e+00 9.830000000000000071e+00 -1.000000000000000000e+00 5.309999999999999609e+00 6.209999999999999964e+00 4.820000000000000284e+00 3.850000000000000089e+00
-1.000000000000000000e+00 1.080000000000000071e+01 1.008999999999999986e+01 -1.000000000000000000e+00 9.839999999999999858e+00 -1.000000000000000000e+00 5.330000000000000071e+00 6.320000000000000284e+00 4.839999999999999858e+00 3.830000000000000071e+00
-1.000000000000000000e+00 1.090000000000000036e+01 1.016000000000000014e+01 -1.000000000000000000e+00 9.800000000000000711e+00 -1.000000000000000000e+00 5.269999999999999574e+00 6.179999999999999716e+00 4.849999999999999645e+00 3.850000000000000089e+00
-1.000000000000000000e+00 1.096000000000000085e+01 1.010999999999999943e+01 -1.000000000000000000e+00 9.779999999999999361e+00 -1.000000000000000000e+00 5.290000000000000036e+00 6.290000000000000036e+00 4.849999999999999645e+00 3.870000000000000107e+00
-1.000000000000000000e+00 1.092999999999999972e+01 1.008000000000000007e+01 -1.000000000000000000e+00 9.869999999999999218e+00 -1.000000000000000000e+00 5.330000000000000071e+00 6.280000000000000249e+00 4.910000000000000142e+00 3.859999999999999876e+00
-1.000000000000000000e+00 1.083999999999999986e+01 1.013000000000000078e+01 -1.000000000000000000e+00 9.830000000000000071e+00 -1.000000000000000000e+00 5.320000000000000284e+00 6.290000000000000036e+00 4.879999999999999893e+00 3.850000000000000089e+00
-1.000000000000000000e+00 1.086999999999999922e+01 1.010999999999999943e+01 -1.000000000000000000e+00 9.789999999999999147e+00 -1.000000000000000000e+00 5.290000000000000036e+00 6.269999999999999574e+00 4.849999999999999645e+00 3.830000000000000071e+00
-1.000000000000000000e+00 1.090000000000000036e+01 1.011999999999999922e+01 -1.000000000000000000e+00 9.800000000000000711e+00 -1.000000000000000000e+00 5.339999999999999858e+00 6.230000000000000426e+00 4.879999999999999893e+00 3.870000000000000107e+00
-1.000000000000000000e+00 1.088000000000000078e+01 1.011999999999999922e+01 -1.000000000000000000e+00 9.789999999999999147e+00 -1.000000000000000000e+00 5.290000000000000036e+00 6.240000000000000213e+00 4.889999999999999680e+00 3.879999999999999893e+00
-1.000000000000000000e+00 1.085999999999999943e+01 1.008999999999999986e+01 -1.000000000000000000e+00 9.750000000000000000e+00 -1.000000000000000000e+00 5.230000000000000426e+00 6.190000000000000391e+00 4.860000000000000320e+00 3.859999999999999876e+00
-1.000000000000000000e+00 1.089000000000000057e+01 1.013000000000000078e+01 -1.000000000000000000e+00 9.830000000000000071e+00 -1.000000000000000000e+00 5.339999999999999858e+00 6.200000000000000178e+00 4.910000000000000142e+00 3.859999999999999876e+00
-1.000000000000000000e+00 1.084999999999999964e+01 1.009999999999999964e+01 -1.000000000000000000e+00 9.779999999999999361e+00 -1.000000000000000000e+00 5.330000000000000071e+00 6.230000000000000426e+00 4.870000000000000107e+00 3.819999999999999840e+00
-1.000000000000000000e+00 1.084999999999999964e+01 1.009999999999999964e+01 -1.000000000000000000e+00 9.810000000000000497e+00 -1.000000000000000000e+00 5.360000000000000320e+00 6.230000000000000426e+00 4.870000000000000107e+00 3.850000000000000089e+00
-1.000000000000000000e+00 1.084999999999999964e+01 1.011999999999999922e+01 -1.000000000000000000e+00 9.880000000000000782e+00 -1.000000000000000000e+00 5.269999999999999574e+00 6.190000000000000391e+00 4.860000000000000320e+00 3.879999999999999893e+00
-1.000000000000000000e+00 1.091000000000000014e+01 1.009999999999999964e+01 -1.000000000000000000e+00 9.820000000000000284e+00 -1.000000000000000000e+00 5.309999999999999609e+00 6.240000000000000213e+00 4.839999999999999858e+00 3.850000000000000089e+00
-1.000000000000000000e+00 1.088000000000000078e+01 1.013000000000000078e+01 -1.000000000000000000e+00 9.810000000000000497e+00 -1.000000000000000000e+00 5.259999999999999787e+00 6.280000000000000249e+00 4.879999999999999893e+00 3.850000000000000089e+00
-1.000000000000000000e+00 1.085999999999999943e+01 1.013000000000000078e+01 -1.000000000000000000e+00 9.830000000000000071e+00 -1.000000000000000000e+00 5.269999999999999574e+00 6.290000000000000036e+00 4.860000000000000320e+00 3.859999999999999876e+00
-1.000000000000000000e+00 1.093999999999999950e+01 1.014000000000000057e+01 -1.000000000000000000e+00 9.859999999999999432e+00 -1.000000000000000000e+00 5.299999999999999822e+00 6.259999999999999787e+00 4.879999999999999893e+00 3.819999999999999840e+00
