-1.000000000000000000e+00 -1.000000000000000000e+00 -1.000000000000000000e+00 -1.000000000000000000e+00 -1.000000000000000000e+00 -1.000000000000000000e+00 -1.000000000000000000e+00 -1.000000000000000000e+00 -1.000000000000000000e+00 -1.000000000000000000e+00
-1.000000000000000000e+00 -1.000000000000000000e+00 -1.000000000000000000e+00 1.014000000000000057e+01 2.030999999999999872e+01 6.509999999999999787e+00 -1.000000000000000000e+00 1.565000000000000036e+01 1.586999999999999922e+01 1.099000000000000021e+01
-1.000000000000000000e+00 4.019999999999999574e+00 -1.000000000000000000e+00 1.011999999999999922e+01 2.023999999999999844e+01 6.530000000000000249e+00 -1.000000000000000000e+00 1.569999999999999929e+01 1.586999999999999922e+01 1.090000000000000036e+01
-1.000000000000000000e+00 3.930000000000000160e+00 -1.000000000000000000e+00 1.011999999999999922e+01 2.032000000000000028e+01 6.410000000000000142e+00 -1.000000000000000000e+00 1.559999999999999964e+01 1.584999999999999964e+01 1.090000000000000036e+01
-1.000000000000000000e+00 4.040000000000000036e+00 -1.000000000000000000e+00 1.016999999999999993e+01 2.028000000000000114e+01 6.440000000000000391e+00 -1.000000000000000000e+00 1.561999999999999922e+01 1.578999999999999915e+01 1.093999999999999950e+01
-1.000000000000000000e+00 4.019999999999999574e+00 -1.000000000000000000e+00 1.013000000000000078e+01 2.033999999999999986e+01 6.440000000000000391e+00 -1.000000000000000000e+00 1.566999999999999993e+01 1.586999999999999922e+01 1.102999999999999936e+01
-1.000000000000000000e+00 3.979999999999999982e+00 -1.000000000000000000e+00 1.015000000000000036e+01 2.028999999999999915e+01 6.509999999999999787e+00 -1.000000000000000000e+00 1.576999999999999957e+01 1.588000000000000078e+01 1.100999999999999979e+01
-1.000000000000000000e+00 4.019999999999999574e+00 -1.000000000000000000e+00 1.010999999999999943e+01 2.035999999999999943e+01 6.469999999999999751e+00 -1.000000000000000000e+00 1.563000000000000078e+01 1.581000000000000050e+01 1.091000000000000014e+01
-1.000000000000000000e+00 4.000000000000000000e+00 -1.000000000000000000e+00 1.013000000000000078e+01 2.030999999999999872e+01 6.440000000000000391e+00 -1.000000000000000000e+00 1.566000000000000014e+01 1.585999999999999943e+01 1.091999999999999993e+01
-1.000000000000000000e+00 4.019999999999999574e+00 -1.000000000000000000e+00 1.008000000000000007e+01 2.039000000000000057e+01 6.450000000000000178e+00 -1.000000000000000000e+00 1.553999999999999915e+01 1.584999999999999964e+01 1.093999999999999950e+01
-1.000000000000000000e+00 3.959999999999999964e+00 -1.000000000000000000e+00 1.013000000000000078e+01 2.030999999999999872e+01 6.490000000000000213e+00 -1.000000000000000000e+00 1.574000000000000021e+01 1.583000000000000007e+01 1.090000000000000036e+01
-1.000000000000000000e+00 4.000000000000000000e+00 -1.000000000000000000e+00 1.014000000000000057e+01 2.030999999999999872e+01 6.429999999999999716e+00 -1.000000000000000000e+00 1.566999999999999993e+01 1.584999999999999964e+01 1.100000000000000000e+01
-1.000000000000000000e+00 4.059999999999999609e+00 -1.000000000000000000e+00 1.016000000000000014e+01 2.030000000000000071e+01 6.459999999999999964e+00 -1.000000000000000000e+00 1.566000000000000014e+01 1.586999999999999922e+01 1.100999999999999979e+01
-1.000000000000000000e+00 4.040000000000000036e+00 -1.000000000000000000e+00 1.008000000000000007e+01 2.028999999999999915e+01 6.450000000000000178e+00 -1.000000000000000000e+00 1.571000000000000085e+01 1.590000000000000036e+01 1.091999999999999993e+01
-1.000000000000000000e+00 4.030000000000000249e+00 -1.000000000000000000e+00 1.013000000000000078e+01 2.035000000000000142e+01 6.450000000000000178e+00 -1.000000000000000000e+00 1.566000000000000014e+01 1.584999999999999964e+01 1.102999999999999936e+01
-1.000000000000000000e+00 4.049999999999999822e+00 -1.000000000000000000e+00 1.016000000000000014e+01 2.035000000000000142e+01 6.440000000000000391e+00 -1.000000000000000000e+00 1.564000000000000057e+01 -1.000000000000000000e+00 1.091000000000000014e+01
-1.000000000000000000e+00 4.000000000000000000e+00 -1.000000000000000000e+00 1.011999999999999922e+01 2.035999999999999943e+01 6.450000000000000178e+00 -1.000000000000000000e+00 1.571000000000000085e+01 1.577999999999999936e+01 1.085999999999999943e+01
-1.000000000000000000e+00 4.019999999999999574e+00 -1.000000000000000000e+00 1.013000000000000078e+01 2.037999999999999901e+01 6.459999999999999964e+00 -1.000000000000000000e+00 1.566999999999999993e+01 1.581000000000000050e+01 1.097000000000000064e+01
-1.000000000000000000e+00 4.009999999999999787e+00 -1.000000000000000000e+00 1.014000000000000057e+01 2.035000000000000142e+01 6.459999999999999964e+00 -1.000000000000000000e+00 1.567999999999999972e+01 1.584999999999999964e+01 1.092999999999999972e+01
-1.000000000000000000e+00 3.970000000000000195e+00 -1.000000000000000000e+00 1.009999999999999964e+01 2.028999999999999915e+01 6.459999999999999964e+00 -1.000000000000000000e+00 1.565000000000000036e+01 1.588000000000000078e+01 1.101999999999999957e+01
-1.000000000000000000e+00 3.910000000000000142e+00 -1.000000000000000000e+00 1.011999999999999922e+01 2.037999999999999901e+01 6.480000000000000426e+00 -1.000000000000000000e+00 1.571000000000000085e+01 1.583000000000000007e+01 -1.000000000000000000e+00
-1.000000000000000000e+00 4.000000000000000000e+00 -1.000000000000000000e+00 1.016999999999999993e+01 2.039999999999999858e+01 6.429999999999999716e+00 -1.000000000000000000e+00 1.564000000000000057e+01 1.581000000000000050e+01 1.091000000000000014e+01
-1.000000000000000000e+00 3.890000000000000124e+00 -1.000000000000000000e+00 1.016000000000000014e+01 2.032000000000000028e+01 6.459999999999999964e+00 -1.000000000000000000e+00 1.556000000000000050e+01 1.578999999999999915e+01 1.093999999999999950e+01
-1.000000000000000000e+00 3.939999999999999947e+00 -1.000000000000000000e+00 1.014000000000000057e+01 2.035000000000000142e+01 6.500000000000000000e+00 -1.000000000000000000e+00 1.559999999999999964e+01 1.584999999999999964e+01 -1.000000000000000000e+00
-1.000000000000000000e+00 3.950000000000000178e+00 -1.000000000000000000e+00 1.010999999999999943e+01 2.026000000000000156e+01 6.549999999999999822e+00 -1.000000000000000000e+00 1.563000000000000078e+01 1.583000000000000007e+01 1.094999999999999929e+01
-1.000000000000000000e+00 3.950000000000000178e+00 -1.000000000000000000e+00 1.010999999999999943e+01 2.032000000000000028e+01 6.440000000000000391e+00 -1.000000000000000000e+00 1.566000000000000014e+01 1.585999999999999943e+01 1.096000000000000085e+01
-1.000000000000000000e+00 3.879999999999999893e+00 -1.000000000000000000e+00 1.008999999999999986e+01 2.042000000000000171e+01 6.459999999999999964e+00 -1.000000000000000000e+00 1.572000000000000064e+01 1.588000000000000078e+01 1.088000000000000078e+01
-1.000000000000000000e+00 3.879999999999999893e+00 -1.000000000000000000e+00 1.009999999999999964e+01 2.039999999999999858e+01 6.419999999999999929e+00 -1.000000000000000000e+00 1.563000000000000078e+01 1.588000000000000078e+01 1.097000000000000064e+01
-1.000000000000000000e+00 4.009999999999999787e+00 -1.000000000000000000e+00 1.015000000000000036e+01 2.030000000000000071e+01 6.450000000000000178e+00 -1.000000000000000000e+00 1.558999999999999986e+01 1.586999999999999922e+01 1.091999999999999993e+01
-1.000000000000000000e+00 3.870000000000000107e+00 -1.000000000000000000e+00 1.013000000000000078e+01 2.037999999999999901e+01 6.450000000000000178e+00 -1.000000000000000000e+00 1.552999999999999936e+01 1.582000000000000028e+01 1.099000000000000021e+01
-1.000000000000000000e+00 3.919999999999999929e+00 -1.000000000000000000e+00 1.011999999999999922e+01 2.025000000000000000e+01 6.500000000000000000e+00 -1.000000000000000000e+00 1.571000000000000085e+01 1.588000000000000078e+01 1.094999999999999929e+01
-1.000000000000000000e+00 3.930000000000000160e+00 -1.000000000000000000e+00 1.014000000000000057e+01 2.025000000000000000e+01 6.429999999999999716e+00 -1.000000000000000000e+00 1.575000000000000000e+01 1.585999999999999943e+01 1.100000000000000000e+01
-1.000000000000000000e+00 3.990000000000000213e+00 -1.000000000000000000e+00 1.009999999999999964e+01 2.026000000000000156e+01 6.469999999999999751e+00 -1.000000000000000000e+00 1.558999999999999986e+01 1.588000000000000078e+01 1.091999999999999993e+01
-1.000000000000000000e+00 3.879999999999999893e+00 -1.000000000000000000e+00 1.009999999999999964e+01 2.041000000000000014e+01 6.440000000000000391e+00 -1.000000000000000000e+00 1.556000000000000050e+01 1.583999999999999986e+01 1.097000000000000064e+01
-1.000000000000000000e+00 3.950000000000000178e+00 -1.000000000000000000e+00 1.016999999999999993e+01 2.037999999999999901e+01 6.429999999999999716e+00 -1.000000000000000000e+00 1.558999999999999986e+01 1.582000000000000028e+01 1.093999999999999950e+01
-1.000000000000000000e+00 3.930000000000000160e+00 -1.000000000000000000e+00 1.013000000000000078e+01 2.035999999999999943e+01 6.440000000000000391e+00 -1.000000000000000000e+00 1.568999999999999950e+01 1.583999999999999986e+01 1.100000000000000000e+01
-1.000000000000000000e+00 3.950000000000000178e+00 -1.000000000000000000e+00 1.014000000000000057e+01 2.030999999999999872e+01 6.450000000000000178e+00 -1.000000000000000000e+00 1.568999999999999950e+01 1.586999999999999922e+01 1.090000000000000036e+01
-1.000000000000000000e+00 3.890000000000000124e+00 -1.000000000000000000e+00 1.013000000000000078e+01 2.033999999999999986e+01 6.500000000000000000e+00 -1.000000000000000000e+00 -1.000000000000000000e+00 1.592999999999999972e+01 1.099000000000000021e+01
-1.000000000000000000e+00 3.930000000000000160e+00 -1.000000000000000000e+00 1.010999999999999943e+01 2.035000000000000142e+01 6.440000000000000391e+00 -1.000000000000000000e+00 1.571000000000000085e+01 1.588000000000000078e+01 -1.000000000000000000e+00
-1.000000000000000000e+00 3.870000000000000107e+00 -1.000000000000000000e+00 1.014000000000000057e+01 2.028999999999999915e+01 6.440000000000000391e+00 -1.000000000000000000e+00 1.560999999999999943e+01 1.578999999999999915e+01 1.090000000000000036e+01
-1.000000000000000000e+00 3.910000000000000142e+00 -1.000000000000000000e+00 1.015000000000000036e+01 2.033999999999999986e+01 6.400000000000000355e+00 -1.000000000000000000e+00 1.556000000000000050e+01 1.582000000000000028e+01 1.091999999999999993e+01
-1.000000000000000000e+00 3.870000000000000107e+00 -1.000000000000000000e+00 1.014000000000000057e+01 2.032000000000000028e+01 6.429999999999999716e+00 -1.000000000000000000e+00 1.556000000000000050e+01 1.586999999999999922e+01 -1.000000000000000000e+00
-1.000000000000000000e+00 3.910000000000000142e+00 -1.000000000000000000e+00 1.014000000000000057e+01 2.030999999999999872e+01 6.480000000000000426e+00 -1.000000000000000000e+00 1.573000000000000043e+01 1.591000000000000014e+01 1.100000000000000000e+01
-1.000000000000000000e+00 3.930000000000000160e+00 -1.000000000000000000e+00 1.016999999999999993e+01 2.035000000000000142e+01 6.469999999999999751e+00 -1.000000000000000000e+00 1.571000000000000085e+01 1.583000000000000007e+01 1.094999999999999929e+01
-1.000000000000000000e+00 3.930000000000000160e+00 -1.000000000000000000e+00 1.010999999999999943e+01 2.032000000000000028e+01 6.500000000000000000e+00 -1.000000000000000000e+00 1.575000000000000000e+01 1.581000000000000050e+01 1.090000000000000036e+01
-1.000000000000000000e+00 3.939999999999999947e+00 -1.000000000000000000e+00 1.008999999999999986e+01 2.032000000000000028e+01 6.400000000000000355e+00 -1.000000000000000000e+00 1.575000000000000000e+01 1.582000000000000028e+01 1.100000000000000000e+01
-1.000000000000000000e+00 3.919999999999999929e+00 -1.000000000000000000e+00 1.013000000000000078e+01 2.032999999999999829e+01 6.419999999999999929e+00 -1.000000000000000000e+00 1.561999999999999922e+01 1.583999999999999986e+01 1.094999999999999929e+01
-1.000000000000000000e+00 3.930000000000000160e+00 -1.000000000000000000e+00 1.011999999999999922e+01 2.032999999999999829e+01 6.459999999999999964e+00 -1.000000000000000000e+00 1.558000000000000007e+01 1.583999999999999986e+01 1.098000000000000043e+01
-1.000000000000000000e+00 3.959999999999999964e+00 -1.000000000000000000e+00 1.016999999999999993e+01 2.028000000000000114e+01 6.459999999999999964e+00 -1.000000000000000000e+00 1.566999999999999993e+01 1.589000000000000057e+01 1.096000000000000085e+01
-1.000000000000000000e+00 3.910000000000000142e+00 -1.000000000000000000e+00 1.010999999999999943e+01 2.032999999999999829e+01 6.480000000000000426e+00 -1.000000000000000000e+00 1.563000000000000078e+01 1.585999999999999943e+01 -1.000000000000000000e+00
-1.000000000000000000e+00 3.890000000000000124e+00 -1.000000000000000000e+00 1.013000000000000078e+01 2.033999999999999986e+01 6.480000000000000426e+00 -1.000000000000000000e+00 1.564000000000000057e+01 1.583000000000000007e+01 1.172000000000000064e+01
-1.000000000000000000e+00 4.040000000000000036e+00 -1.000000000000000000e+00 1.016999999999999993e+01 2.035000000000000142e+01 6.419999999999999929e+00 -1.000000000000000000e+00 1.563000000000000078e+01 1.582000000000000028e+01 1.101999999999999957e+01
-1.000000000000000000e+00 3.919999999999999929e+00 -1.000000000000000000e+00 1.011999999999999922e+01 2.030000000000000071e+01 6.440000000000000391e+00 -1.000000000000000000e+00 1.566999999999999993e+01 1.583000000000000007e+01 1.100999999999999979e+01
-1.000000000000000000e+00 3.879999999999999893e+00 -1.000000000000000000e+00 1.015000000000000036e+01 2.032000000000000028e+01 6.450000000000000178e+00 -1.000000000000000000e+00 1.565000000000000036e+01 1.583000000000000007e+01 1.096000000000000085e+01
-1.000000000000000000e+00 -1.000000000000000000e+00 -1.000000000000000000e+00 1.011999999999999922e+01 2.035000000000000142e+01 6.490000000000000213e+00 -1.000000000000000000e+00 1.571000000000000085e+01 1.581000000000000050e+01 1.098000000000000043e+01
-1.000000000000000000e+00 3.919999999999999929e+00 -1.000000000000000000e+00 1.008999999999999986e+01 2.037999999999999901e+01 6.429999999999999716e+00 -1.000000000000000000e+00 1.566000000000000014e+01 1.585999999999999943e+01 1.093999999999999950e+01
-1.000000000000000000e+00 3.930000000000000160e+00 -1.000000000000000000e+00 1.009999999999999964e+01 2.037000000000000099e+01 6.469999999999999751e+00 -1.000000000000000000e+00 1.573000000000000043e+01 1.589000000000000057e+01 1.100999999999999979e+01
-1.000000000000000000e+00 3.950000000000000178e+00 -1.000000000000000000e+00 1.008000000000000007e+01 2.037000000000000099e+01 6.410000000000000142e+00 -1.000000000000000000e+00 1.560999999999999943e+01 1.586999999999999922e+01 1.088000000000000078e+01
-1.000000000000000000e+00 3.910000000000000142e+00 -1.000000000000000000e+00 1.014000000000000057e+01 2.037999999999999901e+01 6.419999999999999929e+00 -1.000000000000000000e+00 1.565000000000000036e+01 1.584999999999999964e+01 1.091000000000000014e+01
-1.000000000000000000e+00 3.950000000000000178e+00 -1.000000000000000000e+00 1.014000000000000057e+01 -1.000000000000000000e+00 6.389999999999999680e+00 -1.000000000000000000e+00 1.558999999999999986e+01 1.582000000000000028e+01 1.089000000000000057e+01
-1.000000000000000000e+00 3.950000000000000178e+00 -1.000000000000000000e+00 1.015000000000000036e+01 2.037999999999999901e+01 6.500000000000000000e+00 -1.000000000000000000e+00 1.575999999999999979e+01 1.583000000000000007e+01 1.089000000000000057e+01
-1.000000000000000000e+00 3.959999999999999964e+00 -1.000000000000000000e+00 1.008999999999999986e+01 2.028999999999999915e+01 6.480000000000000426e+00 -1.000000000000000000e+00 1.565000000000000036e+01 1.583999999999999986e+01 1.100999999999999979e+01
-1.000000000000000000e+00 3.930000000000000160e+00 -1.000000000000000000e+00 1.014000000000000057e+01 2.030999999999999872e+01 6.519999999999999574e+00 -1.000000000000000000e+00 1.565000000000000036e+01 1.585999999999999943e+01 1.088000000000000078e+01
-1.000000000000000000e+00 3.919999999999999929e+00 -1.000000000000000000e+00 1.013000000000000078e+01 2.035999999999999943e+01 6.429999999999999716e+00 -1.000000000000000000e+00 1.557000000000000028e+01 1.582000000000000028e+01 1.088000000000000078e+01
-1.000000000000000000e+00 3.890000000000000124e+00 -1.000000000000000000e+00 1.016000000000000014e+01 2.046999999999999886e+01 6.429999999999999716e+00 -1.000000000000000000e+00 1.565000000000000036e+01 1.581000000000000050e+01 1.101999999999999957e+01
-1.000000000000000000e+00 3.990000000000000213e+00 -1.000000000000000000e+00 1.021000000000000085e+01 2.037000000000000099e+01 6.389999999999999680e+00 -1.000000000000000000e+00 1.561999999999999922e+01 1.581000000000000050e+01 1.091000000000000014e+01
-1.000000000000000000e+00 3.910000000000000142e+00 -1.000000000000000000e+00 1.007000000000000028e+01 2.030000000000000071e+01 6.469999999999999751e+00 -1.000000000000000000e+00 1.571000000000000085e+01 1.584999999999999964e+01 1.089000000000000057e+01
-1.000000000000000000e+00 3.919999999999999929e+00 -1.000000000000000000e+00 1.009999999999999964e+01 2.037000000000000099e+01 6.509999999999999787e+00 -1.000000000000000000e+00 1.564000000000000057e+01 1.589000000000000057e+01 1.091999999999999993e+01
-1.000000000000000000e+00 3.919999999999999929e+00 -1.000000000000000000e+00 1.011999999999999922e+01 2.035000000000000142e+01 6.469999999999999751e+00 -1.000000000000000000e+00 1.560999999999999943e+01 1.586999999999999922e+01 1.094999999999999929e+01
-1.000000000000000000e+00 3.950000000000000178e+00 -1.000000000000000000e+00 1.013000000000000078e+01 2.032999999999999829e+01 6.459999999999999964e+00 -1.000000000000000000e+00 1.569999999999999929e+01 1.583999999999999986e+01 1.098000000000000043e+01
-1.000000000000000000e+00 3.979999999999999982e+00 -1.000000000000000000e+00 1.011999999999999922e+01 2.039999999999999858e+01 6.440000000000000391e+00 -1.000000000000000000e+00 1.563000000000000078e+01 1.580000000000000071e+01 1.102999999999999936e+01
-1.000000000000000000e+00 3.979999999999999982e+00 -1.000000000000000000e+00 1.016000000000000014e+01 2.037999999999999901e+01 6.440000000000000391e+00 -1.000000000000000000e+00 1.572000000000000064e+01 1.585999999999999943e+01 1.090000000000000036e+01
-1.000000000000000000e+00 4.009999999999999787e+00 -1.000000000000000000e+00 1.013000000000000078e+01 2.023999999999999844e+01 6.459999999999999964e+00 -1.000000000000000000e+00 -1.000000000000000000e+00 1.590000000000000036e+01 1.091999999999999993e+01
-1.000000000000000000e+00 3.959999999999999964e+00 -1.000000000000000000e+00 1.016000000000000014e+01 2.032999999999999829e+01 6.490000000000000213e+00 -1.000000000000000000e+00 1.566999999999999993e+01 1.586999999999999922e+01 1.098000000000000043e+01
-1.000000000000000000e+00 3.930000000000000160e+00 -1.000000000000000000e+00 1.013000000000000078e+01 2.028999999999999915e+01 6.450000000000000178e+00 -1.000000000000000000e+00 1.569999999999999929e+01 1.588000000000000078e+01 1.094999999999999929e+01
-1.000000000000000000e+00 3.899999999999999911e+00 -1.000000000000000000e+00 1.013000000000000078e+01 2.033999999999999986e+01 6.469999999999999751e+00 -1.000000000000000000e+00 1.558999999999999986e+01 1.583000000000000007e+01 1.093999999999999950e+01
-1.000000000000000000e+00 3.979999999999999982e+00 -1.000000000000000000e+00 1.008999999999999986e+01 2.035999999999999943e+01 6.440000000000000391e+00 -1.000000000000000000e+00 1.556000000000000050e+01 1.582000000000000028e+01 1.091000000000000014e+01
-1.000000000000000000e+00 3.930000000000000160e+00 -1.000000000000000000e+00 1.016999999999999993e+01 2.044000000000000128e+01 6.459999999999999964e+00 -1.000000000000000000e+00 1.564000000000000057e+01 1.583999999999999986e+01 1.089000000000000057e+01
-1.000000000000000000e+00 3.979999999999999982e+00 -1.000000000000000000e+00 1.008999999999999986e+01 2.037000000000000099e+01 6.530000000000000249e+00 -1.000000000000000000e+00 1.558999999999999986e+01 1.588000000000000078e+01 1.096000000000000085e+01
-1.000000000000000000e+00 3.939999999999999947e+00 -1.000000000000000000e+00 1.009999999999999964e+01 2.030000000000000071e+01 6.440000000000000391e+00 -1.000000000000000000e+00 1.559999999999999964e+01 1.584999999999999964e+01 1.089000000000000057e+01
-1.000000000000000000e+00 3.850000000000000089e+00 -1.000000000000000000e+00 1.014000000000000057e+01 2.032999999999999829e+01 6.559999999999999609e+00 -1.000000000000000000e+00 1.571000000000000085e+01 1.583999999999999986e+01 1.093999999999999950e+01
-1.000000000000000000e+00 3.910000000000000142e+00 -1.000000000000000000e+00 1.018999999999999950e+01 2.032999999999999829e+01 6.459999999999999964e+00 -1.000000000000000000e+00 1.561999999999999922e+01 1.583000000000000007e+01 1.097000000000000064e+01
-1.000000000000000000e+00 3.970000000000000195e+00 -1.000000000000000000e+00 1.014000000000000057e+01 2.044999999999999929e+01 6.459999999999999964e+00 -1.000000000000000000e+00 1.558999999999999986e+01 1.583999999999999986e+01 1.090000000000000036e+01
-1.000000000000000000e+00 3.910000000000000142e+00 -1.000000000000000000e+00 1.007000000000000028e+01 2.033999999999999986e+01 6.429999999999999716e+00 -1.000000000000000000e+00 1.566999999999999993e+01 1.582000000000000028e+01 1.091999999999999993e+01
-1.000000000000000000e+00 3.950000000000000178e+00 -1.000000000000000000e+00 1.010999999999999943e+01 2.030000000000000071e+01 6.429999999999999716e+00 -1.000000000000000000e+00 1.572000000000000064e+01 1.588000000000000078e+01 1.091000000000000014e+01
-1.000000000000000000e+00 3.899999999999999911e+00 -1.000000000000000000e+00 1.016999999999999993e+01 2.026999999999999957e+01 6.459999999999999964e+00 -1.000000000000000000e+00 1.577999999999999936e+01 1.585999999999999943e+01 1.090000000000000036e+01
-1.000000000000000000e+00 3.939999999999999947e+00 -1.000000000000000000e+00 1.017999999999999972e+01 2.032999999999999829e+01 6.519999999999999574e+00 -1.000000000000000000e+00 1.569999999999999929e+01 1.586999999999999922e+01 1.086999999999999922e+01
-1.000000000000000000e+00 3.859999999999999876e+00 -1.000000000000000000e+00 1.014000000000000057e+01 2.039000000000000057e+01 6.429999999999999716e+00 -1.000000000000000000e+00 1.561999999999999922e+01 1.583999999999999986e+01 1.080000000000000071e+01
-1.000000000000000000e+00 3.959999999999999964e+00 -1.000000000000000000e+00 1.014000000000000057e+01 2.037000000000000099e+01 6.440000000000000391e+00 -1.000000000000000000e+00 1.558999999999999986e+01 1.585999999999999943e+01 1.091000000000000014e+01
-1.000000000000000000e+00 3.850000000000000089e+00 -1.000000000000000000e+00 1.014000000000000057e+01 2.039999999999999858e+01 6.440000000000000391e+00 -1.000000000000000000e+00 1.581000000000000050e+01 1.584999999999999964e+01 1.090000000000000036e+01
-1.000000000000000000e+00 3.990000000000000213e+00 -1.000000000000000000e+00 1.014000000000000057e+01 2.041000000000000014e+01 6.490000000000000213e+00 -1.000000000000000000e+00 1.561999999999999922e+01 1.584999999999999964e+01 1.091000000000000014e+01
-1.000000000000000000e+00 3.919999999999999929e+00 -1.000000000000000000e+00 1.015000000000000036e+01 2.033999999999999986e+01 6.530000000000000249e+00 -1.000000000000000000e+00 1.573000000000000043e+01 1.591000000000000014e+01 -1.000000000000000000e+00
-1.000000000000000000e+00 3.959999999999999964e+00 -1.000000000000000000e+00 1.009999999999999964e+01 2.035999999999999943e+01 6.530000000000000249e+00 -1.000000000000000000e+00 1.555000000000000071e+01 1.585999999999999943e+01 1.091999999999999993e+01
-1.000000000000000000e+00 3.910000000000000142e+00 -1.000000000000000000e+00 1.015000000000000036e+01 2.028000000000000114e+01 6.459999999999999964e+00 -1.000000000000000000e+00 1.564000000000000057e+01 1.583999999999999986e+01 1.097000000000000064e+01
-1.000000000000000000e+00 3.979999999999999982e+00 -1.000000000000000000e+00 1.013000000000000078e+01 2.037000000000000099e+01 6.429999999999999716e+00 -1.000000000000000000e+00 1.567999999999999972e+01 -1.000000000000000000e+00 1.085999999999999943e+01
-1.000000000000000000e+00 3.939999999999999947e+00 -1.000000000000000000e+00 1.013000000000000078e+01 2.032000000000000028e+01 6.410000000000000142e+00 -1.000000000000000000e+00 1.571000000000000085e+01 1.584999999999999964e+01 1.094999999999999929e+01
-1.000000000000000000e+00 3.879999999999999893e+00 -1.000000000000000000e+00 1.014000000000000057e+01 2.033999999999999986e+01 6.559999999999999609e+00 -1.000000000000000000e+00 1.571000000000000085e+01 1.585999999999999943e+01 1.097000000000000064e+01
-1.000000000000000000e+00 3.910000000000000142e+00 -1.000000000000000000e+00 1.015000000000000036e+01 2.042000000000000171e+01 6.530000000000000249e+00 -1.000000000000000000e+00 1.564000000000000057e+01 1.583000000000000007e+01 1.096000000000000085e+01
-1.000000000000000000e+00 3.950000000000000178e+00 -1.000000000000000000e+00 -1.000000000000000000e+00 2.026999999999999957e+01 6.490000000000000213e+00 -1.000000000000000000e+00 1.575999999999999979e+01 1.589000000000000057e+01 1.102999999999999936e+01
-1.000000000000000000e+00 3.890000000000000124e+00 -1.000000000000000000e+00 -1.000000000000000000e+00 2.033999999999999986e+01 6.459999999999999964e+00 -1.000000000000000000e+00 -1.000000000000000000e+00 1.589000000000000057e+01 1.091000000000000014e+01
