-1.000000000000000000e+00 -1.000000000000000000e+00 -1.000000000000000000e+00 -1.000000000000000000e+00 -1.000000000000000000e+00 -1.000000000000000000e+00 -1.000000000000000000e+00 -1.000000000000000000e+00 -1.000000000000000000e+00 -1.000000000000000000e+00
-1.000000000000000000e+00 1.572000000000000064e+01 1.603000000000000114e+01 6.280000000000000249e+00 4.919999999999999929e+00 9.519999999999999574e+00 -1.000000000000000000e+00 -1.000000000000000000e+00 3.859999999999999876e+00 4.839999999999999858e+00
-1.000000000000000000e+00 1.578999999999999915e+01 1.558000000000000007e+01 6.299999999999999822e+00 4.950000000000000178e+00 9.529999999999999361e+00 -1.000000000000000000e+00 -1.000000000000000000e+00 3.859999999999999876e+00 4.879999999999999893e+00
-1.000000000000000000e+00 1.583000000000000007e+01 1.566999999999999993e+01 6.269999999999999574e+00 4.879999999999999893e+00 9.460000000000000853e+00 -1.000000000000000000e+00 -1.000000000000000000e+00 3.859999999999999876e+00 4.900000000000000355e+00
-1.000000000000000000e+00 1.575999999999999979e+01 1.565000000000000036e+01 6.259999999999999787e+00 4.910000000000000142e+00 9.410000000000000142e+00 -1.000000000000000000e+00 -1.000000000000000000e+00 3.890000000000000124e+00 4.900000000000000355e+00
-1.000000000000000000e+00 1.577999999999999936e+01 1.568999999999999950e+01 6.230000000000000426e+00 4.940000000000000391e+00 9.470000000000000639e+00 -1.000000000000000000e+00 -1.000000000000000000e+00 3.910000000000000142e+00 4.919999999999999929e+00
-1.000000000000000000e+00 1.583000000000000007e+01 1.565000000000000036e+01 6.240000000000000213e+00 4.950000000000000178e+00 9.449999999999999289e+00 -1.000000000000000000e+00 -1.000000000000000000e+00 3.910000000000000142e+00 4.900000000000000355e+00
-1.000000000000000000e+00 1.576999999999999957e+01 1.564000000000000057e+01 6.240000000000000213e+00 4.889999999999999680e+00 9.449999999999999289e+00 -1.000000000000000000e+00 -1.000000000000000000e+00 3.899999999999999911e+00 4.900000000000000355e+00
-1.000000000000000000e+00 1.575999999999999979e+01 1.556000000000000050e+01 6.259999999999999787e+00 4.879999999999999893e+00 9.439999999999999503e+00 -1.000000000000000000e+00 -1.000000000000000000e+00 3.859999999999999876e+00 4.870000000000000107e+00
-1.000000000000000000e+00 1.571000000000000085e+01 1.566999999999999993e+01 6.259999999999999787e+00 4.929999999999999716e+00 9.500000000000000000e+00 -1.000000000000000000e+00 -1.000000000000000000e+00 3.899999999999999911e+00 4.889999999999999680e+00
-1.000000000000000000e+00 1.574000000000000021e+01 1.559999999999999964e+01 6.259999999999999787e+00 4.830000000000000071e+00 9.359999999999999432e+00 -1.000000000000000000e+00 -1.000000000000000000e+00 3.859999999999999876e+00 4.929999999999999716e+00
-1.000000000000000000e+00 1.580000000000000071e+01 1.561999999999999922e+01 6.259999999999999787e+00 4.910000000000000142e+00 9.439999999999999503e+00 -1.000000000000000000e+00 -1.000000000000000000e+00 3.859999999999999876e+00 4.870000000000000107e+00
-1.000000000000000000e+00 1.575999999999999979e+01 1.564000000000000057e+01 6.230000000000000426e+00 4.969999999999999751e+00 9.369999999999999218e+00 -1.000000000000000000e+00 -1.000000000000000000e+00 3.859999999999999876e+00 4.889999999999999680e+00
-1.000000000000000000e+00 1.561999999999999922e+01 1.566000000000000014e+01 6.320000000000000284e+00 4.889999999999999680e+00 9.400000000000000355e+00 -1.000000000000000000e+00 -1.000000000000000000e+00 3.899999999999999911e+00 4.889999999999999680e+00
-1.000000000000000000e+00 1.582000000000000028e+01 1.603000000000000114e+01 6.259999999999999787e+00 4.910000000000000142e+00 9.380000000000000782e+00 -1.000000000000000000e+00 -1.000000000000000000e+00 3.870000000000000107e+00 4.879999999999999893e+00
-1.000000000000000000e+00 1.583999999999999986e+01 1.610000000000000142e+01 6.209999999999999964e+00 4.959999999999999964e+00 9.359999999999999432e+00 -1.000000000000000000e+00 -1.000000000000000000e+00 3.899999999999999911e+00 4.879999999999999893e+00
-1.000000000000000000e+00 1.574000000000000021e+01 1.560999999999999943e+01 6.290000000000000036e+00 4.870000000000000107e+00 9.429999999999999716e+00 -1.000000000000000000e+00 -1.000000000000000000e+00 3.870000000000000107e+00 4.889999999999999680e+00
-1.000000000000000000e+00 1.575999999999999979e+01 1.566999999999999993e+01 6.250000000000000000e+00 4.919999999999999929e+00 9.419999999999999929e+00 -1.000000000000000000e+00 -1.000000000000000000e+00 3.850000000000000089e+00 4.870000000000000107e+00
-1.000000000000000000e+00 1.575999999999999979e+01 1.566000000000000014e+01 6.259999999999999787e+00 4.910000000000000142e+00 9.390000000000000568e+00 -1.000000000000000000e+00 -1.000000000000000000e+00 3.859999999999999876e+00 4.889999999999999680e+00
-1.000000000000000000e+00 1.578999999999999915e+01 1.564000000000000057e+01 6.280000000000000249e+00 4.910000000000000142e+00 9.449999999999999289e+00 -1.000000000000000000e+00 -1.000000000000000000e+00 3.930000000000000160e+00 4.900000000000000355e+00
-1.000000000000000000e+00 1.582000000000000028e+01 1.612999999999999901e+01 6.259999999999999787e+00 4.969999999999999751e+00 9.519999999999999574e+00 -1.000000000000000000e+00 -1.000000000000000000e+00 3.879999999999999893e+00 4.860000000000000320e+00
-1.000000000000000000e+00 1.582000000000000028e+01 1.565000000000000036e+01 6.280000000000000249e+00 4.889999999999999680e+00 9.519999999999999574e+00 -1.000000000000000000e+00 -1.000000000000000000e+00 3.850000000000000089e+00 4.879999999999999893e+00
-1.000000000000000000e+00 1.549000000000000021e+01 1.564000000000000057e+01 6.259999999999999787e+00 4.919999999999999929e+00 9.410000000000000142e+00 -1.000000000000000000e+00 -1.000000000000000000e+00 3.859999999999999876e+00 4.879999999999999893e+00
-1.000000000000000000e+00 1.585999999999999943e+01 1.559999999999999964e+01 6.320000000000000284e+00 4.860000000000000320e+00 9.519999999999999574e+00 -1.000000000000000000e+00 -1.000000000000000000e+00 3.899999999999999911e+00 4.889999999999999680e+00
-1.000000000000000000e+00 1.568999999999999950e+01 1.566000000000000014e+01 6.280000000000000249e+00 4.889999999999999680e+00 9.390000000000000568e+00 -1.000000000000000000e+00 -1.000000000000000000e+00 3.870000000000000107e+00 4.910000000000000142e+00
-1.000000000000000000e+00 1.585999999999999943e+01 1.568999999999999950e+01 6.240000000000000213e+00 4.879999999999999893e+00 9.449999999999999289e+00 -1.000000000000000000e+00 -1.000000000000000000e+00 3.879999999999999893e+00 4.910000000000000142e+00
-1.000000000000000000e+00 1.575999999999999979e+01 1.567999999999999972e+01 6.230000000000000426e+00 4.870000000000000107e+00 9.419999999999999929e+00 -1.000000000000000000e+00 -1.000000000000000000e+00 3.879999999999999893e+00 4.879999999999999893e+00
-1.000000000000000000e+00 1.589000000000000057e+01 1.558999999999999986e+01 6.250000000000000000e+00 4.929999999999999716e+00 9.410000000000000142e+00 -1.000000000000000000e+00 -1.000000000000000000e+00 3.870000000000000107e+00 4.879999999999999893e+00
-1.000000000000000000e+00 1.580000000000000071e+01 1.564000000000000057e+01 6.330000000000000071e+00 -1.000000000000000000e+00 9.369999999999999218e+00 -1.000000000000000000e+00 -1.000000000000000000e+00 3.899999999999999911e+00 4.900000000000000355e+00
-1.000000000000000000e+00 1.583999999999999986e+01 1.610999999999999943e+01 6.250000000000000000e+00 4.860000000000000320e+00 9.500000000000000000e+00 -1.000000000000000000e+00 -1.000000000000000000e+00 3.899999999999999911e+00 4.879999999999999893e+00
-1.000000000000000000e+00 1.578999999999999915e+01 1.605000000000000071e+01 6.290000000000000036e+00 4.959999999999999964e+00 9.570000000000000284e+00 -1.000000000000000000e+00 -1.000000000000000000e+00 3.830000000000000071e+00 4.889999999999999680e+00
-1.000000000000000000e+00 1.577999999999999936e+01 1.614000000000000057e+01 6.240000000000000213e+00 4.849999999999999645e+00 9.400000000000000355e+00 -1.000000000000000000e+00 -1.000000000000000000e+00 3.899999999999999911e+00 4.879999999999999893e+00
-1.000000000000000000e+00 1.571000000000000085e+01 1.660000000000000142e+01 6.320000000000000284e+00 4.929999999999999716e+00 9.500000000000000000e+00 -1.000000000000000000e+00 -1.000000000000000000e+00 3.859999999999999876e+00 4.879999999999999893e+00
-1.000000000000000000e+00 1.576999999999999957e+01 -1.000000000000000000e+00 6.250000000000000000e+00 4.830000000000000071e+00 9.410000000000000142e+00 -1.000000000000000000e+00 -1.000000000000000000e+00 3.890000000000000124e+00 4.889999999999999680e+00
-1.000000000000000000e+00 1.582000000000000028e+01 1.564000000000000057e+01 6.269999999999999574e+00 4.919999999999999929e+00 9.410000000000000142e+00 -1.000000000000000000e+00 -1.000000000000000000e+00 3.879999999999999893e+00 4.910000000000000142e+00
-1.000000000000000000e+00 1.577999999999999936e+01 1.566999999999999993e+01 6.280000000000000249e+00 4.969999999999999751e+00 9.500000000000000000e+00 -1.000000000000000000e+00 -1.000000000000000000e+00 3.879999999999999893e+00 4.889999999999999680e+00
-1.000000000000000000e+00 1.581000000000000050e+01 1.614999999999999858e+01 6.250000000000000000e+00 4.919999999999999929e+00 9.380000000000000782e+00 -1.000000000000000000e+00 -1.000000000000000000e+00 3.919999999999999929e+00 4.879999999999999893e+00
-1.000000000000000000e+00 1.580000000000000071e+01 1.563000000000000078e+01 6.280000000000000249e+00 4.910000000000000142e+00 9.560000000000000497e+00 -1.000000000000000000e+00 -1.000000000000000000e+00 3.839999999999999858e+00 4.889999999999999680e+00
-1.000000000000000000e+00 1.574000000000000021e+01 1.560999999999999943e+01 6.240000000000000213e+00 4.910000000000000142e+00 9.449999999999999289e+00 -1.000000000000000000e+00 -1.000000000000000000e+00 3.870000000000000107e+00 4.889999999999999680e+00
-1.000000000000000000e+00 1.575000000000000000e+01 1.552999999999999936e+01 6.349999999999999645e+00 4.900000000000000355e+00 9.519999999999999574e+00 -1.000000000000000000e+00 -1.000000000000000000e+00 3.850000000000000089e+00 4.879999999999999893e+00
-1.000000000000000000e+00 1.578999999999999915e+01 1.560999999999999943e+01 6.330000000000000071e+00 4.940000000000000391e+00 9.449999999999999289e+00 -1.000000000000000000e+00 -1.000000000000000000e+00 3.910000000000000142e+00 4.870000000000000107e+00
-1.000000000000000000e+00 1.581000000000000050e+01 1.605000000000000071e+01 6.230000000000000426e+00 4.879999999999999893e+00 9.519999999999999574e+00 -1.000000000000000000e+00 -1.000000000000000000e+00 3.879999999999999893e+00 4.910000000000000142e+00
-1.000000000000000000e+00 1.578999999999999915e+01 1.564000000000000057e+01 6.290000000000000036e+00 4.910000000000000142e+00 9.439999999999999503e+00 -1.000000000000000000e+00 -1.000000000000000000e+00 3.890000000000000124e+00 4.870000000000000107e+00
-1.000000000000000000e+00 1.584999999999999964e+01 1.561999999999999922e+01 6.280000000000000249e+00 4.929999999999999716e+00 9.449999999999999289e+00 -1.000000000000000000e+00 -1.000000000000000000e+00 3.939999999999999947e+00 4.910000000000000142e+00
-1.000000000000000000e+00 1.583000000000000007e+01 1.558000000000000007e+01 6.280000000000000249e+00 4.910000000000000142e+00 9.439999999999999503e+00 -1.000000000000000000e+00 -1.000000000000000000e+00 3.890000000000000124e+00 4.910000000000000142e+00
-1.000000000000000000e+00 1.581000000000000050e+01 1.568999999999999950e+01 6.320000000000000284e+00 4.860000000000000320e+00 9.460000000000000853e+00 -1.000000000000000000e+00 -1.000000000000000000e+00 3.890000000000000124e+00 4.929999999999999716e+00
-1.000000000000000000e+00 1.581000000000000050e+01 1.566999999999999993e+01 6.250000000000000000e+00 4.969999999999999751e+00 9.449999999999999289e+00 -1.000000000000000000e+00 -1.000000000000000000e+00 3.930000000000000160e+00 4.849999999999999645e+00
-1.000000000000000000e+00 1.583999999999999986e+01 1.563000000000000078e+01 6.250000000000000000e+00 4.919999999999999929e+00 9.619999999999999218e+00 -1.000000000000000000e+00 -1.000000000000000000e+00 3.899999999999999911e+00 4.870000000000000107e+00
-1.000000000000000000e+00 1.568999999999999950e+01 1.561999999999999922e+01 6.200000000000000178e+00 4.929999999999999716e+00 9.519999999999999574e+00 -1.000000000000000000e+00 -1.000000000000000000e+00 3.859999999999999876e+00 4.889999999999999680e+00
-1.000000000000000000e+00 1.582000000000000028e+01 1.563000000000000078e+01 6.250000000000000000e+00 4.830000000000000071e+00 9.529999999999999361e+00 -1.000000000000000000e+00 -1.000000000000000000e+00 3.879999999999999893e+00 4.889999999999999680e+00
-1.000000000000000000e+00 1.580000000000000071e+01 1.571000000000000085e+01 6.299999999999999822e+00 4.969999999999999751e+00 9.429999999999999716e+00 -1.000000000000000000e+00 -1.000000000000000000e+00 3.879999999999999893e+00 4.910000000000000142e+00
-1.000000000000000000e+00 1.578999999999999915e+01 1.558000000000000007e+01 6.259999999999999787e+00 4.820000000000000284e+00 9.529999999999999361e+00 -1.000000000000000000e+00 -1.000000000000000000e+00 3.859999999999999876e+00 4.879999999999999893e+00
-1.000000000000000000e+00 1.542999999999999972e+01 1.608999999999999986e+01 6.250000000000000000e+00 4.889999999999999680e+00 9.439999999999999503e+00 -1.000000000000000000e+00 -1.000000000000000000e+00 3.859999999999999876e+00 4.879999999999999893e+00
-1.000000000000000000e+00 1.572000000000000064e+01 1.559999999999999964e+01 6.290000000000000036e+00 4.889999999999999680e+00 9.539999999999999147e+00 -1.000000000000000000e+00 -1.000000000000000000e+00 3.899999999999999911e+00 4.870000000000000107e+00
-1.000000000000000000e+00 1.583999999999999986e+01 1.566000000000000014e+01 6.339999999999999858e+00 4.950000000000000178e+00 9.439999999999999503e+00 -1.000000000000000000e+00 -1.000000000000000000e+00 3.859999999999999876e+00 4.889999999999999680e+00
-1.000000000000000000e+00 1.575999999999999979e+01 1.564000000000000057e+01 6.269999999999999574e+00 4.910000000000000142e+00 9.410000000000000142e+00 -1.000000000000000000e+00 -1.000000000000000000e+00 3.819999999999999840e+00 4.870000000000000107e+00
-1.000000000000000000e+00 1.550000000000000000e+01 1.550999999999999979e+01 6.240000000000000213e+00 4.959999999999999964e+00 9.519999999999999574e+00 -1.000000000000000000e+00 -1.000000000000000000e+00 3.899999999999999911e+00 4.879999999999999893e+00
-1.000000000000000000e+00 1.580000000000000071e+01 1.561999999999999922e+01 6.280000000000000249e+00 4.860000000000000320e+00 9.529999999999999361e+00 -1.000000000000000000e+00 -1.000000000000000000e+00 3.890000000000000124e+00 4.879999999999999893e+00
-1.000000000000000000e+00 1.571000000000000085e+01 1.551999999999999957e+01 6.269999999999999574e+00 4.980000000000000426e+00 9.410000000000000142e+00 -1.000000000000000000e+00 -1.000000000000000000e+00 3.859999999999999876e+00 4.830000000000000071e+00
-1.000000000000000000e+00 1.581000000000000050e+01 1.566000000000000014e+01 6.259999999999999787e+00 4.910000000000000142e+00 9.560000000000000497e+00 -1.000000000000000000e+00 -1.000000000000000000e+00 3.899999999999999911e+00 4.879999999999999893e+00
-1.000000000000000000e+00 1.580000000000000071e+01 1.558999999999999986e+01 6.219999999999999751e+00 4.910000000000000142e+00 9.529999999999999361e+00 -1.000000000000000000e+00 -1.000000000000000000e+00 3.879999999999999893e+00 4.900000000000000355e+00
-1.000000000000000000e+00 1.577999999999999936e+01 1.605000000000000071e+01 6.269999999999999574e+00 4.910000000000000142e+00 9.470000000000000639e+00 -1.000000000000000000e+00 -1.000000000000000000e+00 3.870000000000000107e+00 4.889999999999999680e+00
-1.000000000000000000e+00 1.575999999999999979e+01 1.564000000000000057e+01 6.280000000000000249e+00 4.950000000000000178e+00 9.470000000000000639e+00 -1.000000000000000000e+00 -1.000000000000000000e+00 3.870000000000000107e+00 4.879999999999999893e+00
-1.000000000000000000e+00 1.578999999999999915e+01 1.610999999999999943e+01 6.259999999999999787e+00 4.870000000000000107e+00 9.390000000000000568e+00 -1.000000000000000000e+00 -1.000000000000000000e+00 3.850000000000000089e+00 4.870000000000000107e+00
-1.000000000000000000e+00 1.580000000000000071e+01 1.566000000000000014e+01 6.240000000000000213e+00 4.919999999999999929e+00 9.419999999999999929e+00 -1.000000000000000000e+00 -1.000000000000000000e+00 3.859999999999999876e+00 4.879999999999999893e+00
-1.000000000000000000e+00 1.574000000000000021e+01 1.564000000000000057e+01 6.290000000000000036e+00 4.940000000000000391e+00 9.439999999999999503e+00 -1.000000000000000000e+00 -1.000000000000000000e+00 3.850000000000000089e+00 4.940000000000000391e+00
-1.000000000000000000e+00 1.582000000000000028e+01 1.558999999999999986e+01 6.240000000000000213e+00 4.879999999999999893e+00 9.490000000000000213e+00 -1.000000000000000000e+00 -1.000000000000000000e+00 3.890000000000000124e+00 4.900000000000000355e+00
-1.000000000000000000e+00 1.583999999999999986e+01 1.610999999999999943e+01 6.259999999999999787e+00 4.910000000000000142e+00 9.400000000000000355e+00 -1.000000000000000000e+00 -1.000000000000000000e+00 3.890000000000000124e+00 4.910000000000000142e+00
-1.000000000000000000e+00 1.573000000000000043e+01 1.558000000000000007e+01 6.290000000000000036e+00 4.919999999999999929e+00 9.439999999999999503e+00 -1.000000000000000000e+00 -1.000000000000000000e+00 3.859999999999999876e+00 4.879999999999999893e+00
-1.000000000000000000e+00 1.572000000000000064e+01 1.566999999999999993e+01 6.269999999999999574e+00 4.929999999999999716e+00 9.449999999999999289e+00 -1.000000000000000000e+00 -1.000000000000000000e+00 3.899999999999999911e+00 4.839999999999999858e+00
-1.000000000000000000e+00 1.583000000000000007e+01 1.558000000000000007e+01 6.309999999999999609e+00 4.879999999999999893e+00 9.470000000000000639e+00 -1.000000000000000000e+00 -1.000000000000000000e+00 3.850000000000000089e+00 4.910000000000000142e+00
-1.000000000000000000e+00 1.577999999999999936e+01 1.560999999999999943e+01 6.280000000000000249e+00 4.889999999999999680e+00 9.460000000000000853e+00 -1.000000000000000000e+00 -1.000000000000000000e+00 3.899999999999999911e+00 4.879999999999999893e+00
-1.000000000000000000e+00 1.582000000000000028e+01 1.563000000000000078e+01 6.230000000000000426e+00 4.940000000000000391e+00 9.449999999999999289e+00 -1.000000000000000000e+00 -1.000000000000000000e+00 3.879999999999999893e+00 4.870000000000000107e+00
-1.000000000000000000e+00 1.580000000000000071e+01 1.555000000000000071e+01 6.269999999999999574e+00 4.940000000000000391e+00 9.429999999999999716e+00 -1.000000000000000000e+00 -1.000000000000000000e+00 3.879999999999999893e+00 4.900000000000000355e+00
-1.000000000000000000e+00 1.574000000000000021e+01 1.558999999999999986e+01 6.290000000000000036e+00 4.969999999999999751e+00 9.449999999999999289e+00 -1.000000000000000000e+00 -1.000000000000000000e+00 3.850000000000000089e+00 4.879999999999999893e+00
-1.000000000000000000e+00 1.581000000000000050e+01 1.572000000000000064e+01 6.259999999999999787e+00 4.910000000000000142e+00 9.480000000000000426e+00 -1.000000000000000000e+00 -1.000000000000000000e+00 3.930000000000000160e+00 4.910000000000000142e+00
-1.000000000000000000e+00 -1.000000000000000000e+00 1.556000000000000050e+01 6.250000000000000000e+00 4.940000000000000391e+00 9.519999999999999574e+00 -1.000000000000000000e+00 -1.000000000000000000e+00 3.890000000000000124e+00 4.889999999999999680e+00
-1.000000000000000000e+00 1.588000000000000078e+01 1.607000000000000028e+01 6.250000000000000000e+00 4.919999999999999929e+00 9.369999999999999218e+00 -1.000000000000000000e+00 -1.000000000000000000e+00 3.879999999999999893e+00 4.839999999999999858e+00
-1.000000000000000000e+00 1.569999999999999929e+01 1.572000000000000064e+01 6.230000000000000426e+00 4.879999999999999893e+00 9.449999999999999289e+00 -1.000000000000000000e+00 -1.000000000000000000e+00 3.879999999999999893e+00 4.879999999999999893e+00
-1.000000000000000000e+00 1.576999999999999957e+01 1.567999999999999972e+01 6.299999999999999822e+00 4.889999999999999680e+00 9.529999999999999361e+00 -1.000000000000000000e+00 -1.000000000000000000e+00 3.870000000000000107e+00 4.889999999999999680e+00
-1.000000000000000000e+00 1.586999999999999922e+01 1.563000000000000078e+01 6.250000000000000000e+00 4.860000000000000320e+00 9.390000000000000568e+00 -1.000000000000000000e+00 -1.000000000000000000e+00 3.890000000000000124e+00 4.900000000000000355e+00
-1.000000000000000000e+00 1.589000000000000057e+01 1.560999999999999943e+01 6.320000000000000284e+00 4.950000000000000178e+00 9.470000000000000639e+00 -1.000000000000000000e+00 -1.000000000000000000e+00 3.859999999999999876e+00 4.910000000000000142e+00
-1.000000000000000000e+00 1.575000000000000000e+01 1.557000000000000028e+01 6.240000000000000213e+00 4.959999999999999964e+00 9.390000000000000568e+00 -1.000000000000000000e+00 -1.000000000000000000e+00 3.890000000000000124e+00 4.910000000000000142e+00
-1.000000000000000000e+00 1.589000000000000057e+01 1.560999999999999943e+01 6.259999999999999787e+00 4.919999999999999929e+00 9.490000000000000213e+00 -1.000000000000000000e+00 -1.000000000000000000e+00 3.870000000000000107e+00 4.900000000000000355e+00
-1.000000000000000000e+00 1.575999999999999979e+01 1.564000000000000057e+01 6.269999999999999574e+00 4.889999999999999680e+00 9.500000000000000000e+00 -1.000000000000000000e+00 -1.000000000000000000e+00 3.830000000000000071e+00 4.889999999999999680e+00
-1.000000000000000000e+00 1.572000000000000064e+01 1.565000000000000036e+01 6.320000000000000284e+00 4.959999999999999964e+00 9.419999999999999929e+00 -1.000000000000000000e+00 -1.000000000000000000e+00 3.910000000000000142e+00 4.910000000000000142e+00
-1.000000000000000000e+00 1.575000000000000000e+01 1.561999999999999922e+01 6.230000000000000426e+00 4.910000000000000142e+00 9.480000000000000426e+00 -1.000000000000000000e+00 -1.000000000000000000e+00 3.890000000000000124e+00 4.910000000000000142e+00
-1.000000000000000000e+00 1.574000000000000021e+01 1.617000000000000171e+01 6.259999999999999787e+00 4.969999999999999751e+00 9.509999999999999787e+00 -1.000000000000000000e+00 -1.000000000000000000e+00 3.870000000000000107e+00 4.879999999999999893e+00
-1.000000000000000000e+00 1.576999999999999957e+01 1.566000000000000014e+01 6.250000000000000000e+00 4.900000000000000355e+00 9.480000000000000426e+00 -1.000000000000000000e+00 -1.000000000000000000e+00 3.890000000000000124e+00 4.879999999999999893e+00
-1.000000000000000000e+00 1.575999999999999979e+01 1.558999999999999986e+01 6.280000000000000249e+00 4.959999999999999964e+00 9.560000000000000497e+00 -1.000000000000000000e+00 -1.000000000000000000e+00 3.859999999999999876e+00 4.879999999999999893e+00
-1.000000000000000000e+00 1.573000000000000043e+01 1.561999999999999922e+01 6.330000000000000071e+00 4.959999999999999964e+00 9.539999999999999147e+00 -1.000000000000000000e+00 -1.000000000000000000e+00 3.870000000000000107e+00 4.889999999999999680e+00
-1.000000000000000000e+00 1.589000000000000057e+01 1.559999999999999964e+01 6.280000000000000249e+00 4.940000000000000391e+00 9.539999999999999147e+00 -1.000000000000000000e+00 -1.000000000000000000e+00 3.859999999999999876e+00 4.919999999999999929e+00
-1.000000000000000000e+00 1.591999999999999993e+01 1.564000000000000057e+01 6.330000000000000071e+00 4.839999999999999858e+00 9.460000000000000853e+00 -1.000000000000000000e+00 -1.000000000000000000e+00 3.859999999999999876e+00 4.889999999999999680e+00
-1.000000000000000000e+00 1.581000000000000050e+01 1.660000000000000142e+01 6.209999999999999964e+00 4.879999999999999893e+00 9.449999999999999289e+00 -1.000000000000000000e+00 -1.000000000000000000e+00 3.890000000000000124e+00 4.889999999999999680e+00
-1.000000000000000000e+00 1.581000000000000050e+01 1.561999999999999922e+01 6.320000000000000284e+00 4.929999999999999716e+00 9.380000000000000782e+00 -1.000000000000000000e+00 -1.000000000000000000e+00 3.850000000000000089e+00 4.900000000000000355e+00
-1.000000000000000000e+00 1.560999999999999943e+01 1.558000000000000007e+01 6.230000000000000426e+00 4.919999999999999929e+00 9.560000000000000497e+00 -1.000000000000000000e+00 -1.000000000000000000e+00 3.899999999999999911e+00 4.839999999999999858e+00
-1.000000000000000000e+00 1.583000000000000007e+01 1.567999999999999972e+01 6.349999999999999645e+00 4.919999999999999929e+00 9.429999999999999716e+00 -1.000000000000000000e+00 -1.000000000000000000e+00 3.850000000000000089e+00 4.900000000000000355e+00
-1.000000000000000000e+00 1.583000000000000007e+01 1.560999999999999943e+01 6.259999999999999787e+00 4.910000000000000142e+00 9.460000000000000853e+00 -1.000000000000000000e+00 -1.000000000000000000e+00 3.879999999999999893e+00 4.860000000000000320e+00
-1.000000000000000000e+00 1.575000000000000000e+01 1.610000000000000142e+01 6.230000000000000426e+00 4.830000000000000071e+00 9.519999999999999574e+00 -1.000000000000000000e+00 -1.000000000000000000e+00 3.850000000000000089e+00 4.889999999999999680e+00
-1.000000000000000000e+00 1.577999999999999936e+01 1.573000000000000043e+01 6.250000000000000000e+00 4.940000000000000391e+00 9.529999999999999361e+00 -1.000000000000000000e+00 -1.000000000000000000e+00 3.879999999999999893e+00 4.889999999999999680e+00
