-1.000000000000000000e+00 -1.000000000000000000e+00 -1.000000000000000000e+00 -1.000000000000000000e+00 -1.000000000000000000e+00 -1.000000000000000000e+00 -1.000000000000000000e+00 -1.000000000000000000e+00 -1.000000000000000000e+00 -1.000000000000000000e+00
-1.000000000000000000e+00 6.429999999999999716e+00 7.580000000000000071e+00 5.339999999999999858e+00 1.341000000000000014e+01 3.910000000000000142e+00 -1.000000000000000000e+00 8.320000000000000284e+00 9.349999999999999645e+00 3.490000000000000213e+00
-1.000000000000000000e+00 6.389999999999999680e+00 7.610000000000000320e+00 5.360000000000000320e+00 1.336999999999999922e+01 3.899999999999999911e+00 -1.000000000000000000e+00 8.449999999999999289e+00 9.320000000000000284e+00 3.459999999999999964e+00
-1.000000000000000000e+00 6.490000000000000213e+00 7.540000000000000036e+00 5.360000000000000320e+00 1.333999999999999986e+01 3.919999999999999929e+00 -1.000000000000000000e+00 8.380000000000000782e+00 9.369999999999999218e+00 3.500000000000000000e+00
-1.000000000000000000e+00 6.459999999999999964e+00 7.570000000000000284e+00 5.339999999999999858e+00 1.343999999999999950e+01 3.890000000000000124e+00 -1.000000000000000000e+00 8.429999999999999716e+00 9.330000000000000071e+00 3.490000000000000213e+00
-1.000000000000000000e+00 6.480000000000000426e+00 7.549999999999999822e+00 5.309999999999999609e+00 1.341000000000000014e+01 3.890000000000000124e+00 -1.000000000000000000e+00 8.470000000000000639e+00 9.310000000000000497e+00 3.490000000000000213e+00
-1.000000000000000000e+00 6.370000000000000107e+00 7.559999999999999609e+00 5.349999999999999645e+00 1.333999999999999986e+01 3.919999999999999929e+00 -1.000000000000000000e+00 8.400000000000000355e+00 9.339999999999999858e+00 3.490000000000000213e+00
-1.000000000000000000e+00 6.459999999999999964e+00 7.580000000000000071e+00 5.339999999999999858e+00 1.325000000000000000e+01 3.899999999999999911e+00 -1.000000000000000000e+00 8.439999999999999503e+00 9.330000000000000071e+00 3.479999999999999982e+00
-1.000000000000000000e+00 6.429999999999999716e+00 7.599999999999999645e+00 5.339999999999999858e+00 1.343999999999999950e+01 3.870000000000000107e+00 -1.000000000000000000e+00 8.439999999999999503e+00 9.330000000000000071e+00 3.500000000000000000e+00
-1.000000000000000000e+00 6.410000000000000142e+00 7.549999999999999822e+00 5.290000000000000036e+00 1.333999999999999986e+01 3.930000000000000160e+00 -1.000000000000000000e+00 8.410000000000000142e+00 9.380000000000000782e+00 3.479999999999999982e+00
-1.000000000000000000e+00 6.370000000000000107e+00 7.610000000000000320e+00 5.370000000000000107e+00 1.336999999999999922e+01 3.899999999999999911e+00 -1.000000000000000000e+00 8.550000000000000711e+00 9.349999999999999645e+00 3.470000000000000195e+00
-1.000000000000000000e+00 6.429999999999999716e+00 7.559999999999999609e+00 5.330000000000000071e+00 1.350000000000000000e+01 3.959999999999999964e+00 -1.000000000000000000e+00 8.400000000000000355e+00 9.369999999999999218e+00 3.479999999999999982e+00
-1.000000000000000000e+00 6.410000000000000142e+00 7.629999999999999893e+00 5.339999999999999858e+00 1.332000000000000028e+01 3.870000000000000107e+00 -1.000000000000000000e+00 8.429999999999999716e+00 9.359999999999999432e+00 3.500000000000000000e+00
-1.000000000000000000e+00 6.450000000000000178e+00 7.549999999999999822e+00 5.320000000000000284e+00 1.335999999999999943e+01 3.899999999999999911e+00 -1.000000000000000000e+00 8.439999999999999503e+00 9.320000000000000284e+00 3.500000000000000000e+00
-1.000000000000000000e+00 6.450000000000000178e+00 7.629999999999999893e+00 5.330000000000000071e+00 1.336999999999999922e+01 3.899999999999999911e+00 -1.000000000000000000e+00 8.429999999999999716e+00 9.339999999999999858e+00 3.490000000000000213e+00
-1.000000000000000000e+00 6.459999999999999964e+00 7.589999999999999858e+00 5.309999999999999609e+00 1.343999999999999950e+01 3.879999999999999893e+00 -1.000000000000000000e+00 8.419999999999999929e+00 9.300000000000000711e+00 3.479999999999999982e+00
-1.000000000000000000e+00 6.400000000000000355e+00 7.599999999999999645e+00 5.330000000000000071e+00 1.350000000000000000e+01 3.870000000000000107e+00 -1.000000000000000000e+00 8.410000000000000142e+00 9.320000000000000284e+00 -1.000000000000000000e+00
-1.000000000000000000e+00 6.419999999999999929e+00 7.620000000000000107e+00 5.370000000000000107e+00 1.334999999999999964e+01 3.939999999999999947e+00 -1.000000000000000000e+00 8.429999999999999716e+00 9.419999999999999929e+00 3.479999999999999982e+00
-1.000000000000000000e+00 6.410000000000000142e+00 7.599999999999999645e+00 5.320000000000000284e+00 1.330000000000000071e+01 3.859999999999999876e+00 -1.000000000000000000e+00 8.439999999999999503e+00 9.300000000000000711e+00 3.509999999999999787e+00
-1.000000000000000000e+00 6.459999999999999964e+00 7.580000000000000071e+00 5.370000000000000107e+00 1.341999999999999993e+01 3.899999999999999911e+00 -1.000000000000000000e+00 8.410000000000000142e+00 9.400000000000000355e+00 3.459999999999999964e+00
-1.000000000000000000e+00 6.339999999999999858e+00 7.570000000000000284e+00 5.349999999999999645e+00 1.330000000000000071e+01 3.890000000000000124e+00 -1.000000000000000000e+00 8.390000000000000568e+00 9.320000000000000284e+00 3.479999999999999982e+00
-1.000000000000000000e+00 6.360000000000000320e+00 7.610000000000000320e+00 5.379999999999999893e+00 1.334999999999999964e+01 3.879999999999999893e+00 -1.000000000000000000e+00 8.419999999999999929e+00 9.339999999999999858e+00 3.479999999999999982e+00
-1.000000000000000000e+00 6.450000000000000178e+00 7.559999999999999609e+00 5.330000000000000071e+00 1.341000000000000014e+01 3.859999999999999876e+00 -1.000000000000000000e+00 8.480000000000000426e+00 9.359999999999999432e+00 3.479999999999999982e+00
-1.000000000000000000e+00 6.379999999999999893e+00 7.559999999999999609e+00 5.330000000000000071e+00 1.344999999999999929e+01 3.870000000000000107e+00 -1.000000000000000000e+00 8.449999999999999289e+00 9.320000000000000284e+00 3.459999999999999964e+00
-1.000000000000000000e+00 6.400000000000000355e+00 7.570000000000000284e+00 5.339999999999999858e+00 1.378999999999999915e+01 3.899999999999999911e+00 -1.000000000000000000e+00 8.460000000000000853e+00 9.300000000000000711e+00 3.470000000000000195e+00
-1.000000000000000000e+00 6.450000000000000178e+00 7.570000000000000284e+00 5.280000000000000249e+00 1.335999999999999943e+01 3.959999999999999964e+00 -1.000000000000000000e+00 8.400000000000000355e+00 9.359999999999999432e+00 3.470000000000000195e+00
-1.000000000000000000e+00 6.330000000000000071e+00 7.589999999999999858e+00 5.370000000000000107e+00 1.341000000000000014e+01 3.870000000000000107e+00 -1.000000000000000000e+00 8.400000000000000355e+00 9.310000000000000497e+00 3.490000000000000213e+00
-1.000000000000000000e+00 6.440000000000000391e+00 7.610000000000000320e+00 5.379999999999999893e+00 1.338000000000000078e+01 3.890000000000000124e+00 -1.000000000000000000e+00 8.380000000000000782e+00 9.369999999999999218e+00 3.470000000000000195e+00
-1.000000000000000000e+00 6.389999999999999680e+00 7.559999999999999609e+00 5.370000000000000107e+00 1.330000000000000071e+01 3.959999999999999964e+00 -1.000000000000000000e+00 8.390000000000000568e+00 9.339999999999999858e+00 3.450000000000000178e+00
-1.000000000000000000e+00 6.419999999999999929e+00 7.559999999999999609e+00 5.349999999999999645e+00 1.341000000000000014e+01 3.890000000000000124e+00 -1.000000000000000000e+00 8.400000000000000355e+00 9.380000000000000782e+00 3.500000000000000000e+00
-1.000000000000000000e+00 6.459999999999999964e+00 7.570000000000000284e+00 5.299999999999999822e+00 1.341000000000000014e+01 3.850000000000000089e+00 -1.000000000000000000e+00 8.400000000000000355e+00 9.310000000000000497e+00 3.490000000000000213e+00
-1.000000000000000000e+00 6.410000000000000142e+00 7.549999999999999822e+00 5.320000000000000284e+00 1.327999999999999936e+01 3.950000000000000178e+00 -1.000000000000000000e+00 8.429999999999999716e+00 9.339999999999999858e+00 3.479999999999999982e+00
-1.000000000000000000e+00 6.490000000000000213e+00 7.580000000000000071e+00 5.320000000000000284e+00 1.343999999999999950e+01 3.950000000000000178e+00 -1.000000000000000000e+00 8.480000000000000426e+00 9.269999999999999574e+00 3.479999999999999982e+00
-1.000000000000000000e+00 6.349999999999999645e+00 7.559999999999999609e+00 5.349999999999999645e+00 1.335999999999999943e+01 3.850000000000000089e+00 -1.000000000000000000e+00 8.390000000000000568e+00 9.349999999999999645e+00 3.479999999999999982e+00
-1.000000000000000000e+00 6.450000000000000178e+00 7.559999999999999609e+00 5.299999999999999822e+00 1.380000000000000071e+01 3.859999999999999876e+00 -1.000000000000000000e+00 8.349999999999999645e+00 9.310000000000000497e+00 3.500000000000000000e+00
-1.000000000000000000e+00 6.450000000000000178e+00 7.620000000000000107e+00 5.360000000000000320e+00 1.336999999999999922e+01 3.930000000000000160e+00 -1.000000000000000000e+00 8.470000000000000639e+00 9.320000000000000284e+00 3.459999999999999964e+00
-1.000000000000000000e+00 6.450000000000000178e+00 7.570000000000000284e+00 5.379999999999999893e+00 1.333000000000000007e+01 3.850000000000000089e+00 -1.000000000000000000e+00 8.490000000000000213e+00 9.349999999999999645e+00 3.490000000000000213e+00
-1.000000000000000000e+00 6.370000000000000107e+00 7.559999999999999609e+00 5.339999999999999858e+00 1.333000000000000007e+01 3.879999999999999893e+00 -1.000000000000000000e+00 8.449999999999999289e+00 9.330000000000000071e+00 3.479999999999999982e+00
-1.000000000000000000e+00 6.450000000000000178e+00 7.549999999999999822e+00 5.330000000000000071e+00 1.342999999999999972e+01 3.859999999999999876e+00 -1.000000000000000000e+00 8.400000000000000355e+00 9.320000000000000284e+00 3.500000000000000000e+00
-1.000000000000000000e+00 6.440000000000000391e+00 7.620000000000000107e+00 5.349999999999999645e+00 1.336999999999999922e+01 3.879999999999999893e+00 -1.000000000000000000e+00 8.410000000000000142e+00 9.300000000000000711e+00 3.470000000000000195e+00
-1.000000000000000000e+00 6.450000000000000178e+00 7.570000000000000284e+00 5.370000000000000107e+00 1.341999999999999993e+01 3.930000000000000160e+00 -1.000000000000000000e+00 8.320000000000000284e+00 9.310000000000000497e+00 3.470000000000000195e+00
-1.000000000000000000e+00 6.440000000000000391e+00 7.610000000000000320e+00 5.320000000000000284e+00 1.338000000000000078e+01 3.879999999999999893e+00 -1.000000000000000000e+00 8.439999999999999503e+00 9.310000000000000497e+00 3.479999999999999982e+00
-1.000000000000000000e+00 6.400000000000000355e+00 7.629999999999999893e+00 5.330000000000000071e+00 1.339000000000000057e+01 3.899999999999999911e+00 -1.000000000000000000e+00 8.480000000000000426e+00 9.390000000000000568e+00 3.500000000000000000e+00
-1.000000000000000000e+00 6.480000000000000426e+00 7.570000000000000284e+00 5.330000000000000071e+00 1.336999999999999922e+01 3.859999999999999876e+00 -1.000000000000000000e+00 8.330000000000000071e+00 9.390000000000000568e+00 3.509999999999999787e+00
-1.000000000000000000e+00 6.459999999999999964e+00 7.570000000000000284e+00 5.339999999999999858e+00 1.326999999999999957e+01 3.890000000000000124e+00 -1.000000000000000000e+00 8.419999999999999929e+00 9.300000000000000711e+00 3.479999999999999982e+00
-1.000000000000000000e+00 6.480000000000000426e+00 7.570000000000000284e+00 5.299999999999999822e+00 1.325000000000000000e+01 3.919999999999999929e+00 -1.000000000000000000e+00 8.429999999999999716e+00 9.339999999999999858e+00 3.479999999999999982e+00
-1.000000000000000000e+00 6.480000000000000426e+00 7.580000000000000071e+00 5.360000000000000320e+00 1.336999999999999922e+01 3.859999999999999876e+00 -1.000000000000000000e+00 8.460000000000000853e+00 9.380000000000000782e+00 3.470000000000000195e+00
-1.000000000000000000e+00 6.459999999999999964e+00 7.639999999999999680e+00 5.309999999999999609e+00 1.330000000000000071e+01 3.899999999999999911e+00 -1.000000000000000000e+00 8.359999999999999432e+00 9.369999999999999218e+00 3.479999999999999982e+00
-1.000000000000000000e+00 6.429999999999999716e+00 7.559999999999999609e+00 5.360000000000000320e+00 1.341999999999999993e+01 3.859999999999999876e+00 -1.000000000000000000e+00 8.439999999999999503e+00 9.339999999999999858e+00 3.459999999999999964e+00
-1.000000000000000000e+00 6.450000000000000178e+00 7.580000000000000071e+00 5.349999999999999645e+00 1.327999999999999936e+01 3.939999999999999947e+00 -1.000000000000000000e+00 8.400000000000000355e+00 9.339999999999999858e+00 3.470000000000000195e+00
-1.000000000000000000e+00 6.480000000000000426e+00 7.570000000000000284e+00 5.379999999999999893e+00 1.341999999999999993e+01 3.870000000000000107e+00 -1.000000000000000000e+00 8.410000000000000142e+00 9.300000000000000711e+00 3.490000000000000213e+00
-1.000000000000000000e+00 6.389999999999999680e+00 7.540000000000000036e+00 5.349999999999999645e+00 1.334999999999999964e+01 3.850000000000000089e+00 -1.000000000000000000e+00 8.429999999999999716e+00 9.380000000000000782e+00 3.459999999999999964e+00
-1.000000000000000000e+00 6.440000000000000391e+00 7.580000000000000071e+00 5.339999999999999858e+00 1.340000000000000036e+01 3.879999999999999893e+00 -1.000000000000000000e+00 8.449999999999999289e+00 9.330000000000000071e+00 3.490000000000000213e+00
-1.000000000000000000e+00 6.450000000000000178e+00 7.570000000000000284e+00 5.299999999999999822e+00 1.341000000000000014e+01 3.870000000000000107e+00 -1.000000000000000000e+00 8.380000000000000782e+00 9.369999999999999218e+00 3.470000000000000195e+00
-1.000000000000000000e+00 6.469999999999999751e+00 7.540000000000000036e+00 5.330000000000000071e+00 1.341000000000000014e+01 3.899999999999999911e+00 -1.000000000000000000e+00 8.439999999999999503e+00 9.300000000000000711e+00 3.509999999999999787e+00
-1.000000000000000000e+00 6.419999999999999929e+00 7.549999999999999822e+00 -1.000000000000000000e+00 1.333000000000000007e+01 3.970000000000000195e+00 -1.000000000000000000e+00 8.380000000000000782e+00 9.390000000000000568e+00 3.509999999999999787e+00
-1.000000000000000000e+00 6.459999999999999964e+00 7.580000000000000071e+00 5.320000000000000284e+00 1.341000000000000014e+01 3.870000000000000107e+00 -1.000000000000000000e+00 8.369999999999999218e+00 9.369999999999999218e+00 3.479999999999999982e+00
-1.000000000000000000e+00 6.480000000000000426e+00 7.620000000000000107e+00 5.370000000000000107e+00 1.335999999999999943e+01 3.850000000000000089e+00 -1.000000000000000000e+00 8.359999999999999432e+00 9.369999999999999218e+00 3.450000000000000178e+00
-1.000000000000000000e+00 6.490000000000000213e+00 7.570000000000000284e+00 5.330000000000000071e+00 1.328999999999999915e+01 3.899999999999999911e+00 -1.000000000000000000e+00 8.449999999999999289e+00 9.349999999999999645e+00 3.459999999999999964e+00
-1.000000000000000000e+00 6.429999999999999716e+00 7.530000000000000249e+00 5.309999999999999609e+00 1.332000000000000028e+01 3.850000000000000089e+00 -1.000000000000000000e+00 8.439999999999999503e+00 9.339999999999999858e+00 3.470000000000000195e+00
-1.000000000000000000e+00 6.549999999999999822e+00 7.559999999999999609e+00 5.290000000000000036e+00 1.335999999999999943e+01 3.910000000000000142e+00 -1.000000000000000000e+00 8.449999999999999289e+00 9.369999999999999218e+00 3.439999999999999947e+00
-1.000000000000000000e+00 6.440000000000000391e+00 7.610000000000000320e+00 5.389999999999999680e+00 1.335999999999999943e+01 3.890000000000000124e+00 -1.000000000000000000e+00 8.390000000000000568e+00 9.380000000000000782e+00 3.500000000000000000e+00
-1.000000000000000000e+00 6.459999999999999964e+00 7.589999999999999858e+00 5.299999999999999822e+00 1.330000000000000071e+01 3.870000000000000107e+00 -1.000000000000000000e+00 8.449999999999999289e+00 9.449999999999999289e+00 3.479999999999999982e+00
-1.000000000000000000e+00 6.469999999999999751e+00 7.610000000000000320e+00 5.330000000000000071e+00 1.341000000000000014e+01 3.890000000000000124e+00 -1.000000000000000000e+00 8.410000000000000142e+00 9.310000000000000497e+00 3.490000000000000213e+00
-1.000000000000000000e+00 6.459999999999999964e+00 7.620000000000000107e+00 5.339999999999999858e+00 1.341999999999999993e+01 3.930000000000000160e+00 -1.000000000000000000e+00 8.439999999999999503e+00 9.330000000000000071e+00 3.459999999999999964e+00
-1.000000000000000000e+00 6.450000000000000178e+00 7.580000000000000071e+00 5.320000000000000284e+00 1.339000000000000057e+01 3.939999999999999947e+00 -1.000000000000000000e+00 8.429999999999999716e+00 9.349999999999999645e+00 3.490000000000000213e+00
-1.000000000000000000e+00 6.469999999999999751e+00 7.559999999999999609e+00 5.360000000000000320e+00 1.341999999999999993e+01 3.879999999999999893e+00 -1.000000000000000000e+00 8.439999999999999503e+00 9.300000000000000711e+00 3.490000000000000213e+00
-1.000000000000000000e+00 6.500000000000000000e+00 7.570000000000000284e+00 5.330000000000000071e+00 1.332000000000000028e+01 3.870000000000000107e+00 -1.000000000000000000e+00 8.390000000000000568e+00 9.279999999999999361e+00 3.479999999999999982e+00
-1.000000000000000000e+00 6.419999999999999929e+00 7.599999999999999645e+00 5.339999999999999858e+00 1.333000000000000007e+01 3.899999999999999911e+00 -1.000000000000000000e+00 8.369999999999999218e+00 9.330000000000000071e+00 3.490000000000000213e+00
-1.000000000000000000e+00 6.389999999999999680e+00 7.530000000000000249e+00 5.299999999999999822e+00 1.338000000000000078e+01 3.870000000000000107e+00 -1.000000000000000000e+00 8.369999999999999218e+00 9.320000000000000284e+00 3.490000000000000213e+00
-1.000000000000000000e+00 6.330000000000000071e+00 7.589999999999999858e+00 5.290000000000000036e+00 1.335999999999999943e+01 3.899999999999999911e+00 -1.000000000000000000e+00 8.429999999999999716e+00 9.330000000000000071e+00 3.470000000000000195e+00
-1.000000000000000000e+00 6.450000000000000178e+00 7.570000000000000284e+00 5.330000000000000071e+00 1.336999999999999922e+01 3.930000000000000160e+00 -1.000000000000000000e+00 8.439999999999999503e+00 9.400000000000000355e+00 3.459999999999999964e+00
-1.000000000000000000e+00 6.459999999999999964e+00 7.570000000000000284e+00 -1.000000000000000000e+00 1.340000000000000036e+01 3.839999999999999858e+00 -1.000000000000000000e+00 8.410000000000000142e+00 9.339999999999999858e+00 3.529999999999999805e+00
-1.000000000000000000e+00 6.480000000000000426e+00 7.519999999999999574e+00 5.339999999999999858e+00 1.339000000000000057e+01 3.910000000000000142e+00 -1.000000000000000000e+00 8.490000000000000213e+00 9.410000000000000142e+00 3.450000000000000178e+00
-1.000000000000000000e+00 6.459999999999999964e+00 7.540000000000000036e+00 5.320000000000000284e+00 1.333999999999999986e+01 3.859999999999999876e+00 -1.000000000000000000e+00 8.490000000000000213e+00 9.330000000000000071e+00 3.470000000000000195e+00
-1.000000000000000000e+00 6.400000000000000355e+00 7.570000000000000284e+00 5.370000000000000107e+00 1.342999999999999972e+01 3.899999999999999911e+00 -1.000000000000000000e+00 8.419999999999999929e+00 9.369999999999999218e+00 3.479999999999999982e+00
-1.000000000000000000e+00 6.360000000000000320e+00 7.589999999999999858e+00 5.339999999999999858e+00 1.330000000000000071e+01 3.870000000000000107e+00 -1.000000000000000000e+00 8.410000000000000142e+00 9.339999999999999858e+00 3.500000000000000000e+00
-1.000000000000000000e+00 6.419999999999999929e+00 7.589999999999999858e+00 5.339999999999999858e+00 1.334999999999999964e+01 3.910000000000000142e+00 -1.000000000000000000e+00 8.439999999999999503e+00 9.369999999999999218e+00 3.470000000000000195e+00
-1.000000000000000000e+00 6.419999999999999929e+00 7.559999999999999609e+00 5.379999999999999893e+00 1.338000000000000078e+01 3.870000000000000107e+00 -1.000000000000000000e+00 8.369999999999999218e+00 9.390000000000000568e+00 3.479999999999999982e+00
-1.000000000000000000e+00 6.459999999999999964e+00 7.559999999999999609e+00 5.330000000000000071e+00 1.333999999999999986e+01 3.899999999999999911e+00 -1.000000000000000000e+00 8.400000000000000355e+00 9.380000000000000782e+00 3.490000000000000213e+00
-1.000000000000000000e+00 6.419999999999999929e+00 7.570000000000000284e+00 5.330000000000000071e+00 1.331000000000000050e+01 3.890000000000000124e+00 -1.000000000000000000e+00 8.480000000000000426e+00 9.400000000000000355e+00 3.479999999999999982e+00
-1.000000000000000000e+00 6.459999999999999964e+00 7.589999999999999858e+00 5.349999999999999645e+00 1.332000000000000028e+01 3.899999999999999911e+00 -1.000000000000000000e+00 8.449999999999999289e+00 9.310000000000000497e+00 3.490000000000000213e+00
-1.000000000000000000e+00 6.440000000000000391e+00 7.509999999999999787e+00 5.339999999999999858e+00 1.336999999999999922e+01 3.910000000000000142e+00 -1.000000000000000000e+00 8.320000000000000284e+00 9.439999999999999503e+00 3.479999999999999982e+00
-1.000000000000000000e+00 6.480000000000000426e+00 7.589999999999999858e+00 5.339999999999999858e+00 1.335999999999999943e+01 3.859999999999999876e+00 -1.000000000000000000e+00 8.400000000000000355e+00 9.289999999999999147e+00 3.470000000000000195e+00
-1.000000000000000000e+00 6.440000000000000391e+00 7.580000000000000071e+00 5.339999999999999858e+00 1.341000000000000014e+01 3.879999999999999893e+00 -1.000000000000000000e+00 8.369999999999999218e+00 9.349999999999999645e+00 3.490000000000000213e+00
-1.000000000000000000e+00 6.459999999999999964e+00 7.589999999999999858e+00 5.339999999999999858e+00 1.344999999999999929e+01 3.939999999999999947e+00 -1.000000000000000000e+00 8.470000000000000639e+00 9.349999999999999645e+00 3.500000000000000000e+00
-1.000000000000000000e+00 6.450000000000000178e+00 7.549999999999999822e+00 5.360000000000000320e+00 1.348000000000000043e+01 3.959999999999999964e+00 -1.000000000000000000e+00 8.390000000000000568e+00 9.349999999999999645e+00 3.479999999999999982e+00
-1.000000000000000000e+00 6.410000000000000142e+00 7.580000000000000071e+00 5.330000000000000071e+00 1.335999999999999943e+01 3.870000000000000107e+00 -1.000000000000000000e+00 8.490000000000000213e+00 9.349999999999999645e+00 3.490000000000000213e+00
-1.000000000000000000e+00 6.419999999999999929e+00 7.509999999999999787e+00 5.320000000000000284e+00 1.341999999999999993e+01 3.870000000000000107e+00 -1.000000000000000000e+00 8.390000000000000568e+00 9.310000000000000497e+00 3.490000000000000213e+00
-1.000000000000000000e+00 6.370000000000000107e+00 7.549999999999999822e+00 5.349999999999999645e+00 1.350999999999999979e+01 3.939999999999999947e+00 -1.000000000000000000e+00 8.400000000000000355e+00 9.339999999999999858e+00 3.479999999999999982e+00
-1.000000000000000000e+00 6.440000000000000391e+00 7.610000000000000320e+00 5.330000000000000071e+00 1.338000000000000078e+01 3.939999999999999947e+00 -1.000000000000000000e+00 8.439999999999999503e+00 9.330000000000000071e+00 3.490000000000000213e+00
-1.000000000000000000e+00 6.400000000000000355e+00 7.559999999999999609e+00 5.309999999999999609e+00 1.341000000000000014e+01 3.910000000000000142e+00 -1.000000000000000000e+00 8.369999999999999218e+00 9.369999999999999218e+00 3.450000000000000178e+00
-1.000000000000000000e+00 6.440000000000000391e+00 7.580000000000000071e+00 5.360000000000000320e+00 1.340000000000000036e+01 3.939999999999999947e+00 -1.000000000000000000e+00 8.449999999999999289e+00 9.330000000000000071e+00 3.500000000000000000e+00
-1.000000000000000000e+00 6.459999999999999964e+00 7.639999999999999680e+00 5.259999999999999787e+00 1.333999999999999986e+01 3.859999999999999876e+00 -1.000000000000000000e+00 8.330000000000000071e+00 9.359999999999999432e+00 3.479999999999999982e+00
-1.000000000000000000e+00 6.419999999999999929e+00 7.559999999999999609e+00 5.370000000000000107e+00 1.342999999999999972e+01 3.850000000000000089e+00 -1.000000000000000000e+00 8.369999999999999218e+00 9.359999999999999432e+00 3.490000000000000213e+00
-1.000000000000000000e+00 6.469999999999999751e+00 7.570000000000000284e+00 5.370000000000000107e+00 1.333999999999999986e+01 3.910000000000000142e+00 -1.000000000000000000e+00 8.460000000000000853e+00 9.330000000000000071e+00 3.450000000000000178e+00
-1.000000000000000000e+00 6.429999999999999716e+00 7.559999999999999609e+00 5.349999999999999645e+00 1.335999999999999943e+01 3.890000000000000124e+00 -1.000000000000000000e+00 8.460000000000000853e+00 9.410000000000000142e+00 3.459999999999999964e+00
-1.000000000000000000e+00 6.440000000000000391e+00 7.580000000000000071e+00 5.320000000000000284e+00 1.325000000000000000e+01 3.899999999999999911e+00 -1.000000000000000000e+00 8.390000000000000568e+00 9.330000000000000071e+00 3.479999999999999982e+00
-1.000000000000000000e+00 6.360000000000000320e+00 7.570000000000000284e+00 5.379999999999999893e+00 1.341000000000000014e+01 3.879999999999999893e+00 -1.000000000000000000e+00 8.410000000000000142e+00 9.349999999999999645e+00 3.490000000000000213e+00
-1.000000000000000000e+00 6.450000000000000178e+00 7.610000000000000320e+00 -1.000000000000000000e+00 1.334999999999999964e+01 3.879999999999999893e+00 -1.000000000000000000e+00 8.410000000000000142e+00 9.310000000000000497e+00 3.490000000000000213e+00
