-1.000000000000000000e+00 -1.000000000000000000e+00 -1.000000000000000000e+00 -1.000000000000000000e+00 -1.000000000000000000e+00 -1.000000000000000000e+00 -1.000000000000000000e+00 -1.000000000000000000e+00 -1.000000000000000000e+00 -1.000000000000000000e+00
-1.000000000000000000e+00 7.610000000000000320e+00 6.440000000000000391e+00 3.540000000000000036e+00 1.347000000000000064e+01 -1.000000000000000000e+00 -1.000000000000000000e+00 9.380000000000000782e+00 8.550000000000000711e+00 5.589999999999999858e+00
-1.000000000000000000e+00 7.620000000000000107e+00 6.530000000000000249e+00 3.589999999999999858e+00 1.355000000000000071e+01 -1.000000000000000000e+00 -1.000000000000000000e+00 9.439999999999999503e+00 8.550000000000000711e+00 5.740000000000000213e+00
-1.000000000000000000e+00 7.650000000000000355e+00 6.459999999999999964e+00 3.500000000000000000e+00 -1.000000000000000000e+00 -1.000000000000000000e+00 -1.000000000000000000e+00 9.410000000000000142e+00 8.550000000000000711e+00 5.799999999999999822e+00
-1.000000000000000000e+00 7.650000000000000355e+00 6.490000000000000213e+00 3.509999999999999787e+00 1.343999999999999950e+01 -1.000000000000000000e+00 -1.000000000000000000e+00 9.480000000000000426e+00 8.490000000000000213e+00 5.559999999999999609e+00
-1.000000000000000000e+00 7.570000000000000284e+00 6.469999999999999751e+00 3.560000000000000053e+00 -1.000000000000000000e+00 -1.000000000000000000e+00 -1.000000000000000000e+00 9.439999999999999503e+00 8.550000000000000711e+00 5.799999999999999822e+00
-1.000000000000000000e+00 7.610000000000000320e+00 6.469999999999999751e+00 3.520000000000000018e+00 1.346000000000000085e+01 -1.000000000000000000e+00 -1.000000000000000000e+00 9.369999999999999218e+00 8.550000000000000711e+00 5.849999999999999645e+00
-1.000000000000000000e+00 7.629999999999999893e+00 6.459999999999999964e+00 3.549999999999999822e+00 1.351999999999999957e+01 -1.000000000000000000e+00 -1.000000000000000000e+00 9.429999999999999716e+00 8.500000000000000000e+00 5.750000000000000000e+00
-1.000000000000000000e+00 7.570000000000000284e+00 6.440000000000000391e+00 3.540000000000000036e+00 1.357000000000000028e+01 -1.000000000000000000e+00 -1.000000000000000000e+00 9.429999999999999716e+00 8.560000000000000497e+00 5.799999999999999822e+00
-1.000000000000000000e+00 7.519999999999999574e+00 6.509999999999999787e+00 3.580000000000000071e+00 -1.000000000000000000e+00 -1.000000000000000000e+00 -1.000000000000000000e+00 9.470000000000000639e+00 8.500000000000000000e+00 5.360000000000000320e+00
-1.000000000000000000e+00 7.580000000000000071e+00 6.480000000000000426e+00 3.509999999999999787e+00 1.346000000000000085e+01 -1.000000000000000000e+00 -1.000000000000000000e+00 9.490000000000000213e+00 8.550000000000000711e+00 5.730000000000000426e+00
-1.000000000000000000e+00 7.549999999999999822e+00 6.540000000000000036e+00 3.569999999999999840e+00 -1.000000000000000000e+00 -1.000000000000000000e+00 -1.000000000000000000e+00 9.460000000000000853e+00 8.589999999999999858e+00 5.839999999999999858e+00
-1.000000000000000000e+00 7.589999999999999858e+00 6.500000000000000000e+00 3.520000000000000018e+00 1.358999999999999986e+01 -1.000000000000000000e+00 -1.000000000000000000e+00 9.390000000000000568e+00 8.509999999999999787e+00 5.809999999999999609e+00
-1.000000000000000000e+00 7.599999999999999645e+00 6.440000000000000391e+00 3.560000000000000053e+00 1.343999999999999950e+01 -1.000000000000000000e+00 -1.000000000000000000e+00 9.419999999999999929e+00 8.580000000000000071e+00 5.809999999999999609e+00
-1.000000000000000000e+00 7.559999999999999609e+00 6.509999999999999787e+00 3.540000000000000036e+00 -1.000000000000000000e+00 -1.000000000000000000e+00 -1.000000000000000000e+00 9.390000000000000568e+00 8.539999999999999147e+00 5.589999999999999858e+00
-1.000000000000000000e+00 7.639999999999999680e+00 6.490000000000000213e+00 3.459999999999999964e+00 1.428999999999999915e+01 -1.000000000000000000e+00 -1.000000000000000000e+00 9.470000000000000639e+00 8.560000000000000497e+00 5.769999999999999574e+00
-1.000000000000000000e+00 7.580000000000000071e+00 6.480000000000000426e+00 3.529999999999999805e+00 1.428999999999999915e+01 -1.000000000000000000e+00 -1.000000000000000000e+00 9.439999999999999503e+00 8.570000000000000284e+00 5.799999999999999822e+00
-1.000000000000000000e+00 7.570000000000000284e+00 6.450000000000000178e+00 3.540000000000000036e+00 1.350000000000000000e+01 -1.000000000000000000e+00 -1.000000000000000000e+00 9.480000000000000426e+00 8.560000000000000497e+00 5.750000000000000000e+00
-1.000000000000000000e+00 7.589999999999999858e+00 6.459999999999999964e+00 3.549999999999999822e+00 1.351999999999999957e+01 -1.000000000000000000e+00 -1.000000000000000000e+00 9.500000000000000000e+00 8.500000000000000000e+00 5.799999999999999822e+00
-1.000000000000000000e+00 7.549999999999999822e+00 6.509999999999999787e+00 3.540000000000000036e+00 1.435999999999999943e+01 -1.000000000000000000e+00 -1.000000000000000000e+00 9.339999999999999858e+00 8.550000000000000711e+00 5.790000000000000036e+00
-1.000000000000000000e+00 7.559999999999999609e+00 6.519999999999999574e+00 3.509999999999999787e+00 1.430000000000000071e+01 -1.000000000000000000e+00 -1.000000000000000000e+00 9.449999999999999289e+00 8.550000000000000711e+00 5.709999999999999964e+00
-1.000000000000000000e+00 7.589999999999999858e+00 6.469999999999999751e+00 3.540000000000000036e+00 1.341000000000000014e+01 -1.000000000000000000e+00 -1.000000000000000000e+00 9.449999999999999289e+00 8.539999999999999147e+00 5.839999999999999858e+00
-1.000000000000000000e+00 7.540000000000000036e+00 6.490000000000000213e+00 3.490000000000000213e+00 1.343999999999999950e+01 -1.000000000000000000e+00 -1.000000000000000000e+00 9.429999999999999716e+00 8.500000000000000000e+00 5.799999999999999822e+00
-1.000000000000000000e+00 7.599999999999999645e+00 6.450000000000000178e+00 3.500000000000000000e+00 1.432000000000000028e+01 -1.000000000000000000e+00 -1.000000000000000000e+00 9.410000000000000142e+00 8.570000000000000284e+00 5.780000000000000249e+00
-1.000000000000000000e+00 7.519999999999999574e+00 6.459999999999999964e+00 3.560000000000000053e+00 1.343999999999999950e+01 -1.000000000000000000e+00 -1.000000000000000000e+00 9.349999999999999645e+00 8.550000000000000711e+00 5.780000000000000249e+00
-1.000000000000000000e+00 7.559999999999999609e+00 6.459999999999999964e+00 3.509999999999999787e+00 1.425999999999999979e+01 -1.000000000000000000e+00 -1.000000000000000000e+00 9.439999999999999503e+00 8.539999999999999147e+00 5.540000000000000036e+00
-1.000000000000000000e+00 7.660000000000000142e+00 6.500000000000000000e+00 3.490000000000000213e+00 1.439000000000000057e+01 -1.000000000000000000e+00 -1.000000000000000000e+00 9.419999999999999929e+00 8.589999999999999858e+00 5.790000000000000036e+00
-1.000000000000000000e+00 7.660000000000000142e+00 6.450000000000000178e+00 3.509999999999999787e+00 1.352999999999999936e+01 -1.000000000000000000e+00 -1.000000000000000000e+00 9.449999999999999289e+00 8.550000000000000711e+00 5.839999999999999858e+00
-1.000000000000000000e+00 7.559999999999999609e+00 6.530000000000000249e+00 3.479999999999999982e+00 1.432000000000000028e+01 -1.000000000000000000e+00 -1.000000000000000000e+00 9.439999999999999503e+00 8.529999999999999361e+00 5.740000000000000213e+00
-1.000000000000000000e+00 7.610000000000000320e+00 6.459999999999999964e+00 3.560000000000000053e+00 1.351999999999999957e+01 -1.000000000000000000e+00 -1.000000000000000000e+00 9.400000000000000355e+00 8.539999999999999147e+00 5.750000000000000000e+00
-1.000000000000000000e+00 7.509999999999999787e+00 6.509999999999999787e+00 3.500000000000000000e+00 1.352999999999999936e+01 -1.000000000000000000e+00 -1.000000000000000000e+00 9.410000000000000142e+00 8.570000000000000284e+00 5.669999999999999929e+00
-1.000000000000000000e+00 7.559999999999999609e+00 6.419999999999999929e+00 3.600000000000000089e+00 1.349000000000000021e+01 -1.000000000000000000e+00 -1.000000000000000000e+00 9.490000000000000213e+00 8.519999999999999574e+00 5.559999999999999609e+00
-1.000000000000000000e+00 7.580000000000000071e+00 6.469999999999999751e+00 3.560000000000000053e+00 1.348000000000000043e+01 -1.000000000000000000e+00 -1.000000000000000000e+00 9.429999999999999716e+00 8.509999999999999787e+00 5.429999999999999716e+00
-1.000000000000000000e+00 7.589999999999999858e+00 6.469999999999999751e+00 3.479999999999999982e+00 1.341999999999999993e+01 -1.000000000000000000e+00 -1.000000000000000000e+00 9.439999999999999503e+00 8.619999999999999218e+00 5.570000000000000284e+00
-1.000000000000000000e+00 7.610000000000000320e+00 6.450000000000000178e+00 -1.000000000000000000e+00 -1.000000000000000000e+00 -1.000000000000000000e+00 -1.000000000000000000e+00 9.439999999999999503e+00 8.550000000000000711e+00 5.870000000000000107e+00
-1.000000000000000000e+00 7.660000000000000142e+00 6.459999999999999964e+00 3.509999999999999787e+00 -1.000000000000000000e+00 -1.000000000000000000e+00 -1.000000000000000000e+00 9.410000000000000142e+00 8.519999999999999574e+00 5.809999999999999609e+00
-1.000000000000000000e+00 7.599999999999999645e+00 6.500000000000000000e+00 3.459999999999999964e+00 -1.000000000000000000e+00 -1.000000000000000000e+00 -1.000000000000000000e+00 9.460000000000000853e+00 8.550000000000000711e+00 5.769999999999999574e+00
-1.000000000000000000e+00 7.580000000000000071e+00 6.509999999999999787e+00 3.509999999999999787e+00 1.352999999999999936e+01 -1.000000000000000000e+00 -1.000000000000000000e+00 9.410000000000000142e+00 8.570000000000000284e+00 5.790000000000000036e+00
-1.000000000000000000e+00 7.570000000000000284e+00 6.509999999999999787e+00 3.560000000000000053e+00 1.352999999999999936e+01 -1.000000000000000000e+00 -1.000000000000000000e+00 9.429999999999999716e+00 8.480000000000000426e+00 5.799999999999999822e+00
-1.000000000000000000e+00 7.580000000000000071e+00 6.450000000000000178e+00 3.509999999999999787e+00 -1.000000000000000000e+00 -1.000000000000000000e+00 -1.000000000000000000e+00 9.390000000000000568e+00 8.509999999999999787e+00 5.719999999999999751e+00
-1.000000000000000000e+00 7.610000000000000320e+00 6.490000000000000213e+00 3.509999999999999787e+00 1.355000000000000071e+01 -1.000000000000000000e+00 -1.000000000000000000e+00 9.390000000000000568e+00 8.609999999999999432e+00 5.500000000000000000e+00
-1.000000000000000000e+00 7.599999999999999645e+00 6.440000000000000391e+00 3.500000000000000000e+00 1.350999999999999979e+01 -1.000000000000000000e+00 -1.000000000000000000e+00 9.369999999999999218e+00 8.560000000000000497e+00 5.629999999999999893e+00
-1.000000000000000000e+00 7.639999999999999680e+00 6.450000000000000178e+00 3.569999999999999840e+00 1.433999999999999986e+01 -1.000000000000000000e+00 -1.000000000000000000e+00 9.460000000000000853e+00 8.529999999999999361e+00 5.519999999999999574e+00
-1.000000000000000000e+00 7.599999999999999645e+00 6.509999999999999787e+00 3.470000000000000195e+00 1.433999999999999986e+01 -1.000000000000000000e+00 -1.000000000000000000e+00 9.439999999999999503e+00 8.550000000000000711e+00 5.589999999999999858e+00
-1.000000000000000000e+00 7.589999999999999858e+00 6.509999999999999787e+00 3.529999999999999805e+00 1.430000000000000071e+01 -1.000000000000000000e+00 -1.000000000000000000e+00 9.369999999999999218e+00 8.519999999999999574e+00 5.790000000000000036e+00
-1.000000000000000000e+00 7.570000000000000284e+00 6.480000000000000426e+00 3.479999999999999982e+00 -1.000000000000000000e+00 -1.000000000000000000e+00 -1.000000000000000000e+00 9.419999999999999929e+00 8.529999999999999361e+00 5.849999999999999645e+00
-1.000000000000000000e+00 7.589999999999999858e+00 6.440000000000000391e+00 3.490000000000000213e+00 1.338000000000000078e+01 -1.000000000000000000e+00 -1.000000000000000000e+00 9.449999999999999289e+00 8.580000000000000071e+00 5.830000000000000071e+00
-1.000000000000000000e+00 7.660000000000000142e+00 6.450000000000000178e+00 3.560000000000000053e+00 1.344999999999999929e+01 -1.000000000000000000e+00 -1.000000000000000000e+00 9.410000000000000142e+00 8.500000000000000000e+00 5.879999999999999893e+00
-1.000000000000000000e+00 7.620000000000000107e+00 6.500000000000000000e+00 3.540000000000000036e+00 1.350999999999999979e+01 -1.000000000000000000e+00 -1.000000000000000000e+00 9.369999999999999218e+00 8.550000000000000711e+00 5.879999999999999893e+00
-1.000000000000000000e+00 7.500000000000000000e+00 6.480000000000000426e+00 3.580000000000000071e+00 1.356000000000000050e+01 -1.000000000000000000e+00 -1.000000000000000000e+00 9.449999999999999289e+00 8.560000000000000497e+00 5.719999999999999751e+00
-1.000000000000000000e+00 7.519999999999999574e+00 6.480000000000000426e+00 3.529999999999999805e+00 -1.000000000000000000e+00 -1.000000000000000000e+00 -1.000000000000000000e+00 9.380000000000000782e+00 8.560000000000000497e+00 5.730000000000000426e+00
-1.000000000000000000e+00 7.589999999999999858e+00 6.500000000000000000e+00 3.540000000000000036e+00 1.338000000000000078e+01 -1.000000000000000000e+00 -1.000000000000000000e+00 9.400000000000000355e+00 8.550000000000000711e+00 5.809999999999999609e+00
-1.000000000000000000e+00 7.730000000000000426e+00 6.469999999999999751e+00 3.529999999999999805e+00 1.397000000000000064e+01 -1.000000000000000000e+00 -1.000000000000000000e+00 9.460000000000000853e+00 8.550000000000000711e+00 5.799999999999999822e+00
-1.000000000000000000e+00 7.570000000000000284e+00 6.459999999999999964e+00 3.529999999999999805e+00 1.350999999999999979e+01 -1.000000000000000000e+00 -1.000000000000000000e+00 9.439999999999999503e+00 8.570000000000000284e+00 5.799999999999999822e+00
-1.000000000000000000e+00 7.509999999999999787e+00 6.469999999999999751e+00 3.569999999999999840e+00 -1.000000000000000000e+00 -1.000000000000000000e+00 -1.000000000000000000e+00 9.390000000000000568e+00 8.560000000000000497e+00 5.809999999999999609e+00
-1.000000000000000000e+00 7.650000000000000355e+00 6.519999999999999574e+00 3.459999999999999964e+00 1.343999999999999950e+01 -1.000000000000000000e+00 -1.000000000000000000e+00 9.419999999999999929e+00 8.550000000000000711e+00 5.709999999999999964e+00
-1.000000000000000000e+00 7.599999999999999645e+00 6.459999999999999964e+00 3.560000000000000053e+00 1.336999999999999922e+01 -1.000000000000000000e+00 -1.000000000000000000e+00 9.460000000000000853e+00 8.580000000000000071e+00 5.809999999999999609e+00
-1.000000000000000000e+00 7.549999999999999822e+00 6.530000000000000249e+00 3.540000000000000036e+00 -1.000000000000000000e+00 -1.000000000000000000e+00 -1.000000000000000000e+00 9.419999999999999929e+00 8.509999999999999787e+00 5.679999999999999716e+00
-1.000000000000000000e+00 7.629999999999999893e+00 6.490000000000000213e+00 3.540000000000000036e+00 -1.000000000000000000e+00 -1.000000000000000000e+00 -1.000000000000000000e+00 9.449999999999999289e+00 8.580000000000000071e+00 5.790000000000000036e+00
-1.000000000000000000e+00 7.629999999999999893e+00 6.410000000000000142e+00 3.520000000000000018e+00 1.341000000000000014e+01 -1.000000000000000000e+00 -1.000000000000000000e+00 9.410000000000000142e+00 8.550000000000000711e+00 5.799999999999999822e+00
-1.000000000000000000e+00 7.509999999999999787e+00 6.490000000000000213e+00 3.560000000000000053e+00 1.426999999999999957e+01 -1.000000000000000000e+00 -1.000000000000000000e+00 9.419999999999999929e+00 8.529999999999999361e+00 5.509999999999999787e+00
-1.000000000000000000e+00 7.570000000000000284e+00 6.500000000000000000e+00 3.509999999999999787e+00 -1.000000000000000000e+00 -1.000000000000000000e+00 -1.000000000000000000e+00 9.429999999999999716e+00 8.550000000000000711e+00 5.799999999999999822e+00
-1.000000000000000000e+00 7.620000000000000107e+00 6.500000000000000000e+00 3.399999999999999911e+00 1.426999999999999957e+01 -1.000000000000000000e+00 -1.000000000000000000e+00 9.419999999999999929e+00 8.570000000000000284e+00 5.790000000000000036e+00
-1.000000000000000000e+00 7.549999999999999822e+00 6.500000000000000000e+00 3.549999999999999822e+00 1.339000000000000057e+01 -1.000000000000000000e+00 -1.000000000000000000e+00 9.449999999999999289e+00 8.580000000000000071e+00 5.780000000000000249e+00
-1.000000000000000000e+00 7.599999999999999645e+00 6.469999999999999751e+00 3.490000000000000213e+00 1.348000000000000043e+01 -1.000000000000000000e+00 -1.000000000000000000e+00 9.449999999999999289e+00 8.539999999999999147e+00 5.519999999999999574e+00
-1.000000000000000000e+00 7.549999999999999822e+00 6.459999999999999964e+00 3.540000000000000036e+00 1.355000000000000071e+01 -1.000000000000000000e+00 -1.000000000000000000e+00 9.419999999999999929e+00 8.470000000000000639e+00 5.519999999999999574e+00
-1.000000000000000000e+00 7.549999999999999822e+00 6.440000000000000391e+00 3.560000000000000053e+00 -1.000000000000000000e+00 -1.000000000000000000e+00 -1.000000000000000000e+00 9.390000000000000568e+00 8.500000000000000000e+00 5.599999999999999645e+00
-1.000000000000000000e+00 7.639999999999999680e+00 6.490000000000000213e+00 3.589999999999999858e+00 1.338000000000000078e+01 -1.000000000000000000e+00 -1.000000000000000000e+00 9.419999999999999929e+00 8.550000000000000711e+00 5.839999999999999858e+00
-1.000000000000000000e+00 7.639999999999999680e+00 6.480000000000000426e+00 3.520000000000000018e+00 1.348000000000000043e+01 -1.000000000000000000e+00 -1.000000000000000000e+00 9.380000000000000782e+00 8.550000000000000711e+00 5.799999999999999822e+00
-1.000000000000000000e+00 7.570000000000000284e+00 6.480000000000000426e+00 3.520000000000000018e+00 1.433000000000000007e+01 -1.000000000000000000e+00 -1.000000000000000000e+00 9.419999999999999929e+00 8.560000000000000497e+00 5.870000000000000107e+00
-1.000000000000000000e+00 7.629999999999999893e+00 6.440000000000000391e+00 3.509999999999999787e+00 1.340000000000000036e+01 -1.000000000000000000e+00 -1.000000000000000000e+00 9.410000000000000142e+00 8.570000000000000284e+00 5.860000000000000320e+00
-1.000000000000000000e+00 7.570000000000000284e+00 6.490000000000000213e+00 3.470000000000000195e+00 -1.000000000000000000e+00 -1.000000000000000000e+00 -1.000000000000000000e+00 9.390000000000000568e+00 8.539999999999999147e+00 5.860000000000000320e+00
-1.000000000000000000e+00 7.650000000000000355e+00 6.490000000000000213e+00 3.490000000000000213e+00 1.335999999999999943e+01 -1.000000000000000000e+00 -1.000000000000000000e+00 9.429999999999999716e+00 8.529999999999999361e+00 5.519999999999999574e+00
-1.000000000000000000e+00 7.620000000000000107e+00 6.549999999999999822e+00 3.450000000000000178e+00 1.352999999999999936e+01 -1.000000000000000000e+00 -1.000000000000000000e+00 9.410000000000000142e+00 8.509999999999999787e+00 5.820000000000000284e+00
-1.000000000000000000e+00 7.540000000000000036e+00 6.500000000000000000e+00 3.540000000000000036e+00 -1.000000000000000000e+00 -1.000000000000000000e+00 -1.000000000000000000e+00 9.410000000000000142e+00 8.570000000000000284e+00 5.740000000000000213e+00
-1.000000000000000000e+00 7.589999999999999858e+00 6.480000000000000426e+00 3.450000000000000178e+00 1.433999999999999986e+01 -1.000000000000000000e+00 -1.000000000000000000e+00 9.419999999999999929e+00 8.560000000000000497e+00 5.740000000000000213e+00
-1.000000000000000000e+00 7.509999999999999787e+00 6.459999999999999964e+00 3.529999999999999805e+00 1.517999999999999972e+01 -1.000000000000000000e+00 -1.000000000000000000e+00 9.509999999999999787e+00 8.550000000000000711e+00 5.780000000000000249e+00
-1.000000000000000000e+00 7.589999999999999858e+00 6.480000000000000426e+00 3.549999999999999822e+00 1.432000000000000028e+01 -1.000000000000000000e+00 -1.000000000000000000e+00 9.429999999999999716e+00 8.580000000000000071e+00 5.799999999999999822e+00
-1.000000000000000000e+00 7.570000000000000284e+00 6.429999999999999716e+00 3.549999999999999822e+00 -1.000000000000000000e+00 -1.000000000000000000e+00 -1.000000000000000000e+00 9.480000000000000426e+00 8.529999999999999361e+00 5.830000000000000071e+00
-1.000000000000000000e+00 7.570000000000000284e+00 6.440000000000000391e+00 3.540000000000000036e+00 1.441999999999999993e+01 -1.000000000000000000e+00 -1.000000000000000000e+00 9.429999999999999716e+00 8.609999999999999432e+00 5.820000000000000284e+00
-1.000000000000000000e+00 7.629999999999999893e+00 6.519999999999999574e+00 3.549999999999999822e+00 -1.000000000000000000e+00 -1.000000000000000000e+00 -1.000000000000000000e+00 9.410000000000000142e+00 8.539999999999999147e+00 5.780000000000000249e+00
-1.000000000000000000e+00 7.650000000000000355e+00 6.480000000000000426e+00 3.430000000000000160e+00 1.430000000000000071e+01 -1.000000000000000000e+00 -1.000000000000000000e+00 9.480000000000000426e+00 8.500000000000000000e+00 5.740000000000000213e+00
-1.000000000000000000e+00 7.639999999999999680e+00 6.549999999999999822e+00 3.549999999999999822e+00 -1.000000000000000000e+00 -1.000000000000000000e+00 -1.000000000000000000e+00 9.410000000000000142e+00 8.560000000000000497e+00 5.809999999999999609e+00
-1.000000000000000000e+00 7.629999999999999893e+00 6.509999999999999787e+00 3.479999999999999982e+00 -1.000000000000000000e+00 -1.000000000000000000e+00 -1.000000000000000000e+00 9.400000000000000355e+00 8.529999999999999361e+00 5.809999999999999609e+00
-1.000000000000000000e+00 7.559999999999999609e+00 6.480000000000000426e+00 3.549999999999999822e+00 -1.000000000000000000e+00 -1.000000000000000000e+00 -1.000000000000000000e+00 9.359999999999999432e+00 8.550000000000000711e+00 5.719999999999999751e+00
-1.000000000000000000e+00 7.629999999999999893e+00 6.450000000000000178e+00 3.430000000000000160e+00 -1.000000000000000000e+00 -1.000000000000000000e+00 -1.000000000000000000e+00 9.509999999999999787e+00 8.529999999999999361e+00 5.740000000000000213e+00
-1.000000000000000000e+00 7.570000000000000284e+00 6.459999999999999964e+00 3.560000000000000053e+00 1.340000000000000036e+01 -1.000000000000000000e+00 -1.000000000000000000e+00 9.410000000000000142e+00 8.550000000000000711e+00 5.809999999999999609e+00
-1.000000000000000000e+00 7.549999999999999822e+00 6.450000000000000178e+00 3.549999999999999822e+00 -1.000000000000000000e+00 -1.000000000000000000e+00 -1.000000000000000000e+00 9.369999999999999218e+00 8.570000000000000284e+00 5.570000000000000284e+00
-1.000000000000000000e+00 7.610000000000000320e+00 6.459999999999999964e+00 3.520000000000000018e+00 1.349000000000000021e+01 -1.000000000000000000e+00 -1.000000000000000000e+00 9.439999999999999503e+00 8.570000000000000284e+00 5.580000000000000071e+00
-1.000000000000000000e+00 7.589999999999999858e+00 6.500000000000000000e+00 3.560000000000000053e+00 -1.000000000000000000e+00 -1.000000000000000000e+00 -1.000000000000000000e+00 9.380000000000000782e+00 8.500000000000000000e+00 5.740000000000000213e+00
-1.000000000000000000e+00 7.610000000000000320e+00 6.459999999999999964e+00 3.490000000000000213e+00 1.350000000000000000e+01 -1.000000000000000000e+00 -1.000000000000000000e+00 9.429999999999999716e+00 8.550000000000000711e+00 5.750000000000000000e+00
-1.000000000000000000e+00 7.549999999999999822e+00 6.519999999999999574e+00 3.540000000000000036e+00 1.346000000000000085e+01 -1.000000000000000000e+00 -1.000000000000000000e+00 9.369999999999999218e+00 8.550000000000000711e+00 5.790000000000000036e+00
-1.000000000000000000e+00 7.589999999999999858e+00 6.450000000000000178e+00 3.569999999999999840e+00 1.343999999999999950e+01 -1.000000000000000000e+00 -1.000000000000000000e+00 9.380000000000000782e+00 8.589999999999999858e+00 5.879999999999999893e+00
-1.000000000000000000e+00 7.559999999999999609e+00 6.469999999999999751e+00 3.459999999999999964e+00 1.416000000000000014e+01 -1.000000000000000000e+00 -1.000000000000000000e+00 9.359999999999999432e+00 8.560000000000000497e+00 5.809999999999999609e+00
-1.000000000000000000e+00 7.639999999999999680e+00 6.500000000000000000e+00 3.500000000000000000e+00 1.431000000000000050e+01 -1.000000000000000000e+00 -1.000000000000000000e+00 9.470000000000000639e+00 8.519999999999999574e+00 5.540000000000000036e+00
-1.000000000000000000e+00 7.610000000000000320e+00 6.459999999999999964e+00 3.529999999999999805e+00 1.426999999999999957e+01 -1.000000000000000000e+00 -1.000000000000000000e+00 9.429999999999999716e+00 8.529999999999999361e+00 5.540000000000000036e+00
-1.000000000000000000e+00 7.509999999999999787e+00 6.469999999999999751e+00 3.560000000000000053e+00 1.350999999999999979e+01 -1.000000000000000000e+00 -1.000000000000000000e+00 9.449999999999999289e+00 8.550000000000000711e+00 5.769999999999999574e+00
-1.000000000000000000e+00 7.589999999999999858e+00 6.509999999999999787e+00 3.520000000000000018e+00 1.431000000000000050e+01 -1.000000000000000000e+00 -1.000000000000000000e+00 9.410000000000000142e+00 8.550000000000000711e+00 5.799999999999999822e+00
-1.000000000000000000e+00 7.599999999999999645e+00 6.509999999999999787e+00 3.549999999999999822e+00 1.341999999999999993e+01 -1.000000000000000000e+00 -1.000000000000000000e+00 9.390000000000000568e+00 8.500000000000000000e+00 5.790000000000000036e+00
-1.000000000000000000e+00 7.549999999999999822e+00 6.500000000000000000e+00 3.560000000000000053e+00 1.350000000000000000e+01 -1.000000000000000000e+00 -1.000000000000000000e+00 9.460000000000000853e+00 8.539999999999999147e+00 5.900000000000000355e+00
