-1.000000000000000000e+00 -1.000000000000000000e+00 -1.000000000000000000e+00 -1.000000000000000000e+00 -1.000000000000000000e+00 -1.000000000000000000e+00 -1.000000000000000000e+00 -1.000000000000000000e+00 -1.000000000000000000e+00 -1.000000000000000000e+00
8.859999999999999432e+00 3.629999999999999893e+00 -1.000000000000000000e+00 4.269999999999999574e+00 9.640000000000000568e+00 1.425000000000000000e+01 1.257000000000000028e+01 -1.000000000000000000e+00 -1.000000000000000000e+00 1.494999999999999929e+01
8.839999999999999858e+00 3.609999999999999876e+00 -1.000000000000000000e+00 4.309999999999999609e+00 9.650000000000000355e+00 1.421000000000000085e+01 1.252999999999999936e+01 -1.000000000000000000e+00 1.687000000000000099e+01 1.501999999999999957e+01
8.869999999999999218e+00 3.620000000000000107e+00 -1.000000000000000000e+00 4.250000000000000000e+00 9.599999999999999645e+00 1.418999999999999950e+01 1.250999999999999979e+01 -1.000000000000000000e+00 1.689000000000000057e+01 1.500999999999999979e+01
8.900000000000000355e+00 3.589999999999999858e+00 -1.000000000000000000e+00 4.240000000000000213e+00 9.650000000000000355e+00 1.428999999999999915e+01 1.256000000000000050e+01 -1.000000000000000000e+00 -1.000000000000000000e+00 1.501999999999999957e+01
8.859999999999999432e+00 3.620000000000000107e+00 -1.000000000000000000e+00 4.290000000000000036e+00 9.619999999999999218e+00 1.428999999999999915e+01 1.252999999999999936e+01 -1.000000000000000000e+00 1.692000000000000171e+01 1.500000000000000000e+01
8.849999999999999645e+00 3.649999999999999911e+00 -1.000000000000000000e+00 4.250000000000000000e+00 9.669999999999999929e+00 1.426999999999999957e+01 1.251999999999999957e+01 -1.000000000000000000e+00 1.691000000000000014e+01 1.497000000000000064e+01
8.820000000000000284e+00 3.640000000000000124e+00 -1.000000000000000000e+00 4.240000000000000213e+00 9.630000000000000782e+00 1.415000000000000036e+01 1.251999999999999957e+01 -1.000000000000000000e+00 1.685000000000000142e+01 1.498000000000000043e+01
8.830000000000000071e+00 3.649999999999999911e+00 -1.000000000000000000e+00 4.269999999999999574e+00 9.630000000000000782e+00 1.428999999999999915e+01 1.250000000000000000e+01 -1.000000000000000000e+00 1.687999999999999901e+01 1.496000000000000085e+01
8.820000000000000284e+00 3.629999999999999893e+00 -1.000000000000000000e+00 4.259999999999999787e+00 9.669999999999999929e+00 1.427999999999999936e+01 1.258000000000000007e+01 -1.000000000000000000e+00 1.678000000000000114e+01 1.502999999999999936e+01
8.849999999999999645e+00 3.560000000000000053e+00 -1.000000000000000000e+00 4.259999999999999787e+00 9.599999999999999645e+00 1.427999999999999936e+01 1.258000000000000007e+01 -1.000000000000000000e+00 1.689999999999999858e+01 1.502999999999999936e+01
8.880000000000000782e+00 3.560000000000000053e+00 -1.000000000000000000e+00 4.250000000000000000e+00 9.589999999999999858e+00 1.430000000000000071e+01 1.253999999999999915e+01 -1.000000000000000000e+00 1.675000000000000000e+01 1.500999999999999979e+01
8.830000000000000071e+00 3.569999999999999840e+00 -1.000000000000000000e+00 4.219999999999999751e+00 9.599999999999999645e+00 1.426999999999999957e+01 1.251999999999999957e+01 -1.000000000000000000e+00 1.682000000000000028e+01 1.500999999999999979e+01
8.750000000000000000e+00 3.640000000000000124e+00 -1.000000000000000000e+00 4.299999999999999822e+00 9.650000000000000355e+00 1.427999999999999936e+01 1.248000000000000043e+01 -1.000000000000000000e+00 -1.000000000000000000e+00 1.501999999999999957e+01
8.880000000000000782e+00 3.569999999999999840e+00 -1.000000000000000000e+00 4.240000000000000213e+00 9.589999999999999858e+00 1.426999999999999957e+01 1.256000000000000050e+01 -1.000000000000000000e+00 1.682999999999999829e+01 1.497000000000000064e+01
8.839999999999999858e+00 3.589999999999999858e+00 -1.000000000000000000e+00 4.240000000000000213e+00 9.630000000000000782e+00 1.425000000000000000e+01 1.256000000000000050e+01 -1.000000000000000000e+00 -1.000000000000000000e+00 1.501999999999999957e+01
8.820000000000000284e+00 3.589999999999999858e+00 -1.000000000000000000e+00 4.219999999999999751e+00 9.679999999999999716e+00 1.423000000000000043e+01 1.258000000000000007e+01 -1.000000000000000000e+00 -1.000000000000000000e+00 1.494999999999999929e+01
8.890000000000000568e+00 3.600000000000000089e+00 -1.000000000000000000e+00 4.240000000000000213e+00 9.689999999999999503e+00 1.422000000000000064e+01 1.253999999999999915e+01 -1.000000000000000000e+00 1.689000000000000057e+01 1.492999999999999972e+01
8.810000000000000497e+00 3.620000000000000107e+00 -1.000000000000000000e+00 4.250000000000000000e+00 9.640000000000000568e+00 1.423000000000000043e+01 1.251999999999999957e+01 -1.000000000000000000e+00 1.683999999999999986e+01 1.500000000000000000e+01
8.880000000000000782e+00 3.549999999999999822e+00 -1.000000000000000000e+00 4.209999999999999964e+00 9.650000000000000355e+00 1.421000000000000085e+01 1.252999999999999936e+01 -1.000000000000000000e+00 -1.000000000000000000e+00 1.494999999999999929e+01
8.810000000000000497e+00 3.580000000000000071e+00 -1.000000000000000000e+00 4.290000000000000036e+00 9.679999999999999716e+00 1.427999999999999936e+01 1.251999999999999957e+01 -1.000000000000000000e+00 1.685999999999999943e+01 1.499000000000000021e+01
8.869999999999999218e+00 3.600000000000000089e+00 -1.000000000000000000e+00 4.240000000000000213e+00 9.669999999999999929e+00 1.425000000000000000e+01 1.255000000000000071e+01 -1.000000000000000000e+00 -1.000000000000000000e+00 1.502999999999999936e+01
8.880000000000000782e+00 3.560000000000000053e+00 -1.000000000000000000e+00 4.230000000000000426e+00 9.679999999999999716e+00 1.422000000000000064e+01 1.249000000000000021e+01 -1.000000000000000000e+00 1.682999999999999829e+01 1.497000000000000064e+01
8.929999999999999716e+00 3.589999999999999858e+00 -1.000000000000000000e+00 4.259999999999999787e+00 9.640000000000000568e+00 1.427999999999999936e+01 1.253999999999999915e+01 -1.000000000000000000e+00 1.678000000000000114e+01 1.503999999999999915e+01
8.890000000000000568e+00 3.640000000000000124e+00 -1.000000000000000000e+00 4.250000000000000000e+00 9.630000000000000782e+00 1.426999999999999957e+01 1.256000000000000050e+01 -1.000000000000000000e+00 -1.000000000000000000e+00 1.500000000000000000e+01
8.859999999999999432e+00 3.569999999999999840e+00 -1.000000000000000000e+00 4.209999999999999964e+00 9.619999999999999218e+00 1.440000000000000036e+01 1.250999999999999979e+01 -1.000000000000000000e+00 -1.000000000000000000e+00 1.499000000000000021e+01
8.859999999999999432e+00 3.620000000000000107e+00 -1.000000000000000000e+00 4.269999999999999574e+00 9.599999999999999645e+00 1.419999999999999929e+01 1.251999999999999957e+01 -1.000000000000000000e+00 -1.000000000000000000e+00 1.501999999999999957e+01
8.900000000000000355e+00 3.589999999999999858e+00 -1.000000000000000000e+00 4.219999999999999751e+00 9.609999999999999432e+00 1.428999999999999915e+01 1.253999999999999915e+01 -1.000000000000000000e+00 1.687999999999999901e+01 1.499000000000000021e+01
8.890000000000000568e+00 3.589999999999999858e+00 -1.000000000000000000e+00 4.240000000000000213e+00 9.660000000000000142e+00 1.428999999999999915e+01 1.251999999999999957e+01 -1.000000000000000000e+00 1.682999999999999829e+01 1.497000000000000064e+01
8.839999999999999858e+00 3.609999999999999876e+00 -1.000000000000000000e+00 4.299999999999999822e+00 9.650000000000000355e+00 1.425000000000000000e+01 1.248000000000000043e+01 -1.000000000000000000e+00 -1.000000000000000000e+00 1.500999999999999979e+01
8.880000000000000782e+00 3.620000000000000107e+00 -1.000000000000000000e+00 4.269999999999999574e+00 9.660000000000000142e+00 1.427999999999999936e+01 1.249000000000000021e+01 -1.000000000000000000e+00 1.682999999999999829e+01 1.492999999999999972e+01
8.839999999999999858e+00 3.580000000000000071e+00 -1.000000000000000000e+00 4.250000000000000000e+00 9.640000000000000568e+00 1.426999999999999957e+01 1.252999999999999936e+01 -1.000000000000000000e+00 1.678999999999999915e+01 1.500999999999999979e+01
8.890000000000000568e+00 3.629999999999999893e+00 -1.000000000000000000e+00 4.250000000000000000e+00 9.650000000000000355e+00 1.427999999999999936e+01 1.253999999999999915e+01 -1.000000000000000000e+00 1.676000000000000156e+01 1.502999999999999936e+01
8.919999999999999929e+00 3.589999999999999858e+00 -1.000000000000000000e+00 4.269999999999999574e+00 9.669999999999999929e+00 1.430000000000000071e+01 1.253999999999999915e+01 -1.000000000000000000e+00 -1.000000000000000000e+00 1.498000000000000043e+01
8.849999999999999645e+00 3.589999999999999858e+00 -1.000000000000000000e+00 4.259999999999999787e+00 9.589999999999999858e+00 1.424000000000000021e+01 1.253999999999999915e+01 -1.000000000000000000e+00 1.682999999999999829e+01 1.496000000000000085e+01
8.849999999999999645e+00 3.569999999999999840e+00 -1.000000000000000000e+00 4.280000000000000249e+00 9.669999999999999929e+00 1.423000000000000043e+01 1.251999999999999957e+01 -1.000000000000000000e+00 -1.000000000000000000e+00 1.500999999999999979e+01
8.929999999999999716e+00 3.600000000000000089e+00 -1.000000000000000000e+00 4.259999999999999787e+00 9.679999999999999716e+00 1.425999999999999979e+01 1.251999999999999957e+01 -1.000000000000000000e+00 1.673000000000000043e+01 1.501999999999999957e+01
8.800000000000000711e+00 3.580000000000000071e+00 -1.000000000000000000e+00 4.259999999999999787e+00 9.609999999999999432e+00 1.425000000000000000e+01 1.258000000000000007e+01 -1.000000000000000000e+00 1.680000000000000071e+01 1.496000000000000085e+01
8.859999999999999432e+00 3.600000000000000089e+00 -1.000000000000000000e+00 4.280000000000000249e+00 9.609999999999999432e+00 1.427999999999999936e+01 1.255000000000000071e+01 -1.000000000000000000e+00 -1.000000000000000000e+00 1.494999999999999929e+01
8.910000000000000142e+00 3.580000000000000071e+00 -1.000000000000000000e+00 4.259999999999999787e+00 9.650000000000000355e+00 1.419999999999999929e+01 1.257000000000000028e+01 -1.000000000000000000e+00 1.687000000000000099e+01 1.498000000000000043e+01
8.900000000000000355e+00 3.560000000000000053e+00 -1.000000000000000000e+00 4.250000000000000000e+00 9.599999999999999645e+00 1.428999999999999915e+01 1.251999999999999957e+01 -1.000000000000000000e+00 1.689000000000000057e+01 1.492999999999999972e+01
8.769999999999999574e+00 3.569999999999999840e+00 -1.000000000000000000e+00 4.230000000000000426e+00 9.679999999999999716e+00 1.430000000000000071e+01 1.250999999999999979e+01 -1.000000000000000000e+00 1.685999999999999943e+01 1.494999999999999929e+01
8.820000000000000284e+00 3.669999999999999929e+00 -1.000000000000000000e+00 4.240000000000000213e+00 9.630000000000000782e+00 1.419999999999999929e+01 1.256000000000000050e+01 -1.000000000000000000e+00 1.694000000000000128e+01 1.498000000000000043e+01
8.839999999999999858e+00 3.549999999999999822e+00 -1.000000000000000000e+00 4.280000000000000249e+00 9.630000000000000782e+00 1.426999999999999957e+01 1.250999999999999979e+01 -1.000000000000000000e+00 -1.000000000000000000e+00 1.497000000000000064e+01
8.820000000000000284e+00 3.560000000000000053e+00 -1.000000000000000000e+00 4.219999999999999751e+00 9.669999999999999929e+00 1.432000000000000028e+01 1.258999999999999986e+01 -1.000000000000000000e+00 -1.000000000000000000e+00 1.491999999999999993e+01
8.820000000000000284e+00 3.560000000000000053e+00 -1.000000000000000000e+00 4.259999999999999787e+00 9.580000000000000071e+00 1.424000000000000021e+01 1.253999999999999915e+01 -1.000000000000000000e+00 1.689000000000000057e+01 1.494999999999999929e+01
8.830000000000000071e+00 3.540000000000000036e+00 -1.000000000000000000e+00 4.280000000000000249e+00 9.599999999999999645e+00 1.427999999999999936e+01 1.250999999999999979e+01 -1.000000000000000000e+00 -1.000000000000000000e+00 1.499000000000000021e+01
8.810000000000000497e+00 3.529999999999999805e+00 -1.000000000000000000e+00 4.240000000000000213e+00 9.589999999999999858e+00 1.419999999999999929e+01 1.255000000000000071e+01 -1.000000000000000000e+00 -1.000000000000000000e+00 1.498000000000000043e+01
8.880000000000000782e+00 3.589999999999999858e+00 -1.000000000000000000e+00 4.209999999999999964e+00 9.679999999999999716e+00 1.425000000000000000e+01 1.257000000000000028e+01 -1.000000000000000000e+00 1.682000000000000028e+01 1.499000000000000021e+01
8.900000000000000355e+00 3.609999999999999876e+00 -1.000000000000000000e+00 4.240000000000000213e+00 9.669999999999999929e+00 1.426999999999999957e+01 1.255000000000000071e+01 -1.000000000000000000e+00 -1.000000000000000000e+00 1.500999999999999979e+01
8.820000000000000284e+00 3.580000000000000071e+00 -1.000000000000000000e+00 4.250000000000000000e+00 9.599999999999999645e+00 1.421000000000000085e+01 1.257000000000000028e+01 -1.000000000000000000e+00 1.682000000000000028e+01 1.491999999999999993e+01
8.800000000000000711e+00 3.580000000000000071e+00 -1.000000000000000000e+00 4.269999999999999574e+00 9.599999999999999645e+00 1.425000000000000000e+01 1.250999999999999979e+01 -1.000000000000000000e+00 1.680000000000000071e+01 1.497000000000000064e+01
8.849999999999999645e+00 3.580000000000000071e+00 -1.000000000000000000e+00 4.240000000000000213e+00 9.619999999999999218e+00 1.426999999999999957e+01 1.252999999999999936e+01 -1.000000000000000000e+00 1.692999999999999972e+01 1.501999999999999957e+01
8.849999999999999645e+00 3.620000000000000107e+00 -1.000000000000000000e+00 4.259999999999999787e+00 9.599999999999999645e+00 1.433999999999999986e+01 1.252999999999999936e+01 -1.000000000000000000e+00 -1.000000000000000000e+00 1.500000000000000000e+01
8.849999999999999645e+00 3.609999999999999876e+00 -1.000000000000000000e+00 4.230000000000000426e+00 9.669999999999999929e+00 1.428999999999999915e+01 1.257000000000000028e+01 -1.000000000000000000e+00 1.682000000000000028e+01 1.502999999999999936e+01
8.789999999999999147e+00 3.549999999999999822e+00 -1.000000000000000000e+00 4.309999999999999609e+00 9.589999999999999858e+00 1.421000000000000085e+01 1.250999999999999979e+01 -1.000000000000000000e+00 -1.000000000000000000e+00 1.491999999999999993e+01
8.890000000000000568e+00 3.629999999999999893e+00 -1.000000000000000000e+00 4.250000000000000000e+00 9.660000000000000142e+00 1.415000000000000036e+01 1.257000000000000028e+01 -1.000000000000000000e+00 1.683999999999999986e+01 1.502999999999999936e+01
8.800000000000000711e+00 3.569999999999999840e+00 -1.000000000000000000e+00 4.259999999999999787e+00 9.619999999999999218e+00 1.421000000000000085e+01 1.255000000000000071e+01 -1.000000000000000000e+00 -1.000000000000000000e+00 1.499000000000000021e+01
8.800000000000000711e+00 3.560000000000000053e+00 -1.000000000000000000e+00 4.219999999999999751e+00 9.630000000000000782e+00 1.426999999999999957e+01 1.256000000000000050e+01 -1.000000000000000000e+00 -1.000000000000000000e+00 1.502999999999999936e+01
8.800000000000000711e+00 3.609999999999999876e+00 -1.000000000000000000e+00 4.230000000000000426e+00 9.580000000000000071e+00 1.425000000000000000e+01 1.257000000000000028e+01 -1.000000000000000000e+00 1.696999999999999886e+01 1.499000000000000021e+01
8.820000000000000284e+00 3.600000000000000089e+00 -1.000000000000000000e+00 4.230000000000000426e+00 9.640000000000000568e+00 1.427999999999999936e+01 1.253999999999999915e+01 -1.000000000000000000e+00 1.680999999999999872e+01 1.496000000000000085e+01
8.880000000000000782e+00 3.540000000000000036e+00 -1.000000000000000000e+00 4.240000000000000213e+00 9.630000000000000782e+00 1.426999999999999957e+01 1.255000000000000071e+01 -1.000000000000000000e+00 1.689000000000000057e+01 1.500000000000000000e+01
8.900000000000000355e+00 3.560000000000000053e+00 -1.000000000000000000e+00 4.259999999999999787e+00 9.630000000000000782e+00 1.422000000000000064e+01 1.258999999999999986e+01 -1.000000000000000000e+00 1.685000000000000142e+01 1.498000000000000043e+01
8.859999999999999432e+00 3.580000000000000071e+00 -1.000000000000000000e+00 4.269999999999999574e+00 9.640000000000000568e+00 1.425999999999999979e+01 1.256000000000000050e+01 -1.000000000000000000e+00 -1.000000000000000000e+00 1.499000000000000021e+01
8.820000000000000284e+00 3.589999999999999858e+00 -1.000000000000000000e+00 4.250000000000000000e+00 9.650000000000000355e+00 1.427999999999999936e+01 1.252999999999999936e+01 -1.000000000000000000e+00 -1.000000000000000000e+00 1.499000000000000021e+01
8.839999999999999858e+00 3.580000000000000071e+00 -1.000000000000000000e+00 4.269999999999999574e+00 9.619999999999999218e+00 1.425999999999999979e+01 1.252999999999999936e+01 -1.000000000000000000e+00 -1.000000000000000000e+00 1.491999999999999993e+01
8.839999999999999858e+00 3.549999999999999822e+00 -1.000000000000000000e+00 4.250000000000000000e+00 9.599999999999999645e+00 1.432000000000000028e+01 1.255000000000000071e+01 -1.000000000000000000e+00 1.678000000000000114e+01 1.497000000000000064e+01
8.849999999999999645e+00 3.629999999999999893e+00 -1.000000000000000000e+00 4.269999999999999574e+00 9.640000000000000568e+00 1.418999999999999950e+01 1.253999999999999915e+01 -1.000000000000000000e+00 -1.000000000000000000e+00 1.503999999999999915e+01
8.939999999999999503e+00 3.640000000000000124e+00 -1.000000000000000000e+00 4.250000000000000000e+00 9.679999999999999716e+00 1.433000000000000007e+01 1.255000000000000071e+01 -1.000000000000000000e+00 -1.000000000000000000e+00 1.496000000000000085e+01
8.830000000000000071e+00 3.600000000000000089e+00 -1.000000000000000000e+00 4.230000000000000426e+00 9.669999999999999929e+00 1.425000000000000000e+01 1.260999999999999943e+01 -1.000000000000000000e+00 1.687000000000000099e+01 1.496000000000000085e+01
8.789999999999999147e+00 3.600000000000000089e+00 -1.000000000000000000e+00 4.259999999999999787e+00 9.589999999999999858e+00 1.428999999999999915e+01 1.258999999999999986e+01 -1.000000000000000000e+00 1.682000000000000028e+01 1.494999999999999929e+01
8.849999999999999645e+00 3.580000000000000071e+00 -1.000000000000000000e+00 4.219999999999999751e+00 9.660000000000000142e+00 1.423000000000000043e+01 1.251999999999999957e+01 -1.000000000000000000e+00 -1.000000000000000000e+00 1.500000000000000000e+01
8.839999999999999858e+00 3.529999999999999805e+00 -1.000000000000000000e+00 4.259999999999999787e+00 9.570000000000000284e+00 1.423000000000000043e+01 1.251999999999999957e+01 -1.000000000000000000e+00 1.682000000000000028e+01 1.496000000000000085e+01
8.859999999999999432e+00 3.589999999999999858e+00 -1.000000000000000000e+00 4.230000000000000426e+00 9.619999999999999218e+00 1.424000000000000021e+01 1.248000000000000043e+01 -1.000000000000000000e+00 1.682000000000000028e+01 1.491999999999999993e+01
8.859999999999999432e+00 3.540000000000000036e+00 -1.000000000000000000e+00 4.230000000000000426e+00 9.669999999999999929e+00 1.430000000000000071e+01 1.255000000000000071e+01 -1.000000000000000000e+00 -1.000000000000000000e+00 1.501999999999999957e+01
8.830000000000000071e+00 3.640000000000000124e+00 -1.000000000000000000e+00 4.250000000000000000e+00 9.550000000000000711e+00 1.425999999999999979e+01 1.253999999999999915e+01 -1.000000000000000000e+00 1.683999999999999986e+01 1.498000000000000043e+01
8.839999999999999858e+00 3.580000000000000071e+00 -1.000000000000000000e+00 4.259999999999999787e+00 9.730000000000000426e+00 1.425000000000000000e+01 1.256000000000000050e+01 -1.000000000000000000e+00 -1.000000000000000000e+00 1.496000000000000085e+01
8.859999999999999432e+00 3.589999999999999858e+00 -1.000000000000000000e+00 4.259999999999999787e+00 9.660000000000000142e+00 1.426999999999999957e+01 1.251999999999999957e+01 -1.000000000000000000e+00 -1.000000000000000000e+00 1.494999999999999929e+01
8.849999999999999645e+00 3.580000000000000071e+00 -1.000000000000000000e+00 4.230000000000000426e+00 9.650000000000000355e+00 1.417999999999999972e+01 1.250999999999999979e+01 -1.000000000000000000e+00 1.685999999999999943e+01 1.494999999999999929e+01
8.859999999999999432e+00 3.589999999999999858e+00 -1.000000000000000000e+00 4.250000000000000000e+00 9.539999999999999147e+00 1.430000000000000071e+01 1.256000000000000050e+01 -1.000000000000000000e+00 1.680999999999999872e+01 1.498000000000000043e+01
8.900000000000000355e+00 3.609999999999999876e+00 -1.000000000000000000e+00 4.259999999999999787e+00 9.650000000000000355e+00 1.419999999999999929e+01 1.252999999999999936e+01 -1.000000000000000000e+00 1.694000000000000128e+01 1.493999999999999950e+01
8.900000000000000355e+00 3.520000000000000018e+00 -1.000000000000000000e+00 4.269999999999999574e+00 9.580000000000000071e+00 1.426999999999999957e+01 1.249000000000000021e+01 -1.000000000000000000e+00 1.685000000000000142e+01 1.501999999999999957e+01
8.830000000000000071e+00 3.600000000000000089e+00 -1.000000000000000000e+00 4.219999999999999751e+00 9.599999999999999645e+00 1.426999999999999957e+01 1.252999999999999936e+01 -1.000000000000000000e+00 1.692000000000000171e+01 1.493999999999999950e+01
8.910000000000000142e+00 3.569999999999999840e+00 -1.000000000000000000e+00 4.240000000000000213e+00 9.599999999999999645e+00 1.433000000000000007e+01 1.259999999999999964e+01 -1.000000000000000000e+00 1.689000000000000057e+01 1.500999999999999979e+01
8.880000000000000782e+00 3.660000000000000142e+00 -1.000000000000000000e+00 4.230000000000000426e+00 9.660000000000000142e+00 1.428999999999999915e+01 1.250000000000000000e+01 -1.000000000000000000e+00 1.687000000000000099e+01 1.500000000000000000e+01
8.859999999999999432e+00 3.560000000000000053e+00 -1.000000000000000000e+00 4.250000000000000000e+00 9.609999999999999432e+00 1.431000000000000050e+01 1.253999999999999915e+01 -1.000000000000000000e+00 -1.000000000000000000e+00 1.496000000000000085e+01
8.900000000000000355e+00 3.589999999999999858e+00 -1.000000000000000000e+00 4.269999999999999574e+00 9.630000000000000782e+00 1.428999999999999915e+01 1.255000000000000071e+01 -1.000000000000000000e+00 -1.000000000000000000e+00 1.493999999999999950e+01
8.900000000000000355e+00 3.609999999999999876e+00 -1.000000000000000000e+00 4.259999999999999787e+00 9.619999999999999218e+00 1.428999999999999915e+01 1.250000000000000000e+01 -1.000000000000000000e+00 1.689999999999999858e+01 1.499000000000000021e+01
8.919999999999999929e+00 3.609999999999999876e+00 -1.000000000000000000e+00 4.250000000000000000e+00 9.599999999999999645e+00 1.422000000000000064e+01 1.251999999999999957e+01 -1.000000000000000000e+00 1.683999999999999986e+01 1.503999999999999915e+01
8.820000000000000284e+00 3.609999999999999876e+00 -1.000000000000000000e+00 4.250000000000000000e+00 9.640000000000000568e+00 1.430000000000000071e+01 1.252999999999999936e+01 -1.000000000000000000e+00 1.692000000000000171e+01 1.497000000000000064e+01
8.910000000000000142e+00 3.629999999999999893e+00 -1.000000000000000000e+00 4.259999999999999787e+00 9.669999999999999929e+00 1.424000000000000021e+01 1.250000000000000000e+01 -1.000000000000000000e+00 -1.000000000000000000e+00 1.496000000000000085e+01
8.910000000000000142e+00 3.589999999999999858e+00 -1.000000000000000000e+00 4.269999999999999574e+00 9.619999999999999218e+00 1.430000000000000071e+01 1.252999999999999936e+01 -1.000000000000000000e+00 1.683999999999999986e+01 1.499000000000000021e+01
8.810000000000000497e+00 3.609999999999999876e+00 -1.000000000000000000e+00 4.230000000000000426e+00 9.619999999999999218e+00 1.425999999999999979e+01 1.250000000000000000e+01 -1.000000000000000000e+00 1.680000000000000071e+01 1.500000000000000000e+01
8.820000000000000284e+00 3.560000000000000053e+00 -1.000000000000000000e+00 4.290000000000000036e+00 9.630000000000000782e+00 1.432000000000000028e+01 1.248000000000000043e+01 -1.000000000000000000e+00 1.680999999999999872e+01 1.499000000000000021e+01
8.810000000000000497e+00 3.580000000000000071e+00 -1.000000000000000000e+00 4.290000000000000036e+00 9.650000000000000355e+00 1.419999999999999929e+01 1.252999999999999936e+01 -1.000000000000000000e+00 1.687999999999999901e+01 1.498000000000000043e+01
8.849999999999999645e+00 3.580000000000000071e+00 -1.000000000000000000e+00 4.259999999999999787e+00 9.619999999999999218e+00 1.421000000000000085e+01 1.255000000000000071e+01 -1.000000000000000000e+00 1.682999999999999829e+01 1.500999999999999979e+01
8.839999999999999858e+00 3.580000000000000071e+00 -1.000000000000000000e+00 4.269999999999999574e+00 9.640000000000000568e+00 1.421000000000000085e+01 1.251999999999999957e+01 -1.000000000000000000e+00 1.678999999999999915e+01 1.497000000000000064e+01
8.869999999999999218e+00 3.620000000000000107e+00 -1.000000000000000000e+00 4.280000000000000249e+00 9.689999999999999503e+00 1.425000000000000000e+01 -1.000000000000000000e+00 -1.000000000000000000e+00 1.691000000000000014e+01 1.496000000000000085e+01
8.900000000000000355e+00 3.589999999999999858e+00 -1.000000000000000000e+00 4.339999999999999858e+00 9.660000000000000142e+00 -1.000000000000000000e+00 1.253999999999999915e+01 8.699999999999999289e+00 1.685000000000000142e+01 1.500000000000000000e+01
8.890000000000000568e+00 3.569999999999999840e+00 -1.000000000000000000e+00 4.339999999999999858e+00 9.650000000000000355e+00 -1.000000000000000000e+00 1.242999999999999972e+01 8.699999999999999289e+00 -1.000000000000000000e+00 1.493999999999999950e+01
